"";"1";"2";"3";"4";"5";"6";"7";"8";"9";"10";"11";"12";"13";"14";"15";"16";"17";"18";"19";"20";"21";"22";"23";"24";"25";"26";"27";"28";"29";"30";"31";"32";"33";"34";"35";"36";"37";"38";"39";"40";"41";"42";"43";"44";"45";"46";"47";"48";"49";"50";"51";"52";"53";"54";"55";"56";"57";"58";"59";"60";"61";"62";"63";"64";"65";"66";"67";"68";"69";"70";"71";"72";"73";"74";"75";"76";"77";"78";"79";"80";"81";"82";"83";"84";"85";"86";"87";"88";"89";"90";"91";"92";"93";"94";"95";"96";"97";"98";"99";"100";"101";"102";"103";"104";"105";"106";"107";"108";"109";"110";"111";"112";"113";"114";"115";"116";"117";"118";"119";"120";"121";"122";"123";"124";"125";"126";"127";"128";"129";"130";"131";"132";"133";"134";"135";"136";"137";"138";"139";"140";"141";"142";"143";"144";"145";"146";"147";"148";"149";"150";"151"
"1";0;0;0;0;0;0;0;0;0;0;0;0;-0,176693271074716;0;0,17379935696201;0,167106611834441;0;-0,181527272799293;0;0;0;0;0;0;0;0;0;0;0;0;0;0;0;0;0;0;0;0;0;0;-0,167727247872586;0;0;0;0;0;0;0;0;-0,16701645315407;0;0;0;0;0;0;0;0;0;0;0;0;0;0;0;0;0;0;0,18739050320457;0;0;0;0;0;0;0;0;0;0;0;0;0;0;0;0;0;0;0;0;0;0;0;0;-0,176166132478867;0;0;-0,173878797492063;0;0;0;0;0;0;0;0;0;0;0;0;0;0;0;0;0;0;0;0;0;0;-0,177164392225486;0;0;0;0;0;0;0;0,207939278727103;0;0;0;0;0;0;0,173753962744066;0;-0,174848337326835;0;0;0;0;0;0;0;0;0;0;0;0;0;0
"2";0;-0,145766143454239;0;0;0;0;0;0;0;0;0;0,196278741678193;0;0;0;0;0;0;0;0;0;0;0;0;-0,203471843807501;0;0;0;0;0;0;0;0;0;0;0;0;-0,190025678167187;0;0;0;0;0;0,191788863101572;0,200797656697271;0;0;0;0;0;0;-0,198745556462843;0;0;0;0;0;0;0;0;0,17862213021655;0;0;0;0;0;0;0;0;0;0;0;0;0;0;0,175037935397519;0;0;0;0;0;0;-0,18039598458731;-0,199049241386575;0;0;0;0;0;0;0;0;0;0;0;0;0;0;0;0;0;0;0;-0,209579520463598;0;0;0;0;0;0;0,195201153123903;0,187701647244621;0;0;0;0;0;0;0;0;0;0;0;0;0;0;0;0;0,179936465066969;0;0;0;0;0;0;0;0;0;0;0;0;0;0;0;0;0;-0,207995755405701;0;0;0;0
"3";0;0;0;0;0;0;0;0;0;0;0;0;0;0;0;0;-0,192646118715258;0;0;0,170728396852779;0;0;0,177691836315635;0;0;0;0;0;0;0;0;0;-0,177984198265699;0;0;0;0;0;0;0;0;0;0;0;0;0,174665385351635;0;0;0;0;0;0;0;0;0;0;0;0;0;0;0;0;0;0;0;0;0;-0,176701231327341;0;0;0;0;0;-0,178515472983144;0;0;0;0;0;0;0;0,191608429657508;0;-0,188225630917505;0;0;0;0;0;0;0;0,165764267948657;0;0;0;-0,182221079047666;0;0;0;0;0;0;0;0;0;0;0;0,195845316731267;0;0;0;0;0,178155701601966;0;0;0;0;0;0;0;0;0;0;0;0;0;0;0;0;0;0;0;0;0;0;0;0;0;0;0;0;0;0;0;0;0;0;0;0;0;0
"4";0;0;0;0;0,200234449763846;0;0;0;0;0;0;0;0;0;0;0;0;0;0;0;0;0;0;0;0,190483189352667;0;0;0;0;0;0;0;0;0;0;0;0;0;0;0;0;-0,167887859277924;0;0;0;0;0;0;0;0;0;0;-0,170735267222211;0,168660200140848;0;0;0;0;0,174685151347831;0;0;0;0;0;0;0;0;0;0;0;0;0;0;0;0;0;0;0;-0,183275049535859;0;0;0;0;0;0;0;0;0;0;0;0;0;0;0;0;0;0;0;0;0;0;0,178833412117317;0;0;0;0;0;0;0;0;0;0;0;0;0;0;0;0;0;0;0;0;0;0;0;0;0;0;0;0;0;0;0;0;-0,173099034574429;0;0;0;0;0;0;0;0;0;0,177344990346962;0;0;0;0;0,162930962087317;0
"5";0,147949085746397;0;0;0;0;0;0;0;0,216393874172246;0;-0,228594459900756;0;0;0;0;-0,198449137322544;0;0;0;0;-0,213155942543914;0;0;0,211366037955995;0;0;0;0;-0,224632027280829;0,213002677850077;0;-0,24045757070991;0;0;0;0;-0,207978428937999;0;0;0;0;0;0,216792569208599;0;0;0;0;-0,210456797009308;0;0;0;0,221791763999261;0;0;0;0;0;0;0;0;0;0;-0,201446365393829;0;0;0;0;0;0;0;0;0;0;0;0;0;0;0;0;0;0;0;0;-0,222130663726798;0;0,206263928679013;0;0;0;0;-0,22818997410334;0;0;0;0;0;0;0;0;0;0;0;0;0;0;-0,205263561335921;0;0;0;0,190044955793762;0;0;0;0,220870382758069;0;0;0;0;0;0;0;0;0;0;0;0,199664829274145;0;0;0;0;0;0,217097120191111;0;0;0;0;0;0;0;0;0;0;0;0;0;0;0;0;0;0;-0,227764513028444
"6";0;0;0;0;0;0;0;0;0,1956269999478;0;0;0;0;0;0;0;0;0;0;0;0;0;0;0;0;0;0;0;0;0;0;0;0;0;0;0;-0,188019167652648;0;0;0;0;0;0;0;0;0;0;0,190259691846834;-0,198061105527732;0;0;0;0;0;0;0;0;0;0;0;0;0,195214964203324;0;0;0;0,191525337487552;0;0;0;0;0;0;0;0;0;0;0;-0,191757448173211;0;0;0;0;0;0;0;0;0;0;0;0;0;0;0;0;0;0;0,186674949331227;0;0;0;0,207220486369427;0;0;0;0;0;0;0;0;0;0;0,189365083633646;0;0;0,185268748716763;0;0;0;0;0;0;0;0;0;0;0;0;0;0;0;0,183836655848402;0;0,204064914875632;0;0;0,22343968781642;0;0;0;0;0;0;0;-0,187956879616437;0;0;0;0;0;0;0
"7";0;0;0;0;0;0;0;0;0;0;0;0;0;0;0;0;0;0;0;0;0;0;0,16365913642322;0;0;0;0;0;0;0;0;0;0;0,159081265919731;0;0;0;0;0;0;0;0;0;0;0;0,160871690688708;0;0;0;0;0;0;0;0;0;0;0;0;0;0;0;0;-0,157218070863306;0;0;0;0;0;0;0;0;0;0;0;0;0;0;0;0;0;0;0;0;0;0;0;0;0;0;0;0;0;0;0;0;0;0;0;0;0;0;0;0;0;0;0;0;0;0;0;0;0;0;0;0;0;0;0,169060592883269;0;0;0;0;0;0;0;0;0;0;0;0;0;0;0;0;0;0;0;0;0;0;0;0;0;0;0;0;0;-0,172905194656759;0;0;0
"8";0;-0,210099904742549;0;0;0;0;0,195242498546051;0;0;0;0;0;0;0;0;0;0;0;0;0;0;0;0;0;0;0;0;0;0;0;0;0;0;0;0,175892212395943;0;0;0;0;0;0;0;-0,186571189387388;0;0;0;0;0;0;0;0;0;0;0;-0,202784477797825;0;0;0,170549715067684;0;0;0;0,185835833921222;0;0;0;0,182323475837498;0;0;0;0;0;0;0,191165154979579;-0,181303340332193;0;0;0;0;0;0;0,195565285507635;0;0;0;0;0,177510265420261;0;0;0,181970305037539;0;0;0;0;0;0;0;0;0;0;0;0;0;0;0;0;0;0;0;0;0;0;0;0;0;0;0;0,20348473658502;0;0;0;0;0;0;-0,178426488721166;0;0;0;0;-0,172809398992886;0;0;0;0;0;0;0;0;0,183620597857567;0;0;0;0;0;0;0;0;0;0,19066246437083;0;0;0
"9";0;0,200266983293499;0;0;0;0;0;0;0;-0,189142343449846;0;0;0;0;0;0;0;0;0;0;0;0;0,19011121516933;0;0;0;0;0;0;0;0;0;0;0;0;0;0;0;0;0;0;0;0;0;0;0;0;0;0;0;0;0;0;0;0;0;0;0;0;0;0;-0,195767133832444;0;0;0;0;0;0;-0,201750058139885;0,178907874190184;0;0;0;0;0;-0,177088630432688;0;0;-0,198065807631748;0;0;0;0;0;0;0;0;0;0;-0,209567303728188;0;0;0;0;-0,17569606844295;0;0;0;0;0;0;-0,193265718886778;0;0;0;0;0;0,209533493046171;-0,182728258130464;0;0;0;0;0;0;0,208676924991775;0;0;0;0;0;0;0;0;0;0;0;0;0;0;0;0;0;0;0;0,224071691669484;0;0;0;0;0;0;0;0;-0,191657177730802;0;0;0;0;0;0
"10";0;0;0;0;0;0,164427841071276;0;0;0;0;0;0;0;0;0;0;0;0,188426190491139;0;0;0;0;0;0;0;0;0,175721319103697;0;0;0;0;0;0;0;0;0;0;0;0;0;0,174101697617293;0;0;0;0,195862111046802;0;0;0;0;0;0;0;0;0;0;0;0;0;0;0;0;0;0;0;0;0;0;0;0;0;0;0;0;0;0;0;0;0;0;0;0;0;0;0;0;-0,180288111152659;0;0;0;0;-0,199452903270776;0;0;0;0;0;-0,180487035988442;0;0;0;0;0;0;0;0;0;0;0;0;0;0;0;0;-0,1930551035852;0;0;0,206669055000591;0;0;0;0;0;0;0;-0,190211024504913;0;0;0;0;0;0;0;0;0;0;-0,216033094534888;0;0;0;0;0;0;0;0;0;0;0;0;0;0;0
"11";0;0;0;0;0;0;0;0;0;0;0;0;0;0;0;0;-0,217731499968219;0;0;0;0;0;0;-0,202426075215105;0;0;0;0;0,215130964698962;0;0;-0,230287149086362;0;0;0;0;0;0;0;0;0;0;0;0;-0,21460403134693;0;0;0;0;0;0;0;0;0;0;0;0;0;0;0;0;0;0;0;0;-0,202896077866819;0;0;0;0;0;0;0;0,201760834629665;0;0;0;0;0;0;0,217632036763986;0;0,192799588242214;0;0;0;0;0;0;0;-0,218538424185216;0,187349233622199;0,215069754759959;0;0;0;0;0;0;0;0;0;0,206604625674671;0;0;0;0,217098392737761;0;0;0;0;0;0;0,21152842313429;0;0;0;0;0;0;0;0;0;0;0;0;0;0;0;0;0;0;0;0;0;-0,236705163360876;0;0;0;0;-0,206577536795116;0;0;0;0;0;0;0;0;0;0
"12";0;0;0;0,190053870645962;0;0;0;0;0;0;0;-0,429454155964777;0;0;-0,189404610636801;0;0,208630027959375;0;0;0;0;0;0;0;0,208371878997437;0;0;0;0;0,195466286970227;0;0;0;0;0;0;0;0;0;0;0;0;0;0;0;0;0;0;0;0;0;0;0;0;0;0,209851895516438;0;0;0;0;0;0;0;0;0;0;0;0,191362188234729;0;0;0;0;0;0;0;0;0;0;0;-0,189429390777323;0;0;0;0;0;0;0;0;0;0;0;0;0;0;0;0;0;0,20429212829601;0;0;0;0;0;0;0;0;0;0;0;-0,174398661281498;0;0;0;0;0;-0,211227626380425;0;-0,198786167413851;0;0;0;0;-0,201182484541772;0;0;0;0;0;0;0;0;0;0;0;0;0;0;0,195797890772386;0;0;0;0;0;0,190792453917929;0;0;0;0;0;0;0
"13";0;0;0;0;0;0;0;0;0;0;0;0,167774290583383;0;0;0;0;0;0,189512824411636;0;0;0;0;-0,184347973502135;0;-0,199615126227464;0;0;0;0;0;0;0;0;0;0;0;0;0;0;0,193872319843765;0;0;0;0;0;0;0;0;0;0;0;0;0;0;0;-0,201032945588121;0;0;0;0;0;0;0;0;0;0;0;0,183320261560385;0;0;0;0;0;0;0;0;0;0;0,192061421649716;0;0;0;0;0;0;0;0,198866463473422;0;0;0;0;0;0;0;0;0;0;0;0;0;0;0;0;0;0;0;0;0;0;0;0;0;0;0;0;0;0;0;0;0;0;0;0;-0,182263741293385;0;0;0;0;0;0;0;0;-0,19843836928444;0;0;0;-0,182540076427656;0;0;0;0;0;0,225479199586019;0;0;-0,20571197501794;0;0;0;0;0,20022910178449
"14";0;0;0;0;0;0;0;0;0;0;0;0;0;0;0;0;0;0;0;0;0;0;0;0;0;0;0;0;0;0;0;0;0;0;0;0;0;0;0;0;0;0;0;0;0;0;0;0;0;0;0;0;0;0;0;0;0;0;0;0;0;0;0;0;0;0;0;0;0;0;0;0;0;0;0;0;0;0;0;0;0;0;0;-0,181515891232089;0;0;0;0;0;0;0;0;0;0;0;0;0;0;0;0;0;-0,174200924301743;0;0;0;0;0;0;0;0;0;0;-0,17180492792999;-0,180486042316123;0;0;0;0;0;0;0;0;0;0;0;0;0;0;0;0;0;0;0;0;0,16861508966134;0,201968026318969;-0,169677097488284;0;0;0,176250573192938;0;0;0;-0,169894974255394;0;0;0;0;0;0;0
"15";0,161876129018424;0;0;0;0;0;0;0;0;0,168574214201668;0;0;0;0;-0,543535359436646;0;-0,196589043872087;0;0;0;0;0;0;0;0;0;0;0;0,194241029265962;0,1841850420122;0,179709924934288;0,207925497511957;0;0;0;0;0;0;0;0;0;0;0;0;0;0;0;0,181983599408999;0;0;0;0;0;0;0;0;0;0;0;0;0;0;0;0;0;0;0;0;0;0;0,185741166774143;0;0;0;0;0;0;0;0;0;0;0;0;0;0;0;0;0;0;0;0;0;0;0;0;0;0,178554789346225;0;0;0;0;0;0;0;0;0;0;0;0;0;0;0;0;0;0;0;0;-0,187313317115095;0;0;0;0;0;0;0;0;0;-0,213531233511196;0;0;0;0;0;0;0;0;0;0;0;0;-0,186518167788908;0;0,221786260778363;0;0;0;0;0;0;0;0
"16";0;0;-0,164251369156715;0;0;0;0;0;0;-0,171559819182162;0;0;0;0;0;0;0;0,179230628274534;0;0;0;0;0;0;0;0;0;0;0;0;0;0;0;0;0;0;0;0;0;0;0;0;0;0;0;0;0;0;0;0;0;0;0;0;0;0;0;0;0;0,164990223243311;0;0;0;0;0;0;0;0;0;0;0;0;0;0;0;0;0;0;0;0;0;0;0;0,184681450503797;0;0;0;0;0;0;0;0;0;0;0;0;0;0,185088568089279;0;0;0;0;0;0;0;0;0;0;0;0;0;0;0;0;0;0;0,196583205742846;0,180100170229144;0;0;-0,2276099101806;0;0;0;0;-0,166003151776896;0;0;0;0;0;0;0;0;0;0;0;0;0;0;0;0;0;0;0;0;0;0;0;0;0
"17";0;0,200543961945389;0;0;0;0;0;0;0;0;0,195636789274829;0;0;0;0;0;0;0;0;-0,191907115914539;0;0;0;0;-0,216275772401799;0;0;0;0;0;0;0,229030867905165;0;0;0;0;0;0;0;-0,210053649309919;0;0;0;0;0;0;0;0;0;0;0;0,211252072675434;0;0,191497817643997;0;0;0;0;0;0;0;-0,205676577312142;0;0,207967191413399;0,200713926801066;0;0;0;0;0;0;0;0;0;0;0;0;0;0;0;0;-0,21537729984189;0;0;0;0;0;0;-0,201398345641094;0;0;0;0;0;0;0;0;0,212041269942047;0;0;0;0;0,205477539320903;-0,222767788504172;0;0;0;0;0;0;0;0;0;0;0;0;0;0;0;0;0;-0,196521816405404;0;0;0;0;0;0;0;0;0;0,206780521446202;0,215000798798388;0;0;0;0;0;0;0;0,205450598218807;0;0;0;0;0;0;0;0;0;0
"18";0;0;0;0;0;0;0;0;0;0;0;0;0;0;0;0;0;0,75217521796003;0;0;0;0;0;0;0;0;0;0;0,202877875526807;0;0;0;0;0;0;0;0;0;0;0;0;0;0;0;0;0,186165675690857;0;0;0;0;0;0;-0,183815404595414;0;0;0;0;0;0;0,179228247973681;0;0;0;0;0;0;-0,188743405848762;0;0;0;0,194000070198412;-0,185968399630734;0;0;0;0;0;0;0;0;0,205236495485591;0;0;0;0;0;0;0,17995404460224;0;0;0;0;-0,202820151886681;0;0;0;0;0;0;0;0;0;0;0;0;-0,185385119615363;0;0;0;0;0;-0,1891816823897;0;0;0;0;0;0;0;0;0;0;0,198000542043761;0;0;0;0;-0,223025810649168;0;0;0;0;0;0;0;0;0;0;0;0;0;0;0;0;0;0;0;0;0;0;0
"19";0;0;0;0;0;0;0;0;0;0;0;0;0;0;0;0;0;0,179814652310351;0;0;0,195353990282579;0;0;0;0;0;-0,184249150086717;0;0;0;0;0;0;0;0;0;0;0;0;0;0;-0,183417085093977;0;0;0;0;0;0;0;0;0;0;-0,186527871469243;0;0;0;0;0;0;0;0;0,197903791510105;0;-0,200107840320376;0;0;0;0;0;0;0;0;0;0;0;0;0;-0,194398652780813;0;0;0;0;0;0;0;-0,189037570512514;0;0;0;0;0;0,179285643568731;-0,205813061782065;-0,19173563816745;0;0;0;0;0;0;0;0,195375075416673;-0,197712275423853;0;0;0;0;0;0,184722605843571;0;0;0;0;0;0;0;0;0,198529113098415;0;0,192822123786914;0;-0,189095000944409;0;0;0;0;0;0;0;0;0;0;0;0;0;0;0;0;0;0;0;0;0;0;0;0;0;0;0;0;0
"20";0;0;0;0;0;0;-0,177377040441164;0;0;0;0;0;0;-0,164444234563039;0;0;0;0;0;0;0;0;0;0;0;0;0;0;0,189615021185803;0;0;0;0;0;0;0;0,175557487000583;0;0;0;0;0;0;0;0;0;0;0;0;0;0;0,187217515412352;0;0;0;0;0;-0,167283024723126;0;0;0;0;-0,170043681234291;0;0;0;0;0;0;0;0;0;0;0;0;0;0;0;0;0;0;0;0;0,187503585389971;0;0;0;0;-0,178484865978162;0;0;0;0,189561071147057;0,176595268703464;0;0;0;0;0;0;0;0;0;0;0;0;0;0;0;0;0;0;0;0;0;0;0;0;0;0;0;0;0;0;0;-0,168539861796047;0;0;0;0;0;0;0;0;0;0;0;0;0;0;0;0;0;0;0;0;0;0;0;0;0
"21";0;0;0;0,186437439640935;0;0;0;0;0;0;0;0,185345926566275;0;0;0;0;0;0;0;0;0,216232539154589;0;0;0;0;0;0;0;0;0,19021644265959;0;0;0;0;0;0;0;0,189375272475396;0;0;-0,177877982324952;0;0;0;0;0;0;0;0;0;0;0;0;0;0;0;-0,19716444593002;0;0;0;0;0;0;0;0;0;0;0;0;0,176230850791929;0;0;0;0;0;0,174438828631739;0;0;0;0;0,20293388538077;0;0;0;0;0;-0,202014900066905;0;0;0;0;0;0;0;0;0;0;0;0,202508524281073;0;0,204697174611922;0;0;0;-0,182574677698783;0;0;0;0,179994069796096;0;0;0;0;0;0;0;0;0;0;0;0;0;0;0;0;0;0;0;0;0;0;0;0;0;0;0;0;0;0;0;0;0;0;0;0;0;0;0;0;0;0
"22";0,171074645073915;0;0;0;0;0;0;0,203706376595409;0;0;0;0;0;0;0;0;0;0;0;0;0;0,97669319040142;0;0;0;0;0;0;0;0;0;0;0;0;-0,183833928216404;0;0;0;0;0;0;0;0;0;0;0;0;0;0;0;-0,198662738007422;-0,199491620810546;0;0;0,211940407293133;0;0;0;0;0;0;0;0;0;0;0;0;-0,187563605459588;0;0;0;0;0;0;0;0;0;0;0;0;0;0;0;0;0;0;0;-0,179216439183892;0;0;-0,205246520275404;0;0;0;0;0;0;0;0;0;0;0;0;0;0;0;0;0;0;0;0;-0,188406254228075;0;0,198662880221286;0;0;0;0;0;0;0;0;0,19718896666089;0;0,195736187628476;0;0;0;-0,180611922590786;0;0;0;0;0;0;0;0;0;0;-0,194000854923914;0;0;0;0;0;0;0;0;0;0;0,204863837357461
"23";0;0;0;0;0;0;0;0;0;0;0;0;0;0;0;0;0;0;0;0;0;0;0;0;0;0;0;0;0,197348782795561;0;0;0;0;0;0;0;0;0;0,173667810483651;0;0;0;0;0;0;0;0;0;0;0;0;0;0;0;0;0;0;0;-0,182942420134145;0;0;-0,189710796944359;0;0;0;0;0;0;0;0;0;0;-0,195151242545297;0;0;0;0;0;-0,191938357974876;0;0;0;0;0;0;0;0;0;0;0;0;0;0;0;0;0,188925744494396;0;0,195581426098658;0;0;0;0;0;0;0;0;0;0;0;0;0,191378498064236;0;0;0;0,180045019147886;0;0;0;0;0;0;0;0;-0,182146955498503;0;0;0;0;0;0;0;0;0;0;0;0;0;0;0;0;0;0;0;0;0;0;0;0;0;0;0
"24";0;0;0;0;0;0;0;0;0;0;0;0,174598890094058;0;0;0;0;0;0;0;0;0;0;0;0;0;0;0;0;0;0;0;0;0;0;0;0;0;0;0;0;0;0;0,191975207709531;0;0;0;0;0,186364723972014;0;0;0;0;-0,180226914073367;0;0;0;0;0;0;0;0;0;0;0;0;0;0;0;0;0;0;0;0;0;0,182871223607815;0;0;0;-0,193463817651111;0;0;0;-0,178268909508987;0;0;-0,182651834865411;0;0;0;0;0;0;0;0;0;0,190427260960775;0;0;0;0;0;0;0;0;-0,181041568889566;0;0;0;0;0;0;0;0;0;0;0;0;0;-0,199141663930597;0;0;0;0;0;0;0;0;0;0;0;0;0;0;0,175160077482874;0;0;0;0;0;0;0;0;0;0;0;0;0;0,196184986118094;0;0;0,201691136634037
"25";0;0;0;0;0;0;0,174091267474881;0;0,186252517196863;0;-0,182755064960918;-0,181436206819049;0;0;0;0;0;0;0,182944575699649;0;0;0;0;0;0;0;0;0;0,213692624009864;0;0,197706352591662;0;0;0;0,194430448951481;0;0;0;0;0;0;0;0;0;0;0;0;0;0;0,188682965546069;0;0,210990679318966;0;0;0;0;0;0;0;0,188782313038002;0;0;0;0;0;0;0;0;0;0;0;0,195881759885422;0;0;0;0,185822382917106;0;0;0;0;0;0,215110802123786;0;0;0;0;0;0;0;0;0;0;0;0;0;-0,204572014643978;0;0;-0,215723854821212;0;0;0;0;0;0;-0,195267387141753;0;0;0;0;0;0;0;0;0;0;0;0;0;-0,20014736442424;0;0;0;0;0;0;0;0;0;0;0;0;0;0;0;0;0;0;0;0;0;0;0;0;0;0;0,220810802060447;0;0;0;0
"26";-0,153094078253194;0;0;0;0;0;0;0;0,173764425552062;0;0;0;0;0;0,160347847793156;-0,163187756229034;0;0;0;0;0;0;0;0;0;0;0;0;0;0;0;0;0;0;0;0;0;0;0;0;0;0;0;0;0;0;-0,18357071649886;0;0;0;0;0;0;0;0;0;-0,195953125372641;0;0;0;0;0;0,178791150947132;0;0;0;0;0;0;0;0;0;0;0;0;0;0;0;0;0;0;0;0;-0,197149235980115;0;0;0;0;0;0,205163264284797;0;0,173623000329875;0;0;0;0;0;-0,197583837943187;-0,201264371272911;0;0;0;0;0;0;0;0;0;0;0;0;0;0,186601900522904;0;0;0;0;0;0;0;-0,242975782197928;0;0;0;0;0;0;0;0;0;0;0;0;0;0;0;0;0;0;0;0;0;0;0;0;0;0;0,196630823592144;0;0;0
"27";0;0,191496545810615;0;0;0;0;0;0;0;0;0;0,18546263100083;0;0;0;0;0,1906491372681;0;0;0;0;0;0;0;0;0;-0,497448732145131;0;0;0;0;0;0;0;0;0;0;0;0;0;0;0;0;0;0;0;0;0;0;0;0;0;0;0;0;0;0;0,166915631161032;0;0;0;0;0;0;0;0;0;0;0;0;0;0;0;0;0,173936535563238;0;0,17996296695528;0;0;0;0;0;0;0;0;0;0;0;0;0;0;-0,164765724183381;0;0;0;0;0;0;0;-0,173320077211252;0;0;0,18170002679365;0,196989477651646;0;0,172885296232427;0;0;0;0;0;0;0;0;-0,172609436424837;0;0;0;0;0;0;0;0;0;0;0;0;0;0;0;0;0;0;0;0,173794688112823;0;0;0;0;0;0;0;0;0;0;0;0;0;0;0;0
"28";0;0;0;0;0;0;0;0;0;0;0;0;0;0;0,180865250050901;0;0,196269629044627;0;0;0;0;0;0;0;0;0;0;0;0;0;0;0;0;0;0;0;0;0;0;0;0;0;0;0,174087295806374;0;0;0;0;0;0;0;0;0;0;0;0;0;-0,16119312585086;0;0;0;0;0;0,177596732038941;0;0;0;0;0;0;-0,17471676594268;0;0;0;0;0;0,173793149144494;0;0,177702978260868;0;0;0;0;0;0;0;0;0;0;0;0;0;0;0;0;0;0;0;0;0,16737800303101;0;0;0;0;0;0;0;0;0;0;0;0;0;0;0;0;0;0;0;0;-0,222675333664664;0;0;0;0;0;0;0;0;0;0;0;0;0;0;0;0;0;0;0;0;-0,16589389722622;0;0;0;0;0;0;0,180225074060171;0;0
"29";0;0;0;-0,177568675973144;0;0;0;0;0;0;0;0;0;0;0;0;0;0;0;0;0,17317001051085;0;0;0;0;0;0;0;0;0;0;0;0;0;0;-0,186181352055505;0;0;0;0;0;0;0;0;0;0;0;0;0;0;0;0;0;0;0;0;0;0;0;0;0;0,203220023283724;0;-0,205483278813717;0;0;0;0;0;0;0;0;0;0;0;0;0;0;0;0;0;0;0;0;0;0;0,212891163161515;0;0;0;0;0;0;0;0;0;0;0;0;0;0;0;0;0,220107100955775;0;0,193174182729154;0;0;0;0;0;0;0;0;0;0;0;0;0;0;0;0;-0,206319649433521;0;0;0;0;-0,232396369185663;0;0;0;0;0;0;0;0;0,195413387031289;0;0;0;0;0;0,241380714627181;0;0;0;0;0;0,208524327656033;0;0
"30";0;0;0,194264295024116;0;0;0,199058252821191;0;-0,232011873272323;0;0;0,217000623709256;0,215434631327975;0;0;0;-0,207692308299039;0;0;0;0;0;0;0,224858002920757;0;0;0;0;0;0;0;0;0;0;0;0;0;-0,185596124744991;0;0;0;0;0;0;0;0;0;-0,184572684824201;0,18780777482849;0;0;0;0;0;0;0;0;-0,19702267954021;0;0;0;0,177882761350617;0;0;0;0;0;0;0;0;0;0;0;0;0;0;0;0;0;0;0;0;0;0;0;0,205285193227623;0;0;0;0;0;0;0;0,200400454623087;-0,186693248346364;0;0;0;0;0;0;0;0;0,192512708068355;0;0;0;0;0;0;0;0;0;0;0;0;0;0;0;0;0;0;0;0;0;0;0;0;0;0;0;0;0;0;0;0;0;0;0;-0,190118828310254;0;-0,192487466844716;0;0;0;0;0;0;0;0;0;0
"31";0;0;0;0;0;0;0;-0,195816132700914;0;0;0;0;0;0;0;0;0;0;0;0;0;-0,18202752870793;0;0;0;0;0;0;0;-0,207320696722905;0;0;0;0;0;0;0;0;0;0;0;0;0;0,18635441583449;0,195107940104619;0;0;0;0;0;0;0,193113987305502;0;0;0;0;0,192235648257355;0;0;0;0;0;0;0;0;0;0;0;0;0;0;0;0;0;0;0;0,186039542028849;0;0;0;0;0;0;0;0;0;0;0;0;0,20127105925655;0,198684905911936;0;0;0;0;0;0;0;0;0,1791723504803;0;0,18561481331445;0;0;0;0,178722888818537;0;0;0;0;0;0;0;0;0;0;0;0;0;0;0;0;0;0;0;0;0;0;0;0;0;0;0;-0,17222757658018;0;0;0;0,18577596466472;0;0;0,18781062696266;0;0;0;0;0,203744901670826;0;0;0;0;0
"32";0;0;0;0;0;0;0;0;0;0;0;0;0;-0,159361825184492;0;0;0;0;0;0;0;0;0;0;0;0;0;0;0;0;0;0;0;0;0;0;0;0;0;0;0;0;0;0,215613214685303;0;0;0;0;0;0;0;0;0,205032588743742;0;0;0;0,222417837067483;0;0;0;0;0;0;0;-0,212288244887363;0;0;0;0;0;0;0;0;0;0;0;0;0,213684200189451;0;0;0;0;0;0;0;0;0;0;0;0;0;0;0,226230989085246;0;0;0;0;-0,224268787707489;0;0;0;0;0;0;0;0;0;0;0;0;0,21944938540583;0;0;0;0,206453542049027;0;0;0;0;0;0,275791201765585;-0,207854393323335;0;0;0;0;0;0,248768918006187;0;0;0;0;0;0;0,207871189972992;0;0,209180449014937;0;0,214624116762867;0;0;0;0;0;0;-0,23573411463458;0;0;0;0;0
"33";0;0;0;0;0;0;0;0;0;0;-0,186495047288018;0,185149199436488;0;0;0;0;0;0;0;0;0;0,185355353971361;0;0;0;0;0,181740458949604;0;0;0;0;0;0;0;0;0,174090752547521;0;0;0;0;0;0;0;0;0;0;0;0;0;0;0;0,195174089350217;0;0;0;0,201234687264721;0,194286380353811;0;0;0,174630538901287;0;0;0;0;0;0;0;0;0;0;0;0;0;0;0;0;0;0;0;0;0;0;0;0;0,202434142229234;0,181509780705196;0;0;0;0;0;0;0;0;0,170540793932136;0;0;0;0;0;-0,201709151649572;0;0;0;0;0;0;0;0;0;0;0;0;0;-0,180341252863451;0;0;0;0;0;0;0;-0,1929212707861;0;0;0;0;0;0;0;0;0;0;0;0;0,217496979492395;0;0;0;0;0;0;0;0;0;-0,205918412219641;0;0;0;0;0
"34";0;0;0,17015018463925;0;-0,163367209487004;0;0;0;0;0;0;0,188692638004287;0;0;0;-0,18191137285854;0;0;0;0;0;0,188902737983873;0;0;-0,181197532530074;0;0;0,190679056950206;0;0;0;0;0;0,262639399850741;0;0;0;0;0;-0,188328577482718;0;0;0;0;0;0;0;0;0;0;0;0;0;0;0;0;0;0;0;0;0;0;0;0;0;0;0;0;0,190039866906057;0;0;0;0;0;0;0;0;0,181138166621505;0,186569461580427;0,176279626329867;0,194058708629064;0;0;0;0;0;0;-0,17015321483376;0,180568459850933;0;0,194866918555769;0;0;0;0;0;0;0;0;0;0;0;0;0;0;0;-0,193582867516071;0;0;0;0;0;0;0;0;0;0;0;0;0;0;0;0;0;-0,185837536645369;0;0,159930460562852;0;0;0;0;0;0;0;0;0;0;0;0;0;0;0;0;0;0;0;0;0;0;0;0
"35";0;0,176873420616862;0;0;0;0;0;0;0;0;0;0,171300269688213;0;0;0;0;0;0;0;0;0;0;0;0;0;0;0;0;0;0;0;-0,16242071969343;0;0;0;0;0;0;0,169265529575968;0;0;0;0;0;0,191875090968319;0;0;0;0;0;-0,189125088294458;0;0,174273303437844;0,172155236087098;0;0;0;0;0;0;0,170684947463938;0;0;0;0;0;0;0;0;0;0;0;0;0;0;0;0;0;0;0;0;0,19362272822875;0;0;0;0;0;0;0;0;-0,195392788091775;0;0;0;0;0;0;0;0;0;0;0;0;0;0;0;0;0;0;0;0;0;0;0,189125223680741;0;0;0,202462045959973;0;0;0;0;0;0;0;0;0;0;0;0;0;0;0;0;0;0;0;0;0;0;0,184687018736825;0;0;0;0;0;0;0;0;0;0;0
"36";0;0;0;0;0;0;0;0;0;0;0;0;0;0;0;0;0;0;0;0;0,192023978150701;0;-0,20431106273523;0;0;0;0;0,197809475180049;0;0;0;0;0,191820162902253;0;0;0;0;0;0;0;0;0;0;0;0;0;0;0;0;0;0;0;0;0;0;0;0;0;0;0;0;0;0;-0,180968824899553;0;0;0;0;0;0,163562390438191;0;0;0;0;0;0;0;0;0;0;0;0;0,166855050666043;0;0,190665237339747;0,170957354508176;0;0;0;0;0;0;0;0;0;0;0;0;0;0,170556069218176;0;0;0;0,19384800379852;0;0;0;0;0;0;0;0;0;0;0;0;0;0;0;0;0;0;0;0;0;0;0;0;0;0;0;0;0;0;0;0;0;0;0;0,178767638510321;0;0;0,212583644429268;0;0;0;0;0;0;0;0
"37";0;0;0;0;0;0;0;0,184764178741051;0;0;0;0;0;0;0;0;0;0;0;0;0;0;0;0;0;0;0;0;0;0;0;0;0;0;0;0;0,280141992494464;0;0;0;0;0;0;-0,186489855637024;0;0;0;0;0;0;0;0;0;0;0;0;0;0;0;0,172912857587793;0;0;0;0;0;0;0;0;0;0;0;0;0;0;0;0;0;0;0;0;0;0;0;0;0;0;0,197108000070539;0;0;-0,201417340268457;0;0;0;0;0;-0,187375242231837;0;0;0;0;0;0;0;0;0;0;0;0;0;0;0;0;0;0;0;0;-0,206022897542462;0;0;0,183322537817906;0;0;0;0;0;0;0;0;0;-0,176676773219012;0;0;-0,196683691275792;0;0;0;0;0;0;0;0;0;0;0;0;0;0;0;0;0;0
"38";0;0;0;0;0;0;0;0;0;0;0;0;0;0;0;0;0;0,174684121436542;0;0;0;0;0;0;0;0;0;0;0;0;0;0;0;0;0;0;0;0,130984146846458;0;0;-0,176964041630623;0,177803690705632;0;0;0,199082210268496;0;0;0;0;0;0;0;0;0;0;0;0;0;0;0;0;0;0;0;0,187218072619165;0;0;0;0;0;0;0,182937174826138;0;0;0;0;0;-0,188449172632536;0;0,183394534423272;0;0;0;0;0;0;-0,200976943397851;0;0;0;0;0;0;0;0;0;0;0;0;0;0;0;0;0;0;0;0;0;0;0;0;0;0,186790723607747;0;0;0;0;0;0;0;0;0;0;0;0;0;0;0;0;0;0;-0,192876753981867;0,200544306038664;0;0;-0,219584817713271;0;0;0;0;0;0;-0,227872108454568;0;0;0;0;0;-0,196854493037866;0;0
"39";0;0;0;0;0;0;0;0;0;0;0;0;0;0;0;0;0;-0,174578503962106;0;0;0,181444711760253;0;0;0;0;0;0;0,186911465709366;-0,172813450408073;0;0;0;0;0;0;0,19162859739636;0;0;0;0;0;0;0;0;0,185578956569091;0;0;0;0;0,164261936632618;0;0;0;0;0;0;0;0;0;0;0;0,178834528342046;0;0;0;0,175454497225241;0;0;0;-0,163433486873562;0;0;0;-0,174472794998675;0;0;-0,176953454953155;0;0;0;0;0;0;0;0;0;0;0;0;0;0;0;0;0;0;0;0;0;0;0;0;0;0;0;0;0;0;0,191410185495413;0;0;0;0;0;0;0;0;0;-0,179399596299835;0;0,174242510960603;0;0;0;0;0;0;0;0;0;0;0;0;0;0;0;0;0;0;0;0;0;0;0;0;0;0;0;0;0;0;0
"40";0,159159383932968;0;0;0;0;0;0;0;0;0;0;0;0;0;0;0;0;0;0;0;0;0;0;0;0;0,157656751643915;0;0;0;0;0;0;0;0;0;0;0;0;0;0;0;0;-0,200301686927691;0;0,207036464395932;0;0;0;0,202421006979864;0;0,204069165056543;0;0;-0,185758407862357;0;0,211283854481461;0;0;0;0;0;0;0;0;0;0;0;0;0;0;0;0,190246360192123;0;0,194646156426435;0;0;0;0;0;0;0;0;0;0;0;0;0;0;0;0;0;0;0;0;0;0;0;0;0;0;-0,211782012455159;0;0;0;0;-0,189649662580499;0;0;0;0;0;0;0;0;0;-0,212668972871538;0;0;0;-0,194389245869706;0;0;0;0;0,201062971251316;0;0;0;0;0;0;0;-0,208556977647496;0;0;0;0;0;0;0;0,199293007560239;0;0;0;0;0;-0,214458208909679;0;-0,204719739569131;0;0
"41";0;0;0;0;0;-0,172439191839314;0;0;0,191579705783615;0;0;0;-0,16571815341682;0;0;-0,179918658416533;0;0;0;0,182595070674452;0;0;0;0,172459114888246;0;-0,167196564716087;0;0;0;0;0;0;0;0;0;0;0;0;0;0,173820584960253;0;0;0,180912736157583;0;0;0;0;0;0;0;0;0;0;0;0;0;0;0;0;0;0;0;0;0;0;0;0;0;0;0;0;0;0,185367372952397;0;0;0;0;0;0;0;0;0;0;0;0;0;0;0;0,176451390441726;0;0;0;0;0;0;0;0;0;0,189236569553122;0;0;0;0;0;-0,170609142591109;0;0;0;0;0;0;0;0;0;0;0;0;0;0;0;0;0;0;0;0;0;0;0;0;0;0;0;0;0;0;0;0;0;0;0;0;0;0;0;0;0;0;-0,184879928273675;0;0;0
"42";-0,179058830316534;0;0;0,199145322851256;0;0;0;0,213213509842055;0;0;0;0;0;0;0;0;-0,203515951406086;0;0;0;0;0;0;-0,182951034983252;0;0;0;0,200063593782477;0;0;0;0;0;-0,197718974032467;0;0;0;0;0;0;0;0,395418419968337;0;0;0;0;0;0;0;0;0;0;0;0;0;0;0;0;0;0;0;0;0;0;0;0;0;0;0;0;0;0;0;0;0;0;0;0;0;0;0;0;-0,16879335549525;0;0;0;0;0;0;0;0;0;0;0;0;0;-0,173134135358192;0;0,190134448631375;0;-0,192189363728802;0;0;0;0;0;0;0;0;0;0;0;0;0,185190189714514;0;0;0;0;0;0;-0,229539217929119;0;0;0;0;0;0;0;0,168363391148032;0;0;0;0;0;0;0;0;0;0;0;0,180855757647083;0;0;0;0;0;0;0;0;0;0
"43";0;0;0;0;0;0;0;0;0;0;0;0;0;0;0;0;0;0;0;0,191534984875111;0;0;0;0;0;0;0;0;0,182902654652363;0;0;0;0;0;0;0;-0,177757044161958;0;0;0;0;0;0;0;0;0;0;0;0;0;0;0;0;0;-0,214015121620314;0;0;0;0;0;0;0;0;0;0;0;0;-0,189399691859887;0;0;0;0;0;0;-0,187566189836574;0;0;0;0;0;0,206396114816817;0;0;0;0;0;0;0;0;0;0;0;0;0;0;0;0;0;0;0;0,208189487303256;0;0;0,212425558789993;0;0,186432575468276;0;0;0;0;0;0;0;0;0;0,209061401930015;0;0;0;0;0;0;0;0;0;0;0;0;0,182379957993968;0;0;0;0;0;0;0;0;-0,193789904480074;-0,193501554348152;0;0;0;0;0;0;0;0;0;0;0;0,206869278150537
"44";0;0;0;0;0;0;0;0;0;0;0;0;0;0;0;0;0;0,160421604879894;0;0;0;0;0;0,157063343108831;0;0;0;0;0;0;0;0;0;0;0;0;0;0;0;0;0;-0,178095680073566;0;0;0;0;0;0;0;0;0;0;0;0;0,211286349822167;0;0;0;0;0;0;0;0;0;0;0;0;0;0;0;0;0;0;0;0;0;0;0;0;0;0;0;0;0;0;0;0;0;0;0;0,204613120435844;0;0;0;0;0;0;0;0,203337386076823;0;0;0;0;0;0,183321950811128;0;0;-0,207242996443911;0;0;0;0;0;0;0;0;0;0;0;0;0;0;0;0;0,195132137096104;0;0;0;0;0;0;0;0;-0,177366376713053;0;0;0;0;0;0;0;0;0,229986457801818;0;0;0;0;0;0;0;-0,204231618494312
"45";0;0;0;0;0;0;0;0;-0,196631562478034;0;0;0;0;0;0,181449383275011;0;-0,196903513172045;0;0;0;0,187902019722335;0;0;0;0;0;0;0,193563326124699;0;0;0;0;0;0;0;0;0;0;0;0;0;0;0;0;0;0;0;0;0;0;0;0;0;0;0;0;0;0;0;0;0;0;0;0;0,197830896518274;0;0;0;0;0;0;0;0;-0,197777914355816;0;0;0;0;0;0;0;0,212283646663128;0;0;0,215962919688081;0;0;0;0;0;0;0;0;0;0;0;0;0;0;0;0;0,200131979987757;0;0;0;-0,192701029458197;0;0;0;0;-0,204504345863589;0;0,197379322389387;0;0;0;0;0;0;0;0;0;-0,205814298171706;0;0;0;0;-0,231827146628666;0;0;-0,19090638494232;0;0;0;0;0;0;0;0;0,202486733801601;0;0;0;0;0;0;0;0;0;0;0
"46";0;0;0;0,200266619489153;0;0;0;0;0;0;0;0,19909414236218;0;0;0,188598807333688;0;0;0;0,200749310390181;0;0;0;0;0;0;0;0;0;0;-0,227011242603502;0;0;0;-0,198832239549612;0;-0,206267544969311;0;0;0;0;0;0;0;0;0;0;0;0;0;0;0;0;0;0,173624261603858;0;0;0;0;0;0;0;0;0;0;0;0;0;0;0;0;0;0;0;0;0;0;0;-0,183176836971852;0;0;0;0;0;0;0;0;0;0;0;0;0;0;0;0;0;0;0;-0,192250279278241;0;0;0;0;0;0;0;0;0;0,199592900680479;0;0;0;0;0,181564787195267;0;0;0;0;0;0;0;0;0;0;0;0;0;0;0;0;0;0;0;0,19493357885157;0;0;0;0;0;0;0;0;0;0;0;0;0,202078719188589;-0,200449328756195;0;0;0,167726398766234;0,19669268368729
"47";0;0;0;0;0;0;0;0;0;-0,18060952988338;0;0;0;0;0;0;0;0;0,193353568446154;-0,187617935407577;0;0;0;0;0;0;0;0;0;0;0;0;-0,187910832315783;0;0;0;0;0;0;0;0;0;0;0;0;0;-0,185565386200324;0;0;0;-0,19139013073576;0;0;0;0;0;0;0;0;0,171959357499813;0;0;0;-0,189200216623657;0,182601487148323;0;0;0;0;0;0;0;0;0;0;0;-0,185148122312498;0;0;0;0;0;0;0;0;0;0;0;0;0;0;0;0;0;0;0;0;0;0;0;0;0;0;0;0;0;0;0;0;0;0;0;0;0,191390267743486;0;0;0;0,187707543813304;0;0;0;0;0;0;0;0;0;0,213980639428767;0;0;0;0;0;0;0;0;0;0;0;0;0,186910720985743;0;0;0;0;0,202768645653021;0;0;0;0;0
"48";0;0;0;0;0;0;0;0;0;0;0;0;0;0;0;0;0;0,169904302630664;0;0;0;0;0;0;0;0;0;0,181907059083966;0;0;0;0;0;0;0;0;0;0;0;0;0,177805908145931;0;0;0;0;0;0,182697031559441;0;0;0;0;0;0;0;0;0;0;0;0;0;0;0;0;0;0;0;0;0;0,196214755131028;0;0;0;0;0;0;0;0;0;0;0;0,20036417944619;0;0;0;0;0;0;0;0;0;0;0;0,198005199863587;0;0;0;0;0;0;0;0;0;0;0,206217412658814;0;0;0;0;0;0;0;0;0;0;0;0;0;0;0;0;0,241382015112159;0,181921366559572;0;0;0;0;0;0;0;0;0;0;-0,199027465979227;0;0;0;0;0;0;0;0;0;0;0;0;0;0;0;-0,195365561305931;0;0
"49";0,169065021868665;0;0;0;0,161840787562487;0;0,179362264304527;-0,201313426656587;0;0;0;0;0;0;0;0;0;0,176433444165751;0;0;0;0,187137724785904;0;0,17273999096085;0;0;0;0;0;-0,213140966979806;0;0;0;0;0;0;0;0;0;0;0;0;0;0;0;0;0,189717776523651;0;0,731176813133061;0;0;0,203575883675569;0;0;0;0;0,202649960854605;0;0;0;0;0;0;0;0;0;0,191818146120941;0;-0,204260350391982;0;0;0;0;0;0;0,179292070773713;0;0;0;-0,189470445477136;-0,208579917816838;0;0;0;0;0;0;0;0;0;0;0;0;0;0;0;0;0;0;0;0;0;0;0;0;0;0;0;0;0;0;0;-0,192979151337594;0;0;0;0;0;0;0;0,251279649953988;0,189380875319148;0;0;0;0;0;0;0;0;0;0;0;-0,181557957477961;0;0;0;0;0;0;0;0;0;0;0;0;0;0,203350819886031;0;0;0
"50";0;0;0;0;0;0;0;0;0,186706342420985;0;0;0,181878296560777;0;0;0;0;0;0;0;-0,177950256527871;0;0;0;0;0;0;0,17852977593493;0;0,169930179263276;0;0;0;0;0;0;0;0;0;0;0;0;0;0;0;0;0;0,184591141581664;0;0;0;0;0;0;0;0;0;0,183461946070005;0;0;0;0;0;0;0;0;0;0;0;0;0;0;0;0;0;0;0;0;0;0;0;0;0;0;0;-0,191155765096629;0;0;0;0;0;0;0;0;0;0;0;0;0;0;0;0;0;0;0;0;0;0;0;0;0;0;0;0;0;0;0;0;0;0;0;0;0;0;0;0,180830743040723;0;0;0;0;0;0;0;0;0,164367049778509;0;0;0,172543051232145;0;0;0;0;-0,169478686034065;0;0;0;0;-0,192878067139704;0;0;0,161391129633975;0
"51";0;0;0;0;0;0;0;0;0;0;0;0;0;0;0;0;0;0;0;0;0;0;0;0;0;0;0;0;0;0;0;0;0;0;0;-0,171817698087822;0;0;0;0,154463324443724;0;0,173775629926697;0;0;0;0;0;0;0;0;0,215575159294531;0;0;0;0;0;0;0;0;0;0,184453105739667;0;0;0;0;0;0;0;0;0;0;0;0;0;0;0;0;0;0;0;0;0;0;-0,20554704349549;0;0;0;0;0;-0,213902438921332;0;0;0;0;0;0;0;-0,206000157849003;0;-0,190416858223776;0,212105327215054;0;0;0;0;0;0;0;0;0;-0,20157333749193;0;0;0;0;0;0;0;0;0;0;0;0;0,19185002550027;0,201369921900808;0;0;0;0;0;0;0;0;0,18303624383997;0;0;0;0;0;0;0,199597256113462;0,188728471700444;0;0;0;0;0,214785609256467;0;0;0;-0,210760286223998
"52";0;0;0;0;0;0;0,177755973663264;0;0;0;0;0;0;0;0;0;0;0;0;0;0;0;-0,193358828624723;0;0;0;0;0;0;0,211232168928796;0;0;0;0;0;0;0;0;0;0;0;0;0;0;0;0;-0,188018746406627;0;0;0;0;0,882238246966153;0;0;0;0;0;0;0;0;0;0,200650494899019;0;0;0;0;-0,194186814746286;0;0;0;0;0;0;0;0;0;-0,198539949972814;0;0,203006508528133;0;0;0;0;0;0;0,191661219769542;0;-0,185143966036201;0;0;0;0,181773945995966;0;0;0;0;0;-0,206859654652452;0;0;0;0;0;0;0;0;0;0;0;0,176590489048448;0;0;0;0;0;0;0;0;0;0;0;0;0;0;0;0;0;0,229457933014482;0;0;0;0;0;0;-0,19173494006706;0;0;0;0;0;0;0;0;0;0;0;0;0;0;0;0
"53";0;0;0;0;0;0;0;0;0;0;-0,17728030461942;0;0;0;0,166722987728384;0;-0,180922863543177;0;0;0;0;0;0;0;0;0;0;0;0;0;0;0;0;0;0;0;0;0;0;0,163924898471554;0;0;0;-0,158324594219574;0;-0,185458555615504;0;0;0;0;0;0;0;0;0;0;0;0;0;0;0;0;0;0;0;0;0;0;0;0;0,183156913008207;0;0;0;0;0;0;0;0;0;0;0;0;0;0;0;0;-0,169895955496192;0;0;-0,194572293888051;0;0;0;0;0;0;0;0;0;0;0,18177274131837;0;0;0;0;0;0;0;0;0;0;0;0;0;0;0;0;0;0;0;0;-0,186933788310474;0;0;0;0;0;0;0;0;-0,185113674858233;0;0;0;0;0;0;0;0;0;0;0;0;0;0;0;0;0;-0,165608916553145;0
"54";0;0;0;0;0;0;0;0;0;0;0;0;0;0;0;0;0;0;0;0;0;0;0;0;0;0;0;0;0;0;0;0;0;0;0;0;0;0;0;-0,159197457607079;0;0;0;0;0;0;0;0;0;0;0;0;0;0;0;0;0;0;0;0;0;0;0;0,183913274020585;0;0;0;0;0;0;0;0;0;0;0;0;0;0;0;0;0;0;0;0;0;0;0;0;0,178104194596516;0;0;0;0;0;0;0;0;-0,187516136163061;0;0;0;0;0;0;0;0;0;0;0;0;0;0;0,177093773210337;0;-0,172620411863576;0;0;0;0;0;-0,230595175866833;0;0;0;0;0;0;0;0;0;0;0;0;0;0;0;0;0;0,179452011642718;0;0;0;0;0;-0,178069029478594;0;0;0;0;0;0
"55";0;0;0;0;0;0;0;0;0;0;0;0;0;0;0;0;0;0;0;0;0;0;0;0;0;0;0;0;0;0;0;0;0;0;0;0;0,164731043126637;0;0;0;0;0;0;0;-0,183919341101603;0;0;0;0;0;0;0,177878533560135;0;0;0;0;0;0;0,205566202268975;0;0;0;0;0;0;0;0;0;0;0;0;0;0;0;0;-0,192832502641009;0,210929349765311;0;0,215674632978544;0;0;0;0;0,21928482690451;-0,227094744208187;0,203621369234511;0;0;0;0,228198657084289;0;0;-0,22169104973573;0;0;0,212289461230885;0;0;0;0;0;0;0;0;0;0;0;0,228161840500336;0,198973515309461;0;0;0;0;0;0;0;0;0;0,222004330320943;0;-0,270256702118968;0;0;0;0;-0,197106814483521;0;0;0;0;0;0;0;0;0;0;0;0;0;0;0;0;0;0;0;0;0;-0,218708208028983;0;0;0
"56";0;0;0;0;0;0;0;0;0,186236907521953;0;0;0;0;0;0;0;-0,186494481919536;0;0;0;0;0;0;0;-0,174214733764509;0;0;0;0;-0,20685996250952;0;0;0;0;0;0;0;0;0;0;0;0;0;-0,163200286552251;0;0;0,184127024922385;0;0;0;0;0;0;0;0;0;0;0;0;0;0;0;0;0;0;0;0;0;0,213203732124724;0;0;-0,197273062021757;0,21281399723989;0;0;0;0;0;0;0;0;0,216638683631073;0;0;0;0;-0,216726518585127;0;0;0,221464775267552;0;0;0;0;0;0;0;0;0;0;0;0;0;0;0;0;0;0;0;0;0;0;0;0;0;0;0;0;0;0;0,262281735414508;0;0;0;-0,208489181910677;0;0;0;0;0;0;0;0;0;0;0;0;0;0;0;0;0;0,245729325528886;0;-0,20253786272699;0;0;0;0,212281012053609;0;0
"57";0;0;0;0;0;0;0;0;0;0;0;0;0;0;0;0;0;0;0;0;0;0;0;0;0;0;0;0;0;0;0;0;0;0;0;0;0,150202750828906;0;0;0;0;0;0;0;0;0;0;0;0;0;0;0;0;0,149644594124461;0;0;0;0;0;0;0;0;0;0;0;0;0;0;0;0;0;0;0;0;0;0;0;0;0;0;0;0;0;0;0;0;0;0;0;0;-0,211070586510164;0;0;0;0;0;0;0;0;0,190341651413842;0;0;0;0;0;0,189864171073165;0;0;0;0;0;0;0;0;0;0;0,218707062856115;0;0;0;0;0;0;0;0;0;0;0;0,185736958564818;0;0;0;0;0;0;0;0;0;0;0,199505814653126;0;0;0;0;0;0;0;0;0;0;0
"58";0;0;0;0;0,162879194380513;0;0;0;0;-0,177190212057971;0;0;0;0,167351633043923;0;-0,181367962107532;0,193390041136851;0;0;0;-0,184549166941725;0;0;0;0;0;-0,184665369690685;0;0;0;0;0;0;0;0;0;0;0;0,184169176955363;0;0;0;0;0;0;0;0;0;0;-0,181096443482232;0;0;0;0;0;0;0;0,408174227224663;-0,172889254667084;0;0;0;0;0;0;0;0;0;0;0;0;0;0;0;0;0;0;0;0;0;0;0;0;0;0;0;0;0;0;0;0;0;0,186450885078001;0;-0,160904389291683;0;0;0;0;0;0;0;0;0;0;0;0;0;0;-0,15778753969839;0,180861748004481;0;0;0;0,170151073458927;0;0;0;0;0;0;0;0;0;0;0;0,155491261434205;0;0;0;0;0;0;0;0;0;0;0;0;0;0;0;0;0;0;0;-0,192716463495016;0;0;0;0
"59";0;0;0;0;0;0;0,171438294116909;0;0;0;0;0;0;0;0;0;0;0;0;0;0;0;0;-0,165108583407592;0;0;0;0;0;0;0;0;0;0;-0,161989259211917;0;0;0;0;0;0;0;0;0;0;0;0;0;0;0;0,156828017346747;0;0;0;0;0;0;0;0;0;0;0;0;0,190483102002321;0;0;0;0;0;0;0;0;0;0;0;0;0;0;-0,190597057420849;0;0;0;0;0;0;0;0;0;0;0;0;0;0;0;0,169070845927626;0;0;0;0;0;0;0;0;0;0;0;0;0;0;0;0;0;0;0;0;0;0,206276066954144;0;0;0;0;0;0;0;0;0;0,163382983029622;0;0;0;0;0;0;0;0;0;-0,181148307294848;0;0;0,188166190171022;0;-0,177931112718761;0,223760042915245;0;0;0;0;0;0;0;0
"60";0;0;0;0;0;0;0;0;0;0;-0,183660633896786;0;0;0;0;0;0;0;-0,183851083679466;0;-0,178865683262597;0;0;0;0;0;0;0;0,170357105392245;0;0;0;0;0;0;0;0;0;0;0;0,180100653587686;0,19105746307685;0;0;-0,184849813676301;0;0;0;0;0;0;0;0;0;0;0;0;0;0;0;0;0;0;0;0;0;0;0;0,18501722114999;0;0;0;0;0;0;0;0;0;0;0;0,188929847168614;0;0;0;0;0;0;0;0;0;0;0;0;0;0;0;0;0;0;0;0;0;0;0,194449049549796;0;-0,170655721992314;0;0;0;0;0;0;0;0;0;0;0;0;0;0;0;0;0;-0,172372561712166;0;0;0;0;0;-0,168579442451794;0;0;0;0;0;0;0;0;0;0;0;0;0;0;0;0;0;0;0;0;0
"61";0;0;0;0;0;0;0;0;0;0;0,206046053137046;0;0;0;-0,193775691340314;-0,197207637749817;0;0;0;0;0;0,204786881308632;0;0;0;0;0;0;0;0;-0,19685478577523;0;0;0;0;0;0,185744209750886;0;0;0;0;0;0;0;0;-0,215551318501546;0;0;0;0;0;0;0;0,185053980208403;-0,196413439547503;0;0;0;0;0;0;0;0;0;0;0;0;0;0;0;0;0;0;0;0;0;0;0;0;0;0;0,188839639868271;0;0;0;0;0;0;0;0;0;0;0;0;0;0;0;0;0;0;0;0;0;0;0;0;0,189310263199068;0;0,168323209678378;0;0;0;-0,175581307101831;0;0;0;0;0;0;0;0;0;0;0;0;0;0;-0,206224810856569;0;0;0;0;0;0;0;0;0;0;0;0;0;0;0;0;0;0;0;0;0;0;0,190210662720848
"62";0;0;0;0;0;0;0;0,200302830894611;0;0;0;0;0;0;0;0;0;0,175547746207567;0,187537435936974;0;0;0;0;0;0;0;0;0;0;0;0;0;0;0;0;0;0;0;0,18207640246279;-0,173229675888612;0;0,194888308651603;0;0;0,188556191220061;0;0;0;0;0;0;0;0,173253008566286;0;0;0;0;0;0;0;0;0,729930188506842;0;0;0;0,191662533220028;0;0;-0,201325125817527;0;0;0;0;0,190590143862178;0;0;0,193299960814448;0;0;0;0;0;0;0;0;0;0;0;0;0;0;0;0;0;0;0;0;0;0;-0,18616476878611;0;0;0;0;0;0;0,205078522697852;0;0;0;0;0;0;0;0;0;0;0;0;0;0;0;0;-0,187565932827724;0;0;0;0;0;0;0;0;-0,204211093108946;0;-0,186674552939083;0;0;0;0;0;0;0;0;0;0;0;0;0;0;0;0
"63";0;0;0;0;0;0,160447641135496;0;0;0;0;0;0;0;0;0,164493645654589;0;0;0;0;0;0;0;0;-0,160466178720666;0;0;0;0,175475587762247;0;0;0;0;0;0;0;0;0;0;0;0;0;0;0;0;0;0;0;0;0;0;0;0;0;0;0;0,166736081321097;0;0;0;0;0;-0,170936350097824;0;0;0;0;0;0;0;0;0;0,173780533104328;0;0;0;0;0;0;0;0;0;0;0;0,187470741680185;0;0;0;0;-0,178453602015251;0;0;0;0;0;0;0;0;0;0;-0,173671141323934;0;0;0;0;0;0,173235479685459;0;0;0;0;0;0;0;0;0;0;0;0;0;0,177564851926058;0;0;0;0;0,183660966214062;0;0;0;0;0;0;0;0;0;0;0;0;0;0;0;0;0;-0,216466317053804;0;0;0;0;0;0;0;0
"64";0;0;0;0;0;0;0;0;0;0;0;0;0;0;0,179436132968488;0;0;0;0;0;0;0;0;0;0;0;0;0;0;0;0,182287371917112;0;0;0,189172395513201;0,171735806503698;0,196246472336974;0;0,185546759349441;-0,185434574109299;0;0;0;0;0;0;0;0;0;0;0;0;0;0;0;0,181878685668307;0;0,165838073905258;0;0;0;0;0;0;0;0;0;0;0;0;0;0;0;0;0;-0,188907598585862;0;0;0;0;0;-0,207872188700258;0;0;0;0;0;0;0;0;0;0;0;0;0;0;0;0;0;0;0;0;0;0;0;0;0;0;0;0;0;0;0,191611196085274;0;0;0;0;0;0;0;0;0,250427037072854;0;0;0;0;0;0;0;0;0;0;0;0;0;0;0;0;0;0;0;0;0;0;0;0;0;0;0,202660833536337;0;0,177665902517478;-0,208348735935076
"65";0;0;0;0,185397393430511;0;0;0;0;0,189204618253156;0;0,185651731424458;0;0;0;0;0;0;0;0;0;0,18080479787945;0;0,192373998071157;0;0;0;0;0;0;0;0;0,174757942710843;0;-0,184069512115801;0;0;0,167359353005339;0;0;0;0;0;0;0;0;0;0;0;0;0;0;0;0;0,166737441992285;0;0;0;0;0;0;0;0;0;0;0;0;0,184499956034044;0;0;0;0;0;0;0;0;0;0;0;0,192879686228962;0;0;0;0;-0,19610831382438;0;0;0;0;0;0;0;0;0;0;0;0;0;0;0;0;0;0;0;0;0;0;0;0;0;0;0;0,184928378961829;0;0;0;0;0;0;0;0;0,241692901877648;0;0;0;0;0;0;0;0;0;0;0,191664444082203;0;0;0;0;0;0;0;0,190419706422582;0;0;0;-0,183553168278038;0;0,206588396848197;0;0;0;0;0
"66";0;0;0;0;0;0;0;0,201773629327156;0,192330387312864;0;0;0;0,166367499631872;0;0;0;0;0;0;0,183310547015366;-0,183791797077864;0;0;0;0;0;0;0;0;0;0;0;0;0;0;0;0;0;0;0;0;0;0;0;0;0;0;0;0;0;0;-0,183702156076227;0;0;0;0;0;0;0;0;0;0;0;0;0;0;0;0;0;0,175156757464964;0,19065439724237;0;0;0;0;0;0;0;0;0;0;0,200702284262241;0;0;0;0;0;0;0;0;0;0;0;0;0;0;-0,183277925560453;0;0,201274273560462;0;0;0;0;0;0;0;0;0;0;0;0;0;0;0,196040334477096;0;0;0;0;0,199604040677341;-0,186741125189501;0;0;0;0;0;-0,177218690099751;0;0;0;0;0;0;0;0;0;0;0;0;0;0;0;0;-0,227652957067697;0;0;0;0;0;0;0;0
"67";0;0;0;0;0;0;0;0;0;0;0;0;0;-0,174516023077279;0;0;0;0;0;0;0;0,196401286129105;0;0;0;0;0;-0,198248116584221;-0,183295021168433;-0,223691722711317;0;0,186013478697761;0;0;0;-0,203251354181643;0;0;0;0;0;0;0;0;0;0;0,199109053791414;0;0;0;0;0,192355926472182;0;0;0;0;0;0;0;0;0;0;0;0;0;0;0;0;0;0;0;0;0,194483547765228;0;0;0;0;-0,185713182381068;0;0;0;0,197978799901338;0;0;0;0;0;0;0;0;0;0;0;0,183169147679693;0;0;0;0;0;0;0;0;0;-0,204772273852015;0;0;0;0;0;0;0;0;0;0;0,17942900913486;0;0;0;0;0;0,239690448368089;0;0;0;0;0;0;0;0;0;0;0,190076482103475;0;0;0;0;0;0;0;0;0;0;0,224563758204981;0;0;0;0;0;0;0;0
"68";0;0;-0,16912918696423;0;0;0,1733028730472;0;0;0;0;-0,188923749750932;0;0;0;0;0;0;0;0;0;0;0;0;-0,173322895882977;0;0;0;0;0;0;0;0;0;0;0;0;0;0;0;0;0;0;0;0;0;0;0;0;0;0,180549103383159;0;0;0;0;0;0;0;0;0;0;-0,203064166874248;0;0,172378510843727;0;0;0;0;-0,527063165325671;0;0;0;0;0;0;0;0;0;0;0;0;0;0;0;0;-0,200974932286971;0;0;0;0;0;0;0;0;0;0;0;0;0;0;0;0;0;-0,188470624013875;0;0;0;0;0;0;0;0;0;0;0;0;0;0;0;0,19647000378293;-0,183809052401487;0;0;0;0;0;0;0;0;0;0;0;0;0;0;0;0;0;0;0;0;0;0;0;0;0,184692582911579;0;0;0;0;0;0
"69";0;0;0;0,186390582649809;0;0;0;0;0;0,174525114492168;0;0;0;0;0;0,178640027484544;0;0;0;-0,18129741923881;0;0,185505665616554;0;0;0;0;0;-0,187250040715157;0;0;0;0;0;0;0;0;0;0;0,181399109582573;0;0;0;0;0;0;0;0;0;0;0;0;0;0;0;0;0;0;0;0;0;0;0;0;0;0;0;-0,192401422183046;0;0;0;0;0;0;0;0;-0,182116324148818;-0,199207484776942;0;0;0;0;0;0;0;0;0;0;0;0;0;0,212747891863347;0;0;0;0,180684226164318;-0,200492011488729;0;-0,207555162126235;0,211421438335434;0;0;0;0;0,218054742230714;0;0;0;0;0;0;0;0;0;0;0;0;0;0;0;0;0;-0,192364050057397;0;-0,193298216673302;0;0,186153101924155;0;0;0,187212946290231;0;0;0;0;0;0;0;0;0;0;0;0;0;0;0;0;0;0;0;0;0;0
"70";0;0;0;0;0;0;0;0;0;0;0;0;0;0;0;0;0;0;0;0;0;0;0;0;0,170533208188087;0;0;0;0;0;0;0;0;0;0;0;0;0;0;0;0;0;0;0;0;0;0;0;0,175696476930665;0;0;0,174123015491098;0;0;0;0;0;0;0,167934456024727;0;0;0;0;0;0;0;0;-0,176289358408969;0;0;0;0;0;0;-0,170737575456944;0;0;0;0,180627342633384;0;0;0;0;0;0;0;0;0;0,174817469000503;0;0;0;0;0;0;0;0;0;0;0;0;0;0;0;0;0;0;0;0;0;0;0;0;0;0;0;0;0;0;0;0;0;0;0;0;0,165076808632528;0;0;0;-0,167640949280709;0;0;0;0;0;0;0;0;0;0;0;0;0;0;-0,174782952817848;0;0;0;0;0;0
"71";0,176922078865797;0;0,176393990729456;0;0;0;0,187697871032629;0;0;0;0;0;0;0;0;0;0,201087347334193;0;0;0;0;0;-0,204173394177886;0;0;0;0;0;0;0;0;0,185476845522645;0;0;0;0;0;0;0;0;0;0,204974440353768;0,202679607236147;0;-0,198314614344887;0,206128558098201;0;0;-0,193534204259389;0;0;0;0;0;0;0,187830987185114;0;0;0;0;0;0;0;0;0;0;0;0;0;0;0,709122160915285;0;0;0;0;0;0;0;0;0,185765467619818;0;0;0;0;0;0;0;0;0;0;0;0;0;0;0;0;0;0;0;0;0,206278174174222;0;0;0;0;0;0;0;0;0;0;0;0;0,198765912265534;0;0;0,212782581197701;0;0;0,18933741469473;0;0;-0,197291234292948;0;0;0;0;0;0;0,182473600224334;0;0;-0,203136952292058;-0,178007703449784;0;0;0;0;0;0;-0,194113736330274;0;0;0,187102166537927;-0,190247518851186;0;0;0;0;0;0
"72";0;0;0;0;0;-0,169215886447166;0;0;0;0;0;0;0;0;0;0;0;0;0;0;0;0;0;0;0;0;0;0;0;0;0;0,173644026250088;0;0;0;0;0;0;0;-0,170571457990957;0;0;0;0;0;0;0;0;0;0;0,160747900050181;-0,179564716382553;0;0,165674648631489;0;0;0;-0,182349890430987;-0,17318275175679;0;0;0;0;0;0;0;0;0;0;0;0;0;0;0;0;0;0;0;0;0,178074712470879;0;0;0;0;0;0;0;0;0;0;0;0;0;0;0;0;0,178132801758488;0;0;0;0;0;0;0;0;0,177073490733439;0;-0,199381396057359;0;0;0;0;0;0;0;0;0;0;0;0;0;0;0;0;0;0;0;0;0;0;0;0;0;0;0;0,213215205132629;0;0;0;0;0;0;0;0;0;0;0;0;0;-0,167548662440757;0
"73";0;0;0;0;0;0;0;0;0;0;0;0,184801128387719;0;0;0;0;0;0;0;0;0;0,185006895362586;0;0;0;0;0;0;0;0;0;0;0,1810922324694;0;0;0,191459550782517;0;0;0;0,172121260146632;0;0;0;0;0;0;0;0;0;0;0;0;0;0;0;0;0;0;-0,174756279972821;0;0,200076840091471;0;0;0;0;0;0;0;0;0;0;0;0;0;0;0;0;0;0,20331671874616;0;0,211478232012638;0;0;0;0;-0,191954093476908;-0,210520553658149;0;0;0;0;0;0;0;0;0;0;0;0;0;0,213315762932776;0;0,200762634090932;0;0;0;0;0;0;0;0;0;0;0;0;0;0,220042080693698;0;0;0;0;0;0;0;0;0;0;0,22980856312947;0;0;0;0;0;0;0;0;0;0;0;0;0;0;0;0,193485527788818;0;0,217767229921477;0,216011340719746;0;0;0;0
"74";0;0;0;0;0;0;0;0;0;0;0;0,182237658867123;0,161821753964753;0;0;0;0;0;0;0;0;0;0;0;0;0;0;0;-0,170265934008579;0;0;0;0;0;0;0;0;0;0;0;0;0;0;0;0;0;0;0;0;0;0;0;0;0;0;0;0;0;0;0;0;0,179392336956665;0;0;0;0;0;0;0;0;0;0;0;0;0;0;0;0;0;0;0;0;0;0;0,203038398914727;0;0;0;0;0;0;0;0;0;0;0,18980145253945;0;0,196487984539151;0;0;0;0;0;0;0;0;0;0,203992456761382;0;0;0;0;0;0;0;0,20315854033466;0;0;0;0;0;0;0;0;0;0;0;0;0;0;0;0;0;0;0;0,218146198060397;0;0;0;0;0;0;0;0;0;0;0;-0,195540255863452;0;0;0
"75";0;0;0,167418257068991;0;0;0;0;0;0;0;0,187012575830147;0;0;0;0;0;-0,190855102660226;0;0;0;0;0;0;0;0;0;0;0;0;0;0;0;0;0;0;0;0;0;0;0;0;0;0;0;0;0;0;-0,176888755560832;0;0;0;0;0;0;0;0;0;0;0,175571298217539;0;0;0;0;0;0;0;0;0;0;0;0;0;0,181594768061758;0;0;0;0;0,183517960147666;0;0;0;0;0;0;0;0;0;0;-0,18294076856862;0;0;0;0;0;0;0;0;0;0;0;0;0;0;0;0;0;0;0;0;0;0,18846926225538;0;0;0;0;-0,19914714423934;0;0,18741723435103;0;0;0;0;0;0;0;0;0;0;0;0;0;0;0,195296596155449;0;0;0;0;0;0;0;-0,186621643893793;0;0;0;0;0;0;0;0;0;0
"76";0;0;0,162721797319987;0;0;0;0;0;0;0;0;0;0;0;0;-0,173969517619081;0;0;0,181954936822011;0;0;0;0;0;0;0;0,177132415850768;0;0;0;-0,173658244239864;0;0;0;0;0,186956548146419;0;0;0;0;0;0,189086993276204;0;0,162331059264443;0;0;0;0;0;0;0;0;0;0;0;0;0;0;0;0;0;0;0;0;0;0;0,187371123245633;0;0;0;0;0;0,176500625202056;0;0;0;-0,1748568549439;0;0;0;0;0;0;0;0;0,168798662980436;0;0;0;0;0;0;0;0;0;0;0;0;0;0;0;0;0;0;0;0;0;0;0;0;0;0;0,172058128812162;0;0;0;0;0;0;0;0;0;0;0;0;0;0;0;0;0;0;0;0;0;0;0;0;0;0;0;0;0;0;0;0;0;0;0;0;0;0
"77";0;0;0;0;0;0;0;0,20967456350137;0;0;0;0;0;0,17319100466804;0,184429977885353;0;0;0;0,196311903554374;0;0;0;0;0;0;0;0,191108866536908;0;0;0;0;0;0;0;0;0;0;0;0;0;0;0;0;0;0;0;0;0;0;0;0;0;0,181359138980659;0;0;0;0;0;0;0;0,210786724828339;0;0;0;0;0;0;0;0;0;-0,201572247189924;0;0;0,187785713156845;0;0;0;0;0;0,184783443339029;0,203420197427139;0;0;0;-0,205925205567954;0;0;0;0;0;0;0;0;0;0;0;0;0;0;0;0;0;0;0;0;0;0;0;0;0;0,194999213394242;0;0;0;0;0;-0,211657734562088;0;0;0;0;0;0,196248280589308;0;0;0;0;0;0;0;0;0;0;0;0;0;0;0;0;0;0;0;0;0;0;0;0;0;0;0;0
"78";0;0,18837480022963;0;0;0;0;0,175053704593603;0;0;0,171831320092925;0;0;0;0,162290296352464;0;0;0;0;0;0,178499094344632;0;0;0;0;0;0,163446007984326;0;0;0;0;0;0,172982297276191;0;0;0;0;0;0;0;0;0;0;0;0;0;-0,192242818307487;0;0;0;0;0;0;0;0;0;0;0;0;0;0;0,197519727454234;0;0;0;0;0;0;0;0;0;0;0;0;0;-0,179273868371146;0;0;0;0;0;0;0;0,178899369651508;0;0;0;-0,201026988790201;0;0;0;0;0;0;0;0;0;0;0;-0,201518199039223;0;0;0;0;0;0;0;0;0;0,17911384674704;0;0;0;0;0;0;0;0;0;0;0;0;0;0;0;0;0;-0,166426923745538;0;0;0;0;0;0;0;0;0;0,184523228586951;0;0;0;0;0;0;0;0;0;0;0;0;0;0
"79";0;0;0;0;0;0;0;-0,203353800202437;0;0;0;0;0;0;0;0,182038184381419;0,194104689477229;0;0;0;0;0;0;0;0;0;0;0;0;0;0;0;0;0;0;0;0;0;0;0;0;0;0;0;0;0;0;-0,179900544924252;0;-0,181765662393517;0;0;0;0;0;0;0;0;0;0;0;0;0;0;0;0;0;0;0;-0,177477214805839;0;0,183023741296308;0;0;0;0;0;0;0;0;0;0;0;0;0;0;0;0;0;0,211581437354884;0;0;0;0;0;0;0;0;0;0;0;0;0;0;0;0;0;0;0;0;0;0;0,19243941386594;0;0;0;0;0;0;0;0;0;0;0,189768309125485;0;0;0;0;0;0;0;0;0;0;0;0;0;0,195292585903518;0;0;0;0;0;0;0;0;0;0;0,20280751916051;0;0
"80";0;0;0;0;0;0;0;0;0;0;0;0;0,184851339210186;0,185181714830151;0;0;-0,213994323194899;0;0;0;0;0;0;0;0;0;0;0;0;0;0;0;0;0;0;0;0;0;0;0;0;0;0;0;0;0;0;0,198334699986602;0;0;0;0;-0,193915361949255;0;0;0;0;0;0;0;0,225380337979793;0;0;0;0;0;0;0;0;0,195663054649417;0;0;0;0;0;0;0;0;0;-0,298797412775457;0;0;0;0;0,198945044137646;0;0;0;0;0;0;0;0;0;0;0;0;0;0;-0,177962617580316;0;0;0;0;0;0;0;0;0;0;-0,188389405796767;0;-0,181825834089159;0;0;0;0;0;0;0;0;0;0;-0,179302048355167;0;0;0;0;0;0;0;0;0;0;0;0;0;0;0;0;0;0;0,221815277467499;0;0;0;0;0;0;0;0
"81";-0,163423882832314;0;0;0;0;0;0;0;0;0;0;0;0;0;0;0;0;0;0;0;0;0;0;-0,166976230394782;0;0;0;0;0;0;0;0;-0,17706593304151;0;0;0;0;0;0;0,168294416102544;0;0;0;0;0;0,190402065943317;0;0;0;0;0;0;0;0;0;0;0;0;0;0;0;0;-0,166066426452885;0;0;0;0;0;0;0;0;0;0;0;0;0;0;0;0;0;0,511871765833348;0;0;0;0;0;0;0;0,201306343680938;0;0;0;0;0;0;0;0;0;0;0;0;0;0;0;0;0;0;0;0;0;0;0,199422059553;0;-0,210278373681271;-0,195108172694513;0;0;0;0,214100905131569;0;0;0;0;0;0;0;0;0;0;0;0;0;0;0;0;0;0;0;0;0;0;0;0;0,197939067335037;0;0;0;0;0;0;0
"82";0;0;0;0;0;0;0;0;0;-0,165111469729909;0;0;0;0;0;0;0;0;0;0;0;0;0;0;0;0;0;0;0;0;0;0;0;-0,175073943750006;0;0;0;0;0;0;-0,173156128658802;0;0;0;0;0;0;0;0;0;0;0;0;0;0;0;0;0;0;0;0,189795274126876;0;0;0,175750269858207;0;0;0;0;0;0;0;0;0;0;0;0;0;-0,169271886867772;0;0;0;-0,0752689877990633;0;0;0;0;0;0;0;0;0;0;0;0;0;0;0;0;0;0;0;0;0;0;0;0;0;0;-0,190943604379837;0;0;0,19843852172955;0;0;0;0,218058906796898;0;0;0;0;0;0;0;0;0;0;0;0;0,190229157054739;0;0;0,2056666973739;0;0;0;0;0;0;-0,201829400430327;0;0;0;0;0,196962843541647;0;0;0;0;0;0;0
"83";0;0,190389333458454;0;0;0;0;0;0;0;0;0;-0,184390306092623;0;0;0;0;0;0;0;0;0,180881643955337;0;0;0;0;0;0;0;0;0;0,177445596803211;0;0;0;0;0;0;0;-0,180509205463425;0;-0,182130533393285;0;0,191047703697182;0;0;0;0;0;0;0,177497536046179;0;0;0;0;0;0;0;0;0;0;0;0;0;0;0;0;0;0;0;0;0;0;0;0;0;-0,176108255347152;0;0;0;0;0;0;0;0;0;0;0;0;0;0;0;0;0;0,176448675529463;0;0;0;0;0;0;0;0;0;0;-0,17243203426012;0,173122000086428;0;0,194932092446495;0;0;0;0;0;-0,186284999510239;0;0;0;0;0;0;0;0;0;0;0;0;0;0;0;0;0;0;0;0;0;0;0;0;0;0;0;0;-0,216324518671005;0;0;0;0;0;0;0;0
"84";0;0;0;0;0;0;0;0;0;0;0;0;0;0;0;0;0;0;0;0;0;0;-0,184387795645907;0;0;0;0;0;0;0;0;0;0;0;0;0,183025565749642;0;0;0;0,164539146191057;0;0;0;0;0;0,186153492723359;0;0;0;0;0;0;0;0;0,169625720889819;0;0;0;0;0;0;-0,173902209916424;0;0;0;0,175179151917788;0;0;0;0;0;0;0;0;0;0;0;-0,170581128443006;0;0;0;0;0,172405371128544;0,479901449987665;-0,214082455137169;0;0;0;0;0;0;0,182051698152587;-0,208988386652633;0;0;0;0;0;0;0;0;0;0;0;0;0;-0,210959662337381;0;0;0;0;0;0;0;0;0;0;0;0,209283716591083;-0,195797021881111;0;0;0;0,192944855145219;0;0;0;0;0;0;0;0;0;0;0;0,230012026834503;0;0;0;0;0;0;0;0;0;0;0;0,206176458626328;0;0;0
"85";0;0;0;0;0;-0,167719989473255;0;0;0;0,170963817380911;0;0;0;0;0;0;0;0;0;0;0;0;0;0;0,174308064142616;0;0;0;0;0;-0,174681655139353;0;0;0;0,164570340837425;0;0;0;0;0;0;0;0;0;0;0;0;0;0;0;0,159326861504118;0;-0,169086349072912;-0,164210056797087;0,174290020822487;0;0;0;0;0;0;0;0;0;0;0;0;0;0;0;0;0;0;0;0;0;0;0;0;0;0;0;0,177146104766863;0;0;0;0;0;0;0;0;0;0;0;0;0;0;0;0;0;0;0;0;0;0,197038055521517;0;0,218473075556728;0;0;-0,18315927229571;0;-0,201877832819158;0;0;0;0;0;0;0;0;0;0;0;0;0;0;0;0;0;0;0;0;0;0;0;0;0;0,205633454565455;0;0,207872463244735;0;0;0;0;0;0,225523081289252;-0,223704655517295;0;0;0;0
"86";0;0;0;-0,17366051411787;0;0;0;-0,185928382378844;0;0;0;0;0;0;0;0;0;0;0;0;0;0;0;0;0;0;0;-0,174461273079879;0;0;0;0;-0,169178902031141;0;0;0;0;0;-0,169009947727987;0;0;0;0;0;0;0;0;0;0;0;0;0;0;0;0;0;0;0;0;0;0;0;-0,15866934541806;0,173082757386523;0;0;-0,179260826476908;0;0;0;0;0;0;0;0;0;0;0;0;0;0;0;0;0;0;0;0;0;0;0;0,197190229191613;0;0;0;0;0;0;0;0;0;0;0;0;0;0;0;0;0;0;0;0;0;0;0;0;0;0;0;0;0;0;0;0;0;0;0;0;0,213393382498597;0;0;0;0;0;0;0;0;0;0;0;0;0;0;0,22164308050386;0;0;0;0;-0,191449328264272;0;0;0
"87";0;0;0;0;0;0;0,168001913051306;0;0;0;-0,17636266872306;0;0;0;0;0;0;0;0;0;0;0;0;0;0;0;0;0;0;0;0;0;0;0;0;0;0;0;0;0;0;0;0;0;0;0;-0,177701533371026;0;0;0;0;0,171674479066733;0;0;0;0;0;0,174337270028719;0;0;0;0;0;0;0;0;0;0;0;0;0;0;0;0;0;0;0;0;0;0;0;0;0;0;0;0;0;0;0;0;0;0;0;0;0;0;0;0;0;0;0;0;0;-0,221657682413337;0;0;0;-0,219042759286556;0;0;0,20645068330219;0;0;0,209326128880587;0;0;0;-0,20529828382279;0;0;-0,259455190307061;0;0;-0,196492102323102;0;0;0;0;0;0;0;0;-0,213929397507011;0;0;-0,234240745514012;0;0;0;0,204413868939751;0;0;0;0;0;0;0;0;0;0;0
"88";0;0;0;0;0;0;-0,181750722555217;0;0;0;0;0;0;0;0;0;0;0;0;0;0,185814468685061;0;0;0;-0,181894865427535;0;0;0;0;0;0,182284717064122;0;0;0;0;0;0;0;0;0;0;0,19847988916812;0;0;0;0;0;0;0;0;0;0;0;0,171357339833204;0;0;0;0;0;0;0;0;0;0;0;0;0;-0,188034515182164;0;0;0;0;0,18526829329311;-0,182698343492839;0;0;0;-0,182900443551768;0;0;0;0;0;0;-0,181977057578105;0;0;0;0;0;0;0;0;0;0;0;0;0;0;0;0;0;0;0;0;0;0;0,192933254844407;0;0;0;0;0;0;0;0;0;0;0;0;0;0;0;0;0;0;0;0;0;0;0;0;0;0;0;0;0;-0,178108791455975;0;0;0;0;0;0;0,176473186106569;0;-0,193761107216033;0;0;0;0
"89";0;0;0;-0,175585787049542;0;0;0;0;0;0;0;0;0;0;0;0;0;0;0;0;0;0;0;0;0,167624153432536;0;0;0;0;0;0;0;0;0;0;0;0;0;0;0;0;0;0;0;0;0;0;0;0;0;0;0;-0,16260266706396;0;0;0;0;0;0;0;0;0;0;0;0;0;0;0;0;0;0,180725301098021;0;0,170732916226931;0,168364593962188;0;0;0;0;0,174449705142363;0;0;0;0;0;0;0;0;0;0;0;0;0;0;0;0;0;0;0;0;0;0;0;0;0,2071871003112;0;0;-0,200812731024714;0;0;0;0;0;0;0;0;0;0;0;0;-0,186379397154944;0;0;0;0;0;0;0;0,218755004474404;0;0;0;0;0;0;-0,182791578052008;0;0;0;0;0;0;0,180676049174021;0;0;0;0;0;0;0;0;0
"90";0;0;0;0;0;0;0;0;0;0;-0,200814929554022;0;0;0;0;0;0;0;0;0;-0,195572120284613;0,199587725741235;0;0;0;0;0,195695263717735;0,201464519410111;0;0;0;0;0;0;0;0;0;-0,195287508532837;0;0;0;0;0;0;0;0;0,202339424572782;0;0;0;0;-0,195476733651296;0;0;-0,191426869991829;0,191430642404761;0;0;0;0;0;0;0;0;0;0;0;0,19790874780152;0;0;0;0;0;0,192292358405855;0;0;0;0;0;-0,219658353097258;0;0,184976727402415;0;0;0;0;0;0;0;-0,0961906237062067;-0,220991272482036;0;0;0;0;0;0,199977333473295;0;0;0;0;0;-0,208923530490109;0;0;0;0;0;0,195197282978189;0;0;0;0;0;0;0;0,228986676545072;0;0;0;0;0;0;0;0;0;0;0;0;0;0;0;0;0;0;0;0;0;0,206325583499234;0;0;-0,197520995804584;0;0;0;0,226619354275056;0;0;0;0;0
"91";0;0,194885289376733;0;0;0;0;0;0;0;0;0;0;0;0;0;0;0;0;0;0;0;0;0;0;-0,181247428378444;0;0;0;0,1763454130513;0;0;0;0;0;0;0;0;0,184883631035382;0;0;0;0;0,195559206723682;0;0,191347561759447;0,19888699141702;0;0;0;0;0;0;0;0;0;0;0;0;0;0;0;0;0;0;0;0;-0,195978724334148;-0,187365224648038;0;0;0,195413342267047;0;0;-0,182048046541868;0;0;0;0;0;0;0;0;0;0;0,181329327974062;0;0;0;0;0,199158308249615;0;0;0;0;0;0;0;0;0;0;0;0;0;0;0;0;0;0;0;0;0;0;0;0;0;0;0;0;0;0;0;0;0;0;0;0;0;0;0;0;0;0;0;0;-0,197266076159409;0;0;-0,203977993554969;0;0;0;0;0;0;0;0;0,221903711522769;0;0;0;0
"92";0;0;0;0;0;0;0;0;0;0;-0,180707362254302;0;0;0;0;0;-0,184420336554413;0;0;0;0;0;0;0;0;0;0;0;0;0;0;0;0;0;0;0;0;0;0;0;0;0;0;0;0,181877419966958;-0,189043709422299;0;0;0;0,172696933407066;0;0;0;0;0;0;0;0;0,169651832491045;0;0;0;0;0;0;0;0;0;0;0;0;0;0;-0,173038154814246;0;0;0;0;0;0;0;0;0;0;0;0;0;0;0;0;0,17921661818045;0;0;0;0;0;0;0;0;0;0;-0,174715138567858;0;0;-0,167557460910993;0;0;0,189421452925212;0;0;0;0;0;0;0;0;0;0;0;0;0;0;0;0;0;0;0;0;0;0;0;0;0;0;0;0;0;0;0;0;0;0;0;0;0;0;0;0;0;0;0
"93";0;0;0;0;0;0;0;0;0;0;0;0;0;0;0;0;0;0;0;0;0,168708177614352;0;-0,179503348448811;0;0;0;0;0;0;0;-0,165503378937404;0;0;0;0;0;0;0;0;0;0;0,180207605099937;0;0;0;0;0;0;0;0;0;0;0;0;0;0;0;0;0;0;0;0;0;0;0;0;0;0;0;0;0;0;0;0;0;0;0,177216495178693;0;0;0;0;0,159568176362321;0;0;0;0;0;0;0;0;0,171801763935743;0;0;0;0;0,202321485860575;0;0;0;0;0,215656471537017;0,200566296846538;0;0;0;0;0;-0,217448583264838;0;0;0;0;0;0;0;0;0;0;0;0;0;0;0;-0,195062048214028;0;0;0;0,232330246823398;0;0;0;0;0;0;0;0;0;0;0;0;0;0;0;0;0;-0,22015678436317;0;0;0;0,182731287853856;0
"94";0;0;0;0;0;0;0;0;0;0;0;0;0;0;0;0;0;0;0;0;0;0,1694162224862;0;0;0;0;0;0;0;0;0;0;0;0;0;0;0;0;0;0;0;0;0;0;0,17156160475317;0;0;0;0;0;0;0;0;0;0;0;0;0;0;0;0;0;0;0;0;0;0;0;0;0;0;0;0;0;0;0;0;0;0;0;0,161839627850846;0;0;0;0;0;0;0;0;0;0;0;0,154036905666431;-0,875340646831319;0;0;0;0;0;0;-0,200905767773256;0;0;0;0;0;0;0;0;0;0;0;0;0;0;0;-0,207240770941638;0;0,197108306434756;0;0;0;-0,192152888007826;-0,181719984012335;-0,190737212012142;0;0;0;0;0;0;0;0;0;0;0;0;-0,187009968901856;0;0;0;0;0;0;0,185292622424865;0;0;0;0;0;0
"95";0;0;0;0;-0,15590103663817;0;0;0;0;0;0;0;0;0;0;0;0;0;0;0;0;0;0;0;0;0;0;0;0;-0,205318437970305;0;0;0;0;-0,16325649956776;0,186556972471351;0;0;-0,176278902368975;0;0,177862233851279;0;0,186570426817796;0;0,182552367981566;0;0;0;0;0;0;0;0;0;0;0,172901990124268;0;0;0;-0,173773299927689;0;-0,177257585054884;0;0;0;0;0;0;0;0;0;0;0;0;0;0;0,18555108086937;0;0;0;0;0;0;0;0;0;0;0;0;0;0;0;0;0;-0,230822919867933;0;0;0;0;0;0;0;0;0;0;0;0,184052805262705;0;0;0;0;0;0;0;0;0;0;0;0;0;0;0;0;0;0;0;0;0;0;0;0;0;0;0;0;0;-0,168590915685457;0;0;0;0;0;0;0;0;0;0;-0,179879675426374;0;-0,157694431240201;0
"96";0;0;0;-0,192891255740262;0;0;0;0;0;-0,180611960186078;0;0;0;-0,170583386821137;0;0;0,197124626719028;0;0;0;0;0;0;0;0;0;0;0,193780688795968;0;0;0;-0,181821752702872;0;-0,191509700748959;0;0,198671180794294;0;0;0;0;0;0;0;0;0;0;0;0;0;0;0;0;0;0;0;0;0;0,190937617603886;0;0;-0,207613054079063;0;0;0;0;0;0;-0,190360533854882;0;0;0;0;0;0;0;0;-0,197599970913101;0;0,191643203324507;0;0;0;0;0;0;0;0;0;0,177163844418437;0;0;0;0;0;0;0;0;0;0;0;0;0;0;0;0,184192297336029;0;0;0;0;0;0,196256604393694;0,188716548738571;0;0;0;-0,207375684689393;0;0;0;0;-0,246643865874013;0;0;0;0;0;0,168726595417032;0;0;0;0;0;0;0;0;0;0;0;0;0;0;0;0;0;0;0;0;0;0;0;0
"97";0;0;0;0;0;0;0;0;0;0;0;0;0;0;0;0;0;0;0;0,165415668162492;0;0;0;0;0;0;0,165954366964068;0;0;0;0;0;0;0;0;-0,175158541413253;0;0;0;0;0;0;0;0;0;0;0;0;0;0;0;0;0;0;0;0;0;0;0;0;0;0;0;0;0;-0,167649391549499;0;0;0;0;0;-0,163873500933771;0;0;0;0;-0,174214108709994;0;0;0;0;0;0;0;0;0;0;0;0;0;0;0;0;0;0;0;0;0;0,196176993140767;0;0;0;-0,186627891494791;0;0;0;0;0;0;0;0;0;0;0,191075603810211;0;0;0;0;0;0;0;0;0;0;0;0;0;0;0;0;0,175920331836281;-0,187811343503724;0;0;0;0;0;-0,184581837917022;0;0;0;0;0;0;0;0;0;0;0;0;-0,197039735749083
"98";0;-0,200569132699111;0;0;0;0;0;0;0;0;0;0;0;0;0;0;0;-0,183342197313013;0;0;0;0;0;0;0;0;0;0;0;0;0;0;0;0;0;0;0;0,190275775281046;0;0;0;0;0,201262704893403;0;0;0;0;0;0,19218123603947;0;0;0;0;0;0;0;0;0;0;0;0;0;0;0;0;-0,192620562514248;0,201694457764809;0;0,190505191571077;0;0;0;0;0;0;0;0;0;0;0,214021182135726;0;0,180229603418424;0;0;0,186617810718208;0;0;0;0;0;0;0;0;0;0;0;0;0;0;0;0;0;0;0;0;0;0,211424708437737;0;0;0;0;0;0;0;0;0;0;0;0;0;0;0;0;0;0;0;0;0;0;0;0;0,202481077290701;0;0;0;0;0;0;0;0;0,2011788062358;-0,19022390076254;0;0;0;0;0;0;0;0;0
"99";0;0;0;0;0;0;0;0;0;0;0;0;0;0;0;0;0;0;0;0;0;0;0;0;0;0;0;0;0;0;0;0;0;0;0;0;0;0;0,174286540628453;0;0;-0,186550308905403;0;0;0;0;0;0;0;0,171378692007099;0;0,174560959729083;0;0;0;0;0;0;0;0,171809257324476;0;0;0;0;0;0,176541031137423;0;0;0,174602246603357;0;0;0;0;0;0;0,170037303758375;0;0;0;0;0;0;0;0;0;0;0;0;0;0,1878566090855;0;0;0;0;0;0;0;0;0,116535530192778;0;0;0;-0,204953177922918;0;0;0;0;0;0;0;0;0;0;0;0;0;-0,22463504685099;0,205799930998263;0,213652137315971;0;0;0;0;0;0;0,189691309773403;0;0;0;0;0;0;0;0;0;0,23481311371008;0;0;0;0;0;0;0;-0,197524175661344;0;0;0;0;0;0;0,216387377553337
"100";0;0;0;0,183517205002911;0;0;0;0;0;0;0;0;0;0;0;0;0;0;0;0;0;0;0;0;-0,175195934966186;0;0;0;0;0;0;0;0;0;0;0;0;0;0;0;0;0;0;0;0;-0,192246547858114;0;0,173820734500065;0,18050037803888;0;0;0;0;0;0;0;0;0;0;0;0;0;0;0;0;0,180913002061986;0,189435382065178;0;0;0;0;0;0;0,175969822071492;0;0,174248212368873;0;-0,176164479071278;0;0;0;0;0;0;0;0;0;0;0,168554108015254;0;0;-0,173232929506966;0;0;0;0;0;0;0;-0,361844895640388;0;0;0;0;0;0;0;0;0;0;0;0;0;0;0;0;0;0;0;0;-0,236017728980713;0;0;0;0;-0,172135241628696;0;0;0;0;0;0;0;0;0;0;0,179013305020638;0;0;0;0;0;0;0;0;0;0;0;0;0;0
"101";0;0;0;0;0;0;0;0;0;-0,171213355123164;0;0;0;0;0;0;0;0;0;0;0;0;0;0;0;0;0;0;0;0;0;0;0;0;0;0,188332818020618;0;0;-0,177956910432972;0;0;0;0;0;0,184290093491868;0;0;0;0;0;0;0;0;0;0;0;0;0;0;0;0;0;0;0;0,17732929722746;0;0,188750444990576;0;-0,178279264985977;0;0;0;0;0;0;0;0;0;0;0;0;0;0;0;0;0,166103181683747;0,168456646549214;0;0;0;0;0;0;0;-0,1732471191242;-0,184497042751378;0;0;0;0;0;0;0;0;0;0;0;0;0;0;0;0;0;0,212105479051873;0;0;-0,227062833885418;0;0;0;0,262900134478519;0;0;0;0,208980750699279;0;0;0,237140929729482;0;0,194719758276247;0;0,208481952645303;-0,216769868072171;0;0;0;0;0;0;-0,20712799605178;0;0;0;0;0;0;0;0;0;0;0
"102";0;0;0;0;0;0;0;-0,201569861785588;0;0;0;0;0;0,166496528193398;0;0;0;0;0,188723718344894;0;0;0;0;0;0;0;0;0;0;0;0;0;-0,183411308500336;0;0;0;0;0;0;0;0;0;0;0;0;0;0;0;0;0;0;0,183516638588887;0;0,169320873436358;0;0;0;0;0;-0,180623762790803;0;0;0;0;0;0;0,194341388626162;0;0;0,175920280923648;0;0;0;0;0;0;0;0,180726795153491;0;0;0;0;0;0;0;-0,171023294727887;0,173446471160985;0;0,172919330344835;0;0;0;0;0;0;0;0;0;0,176362745540734;0;0;0,184519947040826;0;0;0;0;0;0;0;0;0;0;0;0;0;0;0;0;0;0;0,244504169232697;0;0;0;0;0;0;-0,220547418621858;0;0,181094592534016;0;0;0;0;0;0;0;0;0;0;0;0;0;0;0;0;0,207306215834729;0;-0,197892515900949;0;0
"103";0;0;0;0;0;0;0,170604489144995;0;0;0;0;0;0;0;0;0;0;0;0;0;0;0;0;0;0;0;0;0;0;0;0;0;0;0;0;0;0;0,17416518965012;0;0;0;0;0;0;0;0;0;0;0;0;0;0;0,165624971168927;0;0,17072211820783;0;0;0;0;0;0;0,175026248862572;0;0;0;0;0;0;0;0;0;0;0;0;0;0;0;0;0;-0,195900080925985;0;0;0;0;0,170816943711407;0;0;0;0;0;0;0;0;0;0;0;0;0;0;0;0;0;0;0;0;0;0;0;0;0;0;0;0;0;0;0;0;0,195782423703577;0;0;-0,247429082479014;0;0;0;0;0;0;0;0;0,183260960388606;0;0;0;0;0;0;0;0,192839301195737;0;0;0,194951322825727;0;0;0;0;0,211491430182075;0;0;0;0;0
"104";0;0,228846911996832;0;0;0;0;0,212663794101003;0;-0,227519550764729;0;0;0;0;0;0;0;0;0;0;0;0;0;0;0;0;0;0;0;0;0,252714063864203;0;-0,210147347275315;0;0;0;0,229621709192312;0;0;0;0;0;0;-0,229638269334697;0;0;0;-0,224941976063734;0;0;0;0;0;0;0,200502652884436;0;0;0;0;0;0,213887058804581;0;0;0;0;0,216205846369183;0;0;0;0;0;0;0;0;0;0,217790655270513;0;0;0;0;0,244195534849065;0,2119598981127;0;0,216297738681071;0;0;0;0;0;0;0;0;0,210447744826078;0;0;0;0;0;0;0;0;0;0;0;0;0;-0,201128788109206;0;0;0;0;0;0;0,206011685675014;0;0;0;0;0;0;0,206155249164449;0,268249414012031;0;0;-0,203152194580436;-0,213232922174318;0;0;0;0;0;0;0;-0,221180526214514;0;0;0;0,203460199280485;0;0;0;0;0;0;0;0;0;0;-0,217083788055587;0;0;0,223176486764375
"105";0;0;0;0;0;0;0;0;0;0;0;0;0;0;0;0;0;0;0;0;0;0;0;0;0;0;0,156822345609075;0;0;0;0;0;0;0;0;0;0;0;0;0;0;0;0;0;0;0;0;0;0;0;0;0;0;0;0;0;0;0;0;0;0;0;0;0;0;0;0;0;0;0;0;0;0;0;0;0;0;0;0;0;0;-0,148232939945742;0;0;0;0;0;0;0;0;0;0;-0,145422381274888;0;0;0;0;0;0;0;0;0;-0,150344987785218;0;0;0;0;-0,1979639183335;0;0;0;-0,179415173471895;0;0;0;0;0;0;0;0;0;0;0;0;0,186395309444336;0;0;0;0;0;-0,174177228803936;0;0;0;0;0;0;0;0;0;0;0;0;0;0;0;-0,198813356650503;0;0,189785314366293;0;0
"106";0;0;0;0;0;0,179030889515891;0;0;0;0;0;0;0;0;0;0;0;-0,182879978946605;0;0;0;0,193975373154366;0;0;0;0;-0,190192366104742;0,195799391895509;0;0;0,186462044267498;0;0;0;0;0;0,175938039426416;-0,189796076884789;0;0;0;0;0,200755307687315;0;0;0;0;0;0;0;0;0;0;0;0;0;0;0;0,183227844304727;0;0;0;0;0;0;0;0;0;0;0;0;0;0;0;0;0;0;0;0,193639639248854;0;0;0;0;0;0;0;0;0;0;0;0;0;0;0;0;0;-0,173378630436194;0;0,182574132309706;0;0;0;0;0;0;0;0;0;0;0;0;0;0;0;0;0;0;0;0;0;0;0,177432271676471;0;0;0;0;0;0,212358437743832;0;0;0;0;0;0;0;0;0;0;0;0;0;0;0;0;0;0;0;0;0;0;0
"107";0;0;0;0,18272468601461;0;0;0;-0,195632872929994;-0,186477025502411;0;0,18297535744653;0;0,161304289483692;0;0;0,175126567381799;0,186734931994448;0;0;0;0;0;0;0;0;-0,162743323646673;0;0;0;0;0;0;0;0;0;-0,188199973044251;0;0;0;0;0;0;0;0;0;0;0;0;0;0;0;0;0;0;0;0;0;0;0;0;0;0;0;0;0;0;0;0;0;0;-0,188073160435897;0;0;0;0;0;0;0;0;0;0;0;0;0;0;0;0;0;0;0;0;0;0;0;0;0;0;0,186758369543697;0;0;0;0;0;0;0;0;0;0;0;0;0;0;0;0;0;0;0;0;-0,213575919606772;0;0;0;0;0;0;0;0;0;0;0;0,193125306520235;-0,206179256846157;0;0;0;0;0;0;0;0;0;0;0,243588203384772;0;0,200773082304577;0;0;0;0;0;-0,216310184081632
"108";0;0;0;0;0;0;0;0;0;0,177670828412825;0,190010474105971;0;0;0;0;0;0;0;0;-0,1845652000229;0;0;0;0;0;0;0;0;0;0;0;0;0;0;0;0;0;0;0;0;0;0,197663039544544;0,195450062704633;0,169693589340782;0;0;0;0;0;0;0;0;0;0;0;-0,181131090215851;0;0;0;0;0,204232229524227;0;0;0;0;0;0;0;0;-0,177303407407943;0;0;0;0;0;0;0;0;0;0;0;0;0;0;0;0;0;0;0;0;0;0;0;0;0;0;0;0;0,177749350785562;0;0;0;0;0,221281940426219;0;-0,193450003627943;0;0;0;0;0;0;0;-0,213868081925947;0;-0,222880672546856;0,228949732825468;0;0;0;-0,265084842458235;0;0;0;0;0;0;0,239111577947389;0;0;0;0;-0,218571232158495;0;0;0;0;0;0;0;0;0;0;0;0;0;0;0;0;0;0
"109";0;0;0;0;0;0;0;0;0;0;0;0;0;0;0;0;0;0;0;0;0;0;0;0;0;0;0;0;0;0;0;0;0;0,17057702947703;0;0;0;0;0;0;0,168708475000352;0;0;0;0,17315722929481;0;0;0;0;0;0;0;0;0;0;0,164003512419516;0;0;0;0;0;0;0;0;0;0;0;0;0;0;0;0;0;0;0;0;0;0;0;0,18818691191594;0;0,158474278875997;0;0;0;0;0;0;0;0;0;0;0;0;0;0;0;0;0;0;0;0;0;0;0;0;0;0;0,669441120931879;0;0;0;0;0;0;0;0;0;0;0;0;0,17422720031901;0;0;0;0;0;0;0;0,171220740238846;0;0;0;0;0;0;0;0;0;0;0;0;0;0;0;0,197596472009969;0,196003222595777;0;0;0;0
"110";0;0;0;0;0;0;0;0;0;0;0;0;0;0;0;-0,16855494667752;0,17972770765577;0;0;0;0;0;0,182485952429935;0;0;0;-0,171619403888672;0;0;0,199354246221802;0;0;0;0;0;0;0;0;0;0;0;0,183201910916763;0;0;0;0;0;0;0;0;0;0;0;0;0;0;0,153070468171649;0;0;0;0;0;0;0;0;0,173372290023878;0;0;0;0;0;0;0;0;-0,17180481074823;-0,166985298273961;0;0;0;0;0;0;0;0;0;0;0;0,175280292524976;0;-0,184484764269452;0;0;0;0;0;0;0;0;-0,16474511776791;0;0;0;0;0;0;0;0;0;0;0;0,173441196404387;0;0;0;0;0;0;0;0;0;0;0;0;0;0;0;0;0;0;0;0;0;0,179724135838169;0;0;0;0;0;0;0;0;0;0;0;0;0;0;0;0;0;0
"111";0;0;0;0,175679235265532;0;0;0;0;0;0;0;0;0;0;0;0;0;0;0;0;0;0;0;0;0;0;0;0;0;0;0;-0,165597483135736;0;0;0;0;0;0;0;0;0;0;-0,18095645710746;0;0;0;0;0;0;0;0;0;0;0;0;0;0;0;0;0;0;0;0;0;0;0;0;-0,173374334072437;0;0;0;0;0;0;0;0;0;0;0;0;0;0;0;0;0;0;0;0;0;0;0;0;0;0;0;0;0;0;0;0;0;0;0;0;0;0;0;0,174371615312215;0;0;0;0;0;0;0;0;0;0;0;0;0;0;0;0;0;0;0;0;0;0;0;0;0;0;0;0;0;0;0,194433203686874;0;0,196855593845307;0;0,234078355957618;0;0,192934766024622;0;0;0;0;0;0
"112";0;0;0;0;0;0;0;0;0;0;0;0;0;0;-0,161465643383617;0;0;0;0,171868088771197;0;0;0;0;0;0;0;0;0;0;0;0;0;0;0;0;0;0;0;0;0,158755787422813;0;0;0;-0,153332079861483;0;-0,179610414925138;0;0;0;0;0;0;0;0;0;0;0;0;0,161186194027;0;0;0,167789750396492;0;0;0;0;0;0;0;0;0;0;0;0;0;0;0;0;0;0;0;0;-0,166345523743346;0;0;0;0;0;0;0;0;0;0;-0,152666845108046;0;0;0;0;0;0;0;0;0;0;0;0;0;0;0;0;0;0;0;0;0;0;0;0;0;0;0;0;0;0;0;0;0;0;0;0;0;0;0;0,17358651871886;0;0;0;-0,187241808821329;0;0;0;0;0;0;0;0;0;0;0;0;0
"113";0;0;0;0;0;-0,173581127518348;0;0;0;0;0;0;0;0;0;0;0;0;-0,189423307047408;0,183804261136289;0;0;0;0;0;0;0;0;0;0;0;0;0;0;0;0;0;0;0;0,174971668571812;0;0,196848099928536;0;0;0;0;0;0;0;0;0;0;0;0;0;0;0;0;0;0;0;0;0;0;0;0;0;-0,18648860189175;0,184240490883094;0;0;0;0,183745122312417;0;0,184602062200849;0;0;0;0;0;-0,179659840073881;0;0;0;0;0;0;-0,188336422725067;0,173560333028634;0;0;0;0;0;0;0,19066617604502;0;0;0;0,181400258825063;0;0;0,176786307832391;0;0;0;0;0;0;0;0;0;0,568436613073573;0;0;0;0;0;0;0;0;0;0;0;0;0;0;0;0;0;0;0,191226945663612;0;0;0;0;0;0;0;0;0;0;0;0;0;0;0;0;0;0;0
"114";0;0;-0,173612210807422;0;0;0;0;0;0;0;0;0;0;0;0;0,185612702565938;0;-0,181721227830446;0;0;0;0;0;0;0;0;0;0;0;0;0;0;0;0;0;0;0;0;0;-0,179321638011391;0;0;0;0;-0,195187140386454;0;0;0;0;0;0;0;0,179345791228548;0;0;0;0;0;0;0,185800457498466;0;0;0;0,193021464410488;0;0;0;0;0;0;0;0;0;0;0;0;-0,198393399499289;0;0;0;0;0;0;0;0;0;0;0,193018653225015;0;0;0;0;0;0;0;0;0;-0,197940987572948;0;0;0;0,190724756729891;0;0;0;0;0;0;0;0;0;0;0;0;0;0;0;0;0;0;0;0;0;0;0;0;0;0;0;0;0;-0,20088943328267;-0,208875518466891;0;0;0;0;0;0;0;0;0;0;0;0;0;0;0;0,205032419558668;0;0
"115";0;0;0;0;0;0;0;0;-0,186897288739266;0;0;0;0;0;0;0;-0,187155776475115;0;0;0;0;0;0;0;0;0;0;0;0;0;0,175207200290898;-0,172626788816578;0,178410336385761;0;0;0;0;0;0,178232162903739;0;0;0;0;0;0;0;0;0;-0,1801259241461;0;0;0;0;0;0;0;0,159396804753909;0;0;0;0;0;0,16732731416435;0;0;0;0;0;0;0;0;0;0;-0,175604766964115;0;0;0;0,175799020141638;0;0;0;0;0;0;0;0;0;-0,182524551590719;0;0;0;0;0;0;0;0;0;0;0;-0,175802430679163;-0,175166785947621;0;0;0;0;0;0;0;0;0;0,168293956847518;0;0;0;0;0;0;0;0;0;-0,23505001752322;-0,177149156608899;-0,188229310090677;0;0;0;0;0;0;0;0;0;0;0;0;0;0;0;0;0;0;0;0,220216181581429;0;0;0;0;0;0;0;0
"116";0;0;0;0;0;0;0;0,194317613254337;0,185223321518993;0;0;0;0;0;0;0;0;0;-0,181933659071871;0;0;0;0;0,166737128837153;0;0;-0,177111702044635;0;0;0;0;0;0;0;0;0;0;0,176742667999341;0;0;0;0;0;0;0;0;0;0;0;0;0;0;0;0;0;0;0;0;0;0;0;0;0;0;0;0;0;0;0;0;0;0;0;0;0;0;0;0;0;0;0;0;0;0;0;0;0;0;0;0,190388789733017;0;0;0;0;0;0;0;0;0;-0,174227835840541;0;0;0;0;0;0;0;0;0;0;0,166786612524691;0;0;0,183862702429635;0;0;0;0;0;-0,202890394409459;0,264001181777295;0;0;0;0;0;0;0;0;0,195535260574462;0,19610006825976;0;0;0;-0,198984737217858;0;0;0;0;0;0;0;0;0;0;0;-0,223837025527614;0;0,213672667532354;0;0,219642068810102
"117";0;0;0;0;0;0;0;0;0;0,167363171320041;0;-0,177695261392041;0;0;0;0;0;0;0;0;0;0;0;0;0;0;0;0;0;0;0;0;0;0;0;0;0;0;0;0;0;0;0;0;0;0;0;0;0;-0,171052761571564;0;0;0;0;0,170619322036409;0;0;0;0;0;0;0;-0,163311917716029;0;0;0;0;0,176396638446898;0;0;0;0;0;0;0;0;0;0;0;0,195782124456655;0,169937419935914;0;0;0;0;0,16236791360664;-0,164668454608196;0;0;0;0;-0,16872506122861;0;0;0;0;0;0;0;0;0;0;0;0;0;0,182226910226468;0;0;0;0;0;0;0;0;0;0;0;0;-0,222770959427819;0;0;0;0;0;0,21557037593744;0;0;0;0;0;0;0;0;0;0,204403109079803;0;0;0;0;0;0;0;0;0;0;0;0;0;-0,219490993026114;0;0
"118";0,159289716286196;0;0;0;0;-0,162733397730276;0;0;0;0;0;0;0;0;0,166837042121458;0;0;0;-0,177585540581719;-0,172317649733262;0;0;0;0;0;0;0;0;0;0;0;0;0;0;0;0;0;0;0;0;0;0;0;0;0;0;0;0;0,174246248324592;0;0;0;0;0;-0,169108091217992;0;0;0;-0,16654829645951;0;0;0;0;0;0;-0,174644575401664;0;0;0;0;0;0;0;0;0;0;0;0;0;0;0;0;0;0;0;0;0;0;0;0;0;0;0;0;0;0;0;0;0;0;0,169448986464009;0;0;0;0;0;0;0;0;0;0;0;0;0;0;0;0;0;-0,204092142883981;0;0;0;0;0;0;0;0;0;0;-0,184018093229249;0;0;0;0;0;0;0;-0,193636006438318;0;0;0;0;-0,232771739911453;0;0;0;0;0;0;0;0
"119";0;0;0;-0,197183164955326;0;0;0;0,211112739581093;0;0;0;0;0;0;0;0;0;0;0;0;0;-0,196247008531221;0;0;0;0;0;0;0;-0,223516007865826;0;0;-0,192094509886832;0;0;0;0;0,192018768743186;0;-0,182578505207605;0;0;0;0,176340922091384;0;0,206562555035628;0;0;0;0;0;0;0;0;0;0;0;0,19518605757257;0;0;0;0;0;0;0;0;0;0;0;0;0;0;0,191733382008761;0;0;0;0;0;0;-0,215981691930896;0;0;0;0;0;0;0;0;0;0;0;0;0;0;0;0;-0,175409058444063;0;0;0;0;0;0;0;0;0;0;0;0;0;0,181202198328009;0;0;-0,199754197093285;0;0;0;0;0;0;0;0;0;0;0;0;0;-0,232658562088151;0;0;0;0;0;0;0;0;0;0;0;0,203212923996629;0;0;0;0;0;0,220467896815955;0;0;0;0;0
"120";0;0,209920021838208;0;0;0;0;0;0;0;0;0;0;0;0;0;0;0;0;0;0;0;0;0;0;0;0;0;0;0;-0,231813229823832;0;0;0,199225322577448;0;0;0;0;0;0;0;0;-0,213030961137703;0;0;0,206109370654358;0;-0,206338045445344;0;0;0;-0,178450668627072;0,199339734393383;0;0;0;0;0;0,20243163276985;0;0;0;0,200131336028809;0;0;0;0;0;0;0;0;0;0;0;0;0;0;0,209495044764818;0;0;0,223999229707842;-0,194429656281568;0;0;0,190091212647823;-0,195318264451658;0;0;0;0;0;0;0;0;0;0;0;0;0;0;0;0;0;0,191319891262312;0;0;0;0;-0,202980714755356;0;0;0;0;0;-0,207169347919176;0;0;0,191204692642795;0;0;0;0;0;0;0;0;0;0;0;0;0;0;0;0;0;0;0;0;0;0;0;0;0;0;0;0;0;0;0;0;0;0
"121";0;0;0;0;0,149023370813547;0;0;0;0;0;0;0;0,15284218037851;0;0;0;0;0;0;0;0;0;0,179654160523465;0;0;0;0;0;0;0;0;0,163202885043287;0;0;0;0;0;0;0;0;0;0;0;0;0;0;0;0;-0,170292633566667;0;0;0;0;0;0;0;0,150695141703414;0;0;0;0;0;0,158192715078436;0;0;0;0;0;0;0;0;0;0;0;0;0;0;0;0;0,189645105297682;0;0;0;0;0;0;0;0;0;0;0;0;0;0;0;0;0;0;0;0;0;0;0;0;0;0;0;-0,171850140169614;0;0;0;0;0;0;0,165860366792846;0;0;0;0;0;0;0;0;0;0;0;0;0;0;0;0;0;0;0;0;0;0;0;0,24435232210275;0;0,247396640917787;0,23392500905772;0,294176039625167;0;0;0;0;0;-0,254133230859384;0;0
"122";0;0;0;0,185677356397447;0;0;0;0;0;0;0;0;0;0;0;0;0;0;0;0;0;0;-0,192664496196642;0;0;0;0;0;0;0;0;0;0;0;0;0;0;0;0;0;0;0;0;0;0,187135965560234;0;0;0;0;0;0;0;0;0;0;0;0;0;0;0;0;-0,181708239114546;0;0;0;0;-0,191665195366531;0,183241280445475;0;0;0;0,178919917247129;0,180545573008702;0;0;0;0;0;0;0;0;0;0;0;0;0,168668205100165;0;0;-0,170538131210671;0;0;0;0;0;0;0;0;-0,189776220708342;0;0;0;0;0;0;0;0;0;0;0;0;0;0;0,183535491987883;0;0;0;0;0;0;0;0;0;0;0;0;0;0;0,213458212331562;0;0;0;0;-0,195121561591321;0;0;0,213647215322576;0;0;0;0,186442601078894;0;0;0;0;0;0;0;0;0;0;0
"123";0;0;0;0;0;0;0;0;0;0;0;0;0;0,151746715284128;0;0;0;0;0;0;0;0;0;0;0;0;0;0;0;0;-0,164161822222998;0;0;0;0;0;0;0;0;0;0;0;0;0,153454059200509;0;0;0,173131064777923;0;0,168770460850527;0;0;0;0;0;0;0;0;0,169853330007729;0;0;0;0;0;0;0;0;0,177124818684032;0;0;0;0;0,165346440916178;0;0;0;0;0;0;0;-0,187949949148016;0;0;0;0;0;0;0;0;0;0;0;0;0;-0,152788295236905;0;0;0;0;0;-0,164719528213494;0;0;0;0;0;0;0;0;0,154209316880448;0;0;0;0;0;0;0;0;0;0;0;0;0;0;0;-0,199876067421969;0;0;0;0;0;0;0,19939900054795;0;0;0;0,227010213950646;0;0;0;0;0;0;-0,235577744546999;0;0;0;0;0,203485716066601;0;0,178389049149479;0
"124";0;0;0;0;0;0;0;0;0;0;0;0;0;0;0;0;0;0;0;0;0;0;0;0;0;0;0;0;0;0;-0,177771583871691;0;0;0;0;-0,191384876800129;0;0;0;0;0,182465127205311;0;-0,191398679331348;0;0;0;0;0;0,182762299600925;0;0,162145180616117;0;0;0;0;0;0;0;0;0,178270375838779;0;0;0;0;0;0;0;0;0;0;0;0,179054412842025;0;0;0;0;0;0;0;0;0;0;0,180279626936115;0;0;0;0;0;0;0,194921209875341;0;0;0;0;0;0;0;0;0;0;0;0;0;0;0;0;0;0;0;0;0;0;0,183673457148828;0;0;0,1764111536977;0;0;0;0;0;-0,180475155748847;0;0;0;0;0;0;0;0;0;0;0;0;0;0;0;0;0;0;0;0;0;0;0;0;0;0;0,192461645275337;0;0
"125";0;0;0,161053745779364;0;0;0;0;0;0;0;0;0;0;0;0;0;0;0;0;0;-0,17520632195263;0;0;0;0;0;0;0;0;0;0;0;0;0;0,161929052111289;0;0;0,174951348093675;-0,174845569048717;0;0;-0,187148673667886;0;0;0;0;0;0;0;0;0;0,175120868355448;0;0;0;0;0;0;0;0;0;0;0;0;0;0;0;0,177299626010565;0;0;0;0;0;0;-0,175506043034136;0;0;0;0;0;0;0;0;0;0;0;0;0;0;0;0;0;0;0;0;0;0;0,183622668841257;0;0;0;0;-0,168075399485624;0;0;0;0;0;0;0;0;0;0;0;0;0;0;0;0;0;0;0,17449202663874;0;0;-0,415198915405199;0;0;0;0,183073127408034;-0,184864298466564;0;0;0;0;0;-0,2253377284939;0;0;0;0;0;0;0;0;0;0;0;-0,201986546073964;0;0;0
"126";0;0;0;0;0;0;0;0;0;0;0;0,181771176762334;-0,161407531389356;-0,161696007055681;0;0;-0,186854450640201;0;0;0;0;0;0,189722068097353;0;0;0,162847486598081;0;0,183684731595005;-0,16983009647772;0;0;0;0;0;0,164799705369423;0;0;0;0;0;0;0;0;0;0;0;0;0;0;0;0;0;0;0;0;0;0;0,180989784167231;0;0;0;0;0;0,182233336218464;0;0;0;0;0;0;0;0;-0,177788228621386;0;0;0;0;0;0;0;0;0;0;0;0;0;0;0;0;0;0;0;0;0;0;0,184484906431536;0;0;0;0;0;0;0;0;0;0;0;0;0;0;-0,168022999049616;0;0;0;0;0;0;0;0;0;0;0;0;0;0;0;0;0;0,167970993234794;0;0;0;0;0;0;0;0;0;0;0;0;0;0;0;0;0;0;-0,185324199375753;0;0;0
"127";0;0;0;0;0;0;0;0;0;0;0;0;0;0;0;0;0;0;0;0;0,185766409101033;-0,189580677745038;0;0;0;0;0;0;0;0;0;0;0;0;0;0;0;0;0;0;0;0;0,196207006453274;0;-0,191981410202803;0;0;0;0;0;0;0;0;0;0,181828995830702;0;0;0;0;0;0,205023185061769;0;0;0;0;0;0;0;-0,185719720758823;0;0;0;0;0;0;0;0;0;0;0;0;0;0;0;0;0;0;0;0;0;0;0;0;0;0;0;0;0;0,178437742787285;0;0;0,187592316200213;0;0;0;0;0;-0,189067210961775;0;0;0;0;0;0;0;0;0;0,176520912016531;0;0;0;0;0;0;0;0;0;0;0;0;-0,159552441878975;0;0;0;0;0;0;0;0;-0,169230865881749;0;0;0;0;0;0;0;0;0;0;0
"128";0;0;0;0;0;0;0;0;0;0;0;0;0;0;-0,179579007900178;0;-0,19487383704084;0;-0,191148409187603;0;0;0;0;0;0;0;0;0;0;0,216154355932885;0;0;0;0;0;0;0;0;0;0;0,187249118895342;0;0;0;0;0;0;0,180613407999293;0;0;0;0;0;0;0;0;0;0;0,179268209657481;0;0;0;0;-0,190054394444299;0;0;0;0;0;0;0;0;0;0;0;0;0;0;0;-0,208868187824123;0;0;0;0;0;0;-0,175674882481048;0;0;0;0;0;0;0;0;0;0;0;0;0;0;0;0;0;0;0;0;0;0;0;0;0;0;0,193175156579876;0,182672546119699;0;0;0;0;0;-0,17270023238754;0,185206973047766;0;0;0;0;0,190002470976954;0;0;-0,209774782918802;0,210380721761885;0;0;0;0,213475461824112;0,255702012072242;0;0;0;0;0;-0,21100481460369;0;0;0,218711813209055;0;0;0;0;0;0
"129";0;0,186390540204259;0;0;0;0;0;0;0;0;0;0;0;0;0;0;0;0;0;0;0;0;-0,188413566376777;0;0;0;0;0;0;0;0;0;0;0;0;0;0;0;0;0;0;0;-0,187035082533505;0;0;0;0;0,171986444240141;0;0;0;0;0;0;0;0;0;0;0;0;0,195439138655032;-0,17769904703497;0;0;0;0;0;0;0;0;0;0;0;0;0;0;0;0;-0,180405720406046;0;0;0;0,176169527506155;0;0;0;0;0;0;0;0;-0,171404842218032;0;0;0;0;0;0;0;0;0;0;0;0;0;0;0;0;0;0;0;0;0;0;0;0;0;0;0;0;0;0;0;0;0,170642052336208;0;0;0;0;0;0;0;0;0;0;0;0;0;0;0;0;0;0;0;0;0;0;0;0;0;0
"130";0;0;0;0;0;0;0;0;-0,186087162542423;0;0;0;0;0;0;0;0;0;0;0,177360114721233;0;0;0;0;0;0;0;0;0,169366634680934;0;0;0;0;0,181036665682057;0;0;0,164601833788377;0,177566957111296;0;0;0;0;0;0;0;0;0;0;0;0;0;0;0;0;0;0,174060066232851;0;0;0;0;0;0;0;0;0;0;0;0;0;0;0;0;0;0;0,17812994501494;0;0;0;0;0;0;0,168191784861291;0;-0,169492672335448;0;0;0;0;-0,167475337006409;0;0;0;0;0;0;0;0;0;0;0;0;0;0;0;0;-0,185898071965993;0;0;0;0;0;0,163535202910111;0;0;0;0;0;0;0;0;0;0;0;0;0;0;0;0;-0,173193235255;0;0;0;0;0;0;0;0;0;0;0;0;0;0;0;0;0;0;0;0;0;0
"131";-0,171849910118908;-0,196190566390865;0;0;0;0;0;0;0;0;0;0;0;0;0;0;0;0;0;0;0;0;-0,19831995906377;0;0;0;0;0,192009020436506;0;0,216651887027174;0;0;0;0;0;0;0;0;0;0;0;0;-0,196868997412627;0;0;0;0;0;0;0;0;-0,186302264321335;0;0;0;0;0;0;0;0;0;0;0;0,190491850217208;0;0;0;0;0;0;0;0;-0,185845297681031;0;0;0;0;0;0;0;0,181713321364181;0;-0,185432154144557;0;0;0;0;0,19048907587331;0;0;0;0;0;0;0;0;0;0;0;0;0;0;0;0;0;0;0;0;0;0;0,175637524023789;0;0;0;0;0;0,178699280886572;0;0;0;0;0;0;0;0;0;0;0;0;0;0;0;0;0;0;0,210566999840531;0;0;-0,18150489600536;0;0;0;0;0;0;0;0;0;0;0;0
"132";0;0;0;0;0;0;0;0;0;0;0;0;0;0;0;0;0;0;0,178264159290489;0;0;0;0;0;0;0;0;0;0;0;0;0;-0,173246177009026;-0,176561812114152;0;0;0;0;0;0;0;0;0,18317752750281;0;0;0;-0,179431394977532;0;0;0;0;0;0;0;0;0;0;0;0;0;0;0;0;0,17724388598926;0;0;-0,183570483681742;0;0;0;0;0;0;0;0;0,168853507072017;0;0;0;0;0;0;0;0;0;0;-0,163833616858427;0;0;0;0;0;0;0;0;-0,179433809427111;0;0;0;0;0;0;0;0;0;0;0;0;0;0;0;0;0;0;0;0;0;0;0;0;0;0,172723202277309;0;0;0,167122599736615;0;0,177195462393725;0;0;0;0;0;0,205307171433924;0;0;0;0;0;0;0;0;0;0;0;0;-0,212832547824868;0;0;0;0;0,207159888858009
"133";0;0;0;0;0;0;0;0;0;-0,164478941213707;0;0;0;0;0;0;0;0;0;0;0;0;0;0;0;0;0;0;0;0;0;0,165580669980979;0;0;0;0;0;-0,17106067581802;0;0;0;0;0;0;0;0;0;0;0;-0,168104947421024;0;0;0;0,15798135940338;0;0;0;0;0;0;0;0;0;0;0,170354322144799;0;0;0;0;0;0;0;0,170806437922528;0;0,171603035122033;0;0;0,168623420134295;0;0;0;0;0;0;0;0;0;0,175074435130006;0;0;0;0;0;0;0;0;0;0;0;0;0;0;0;0;0;0;0;0;0,157867176894301;0;0;0;0;0;0;0;0;0;0;0;0,159090433443856;0;0;0;0;0;0;-0,175216388956697;0;0;0;0;0;0;0;0;0,196366385206379;0;0;0;0;-0,192878917512941;0;0;-0,199923863625041;0;0;0;0;0;-0,215395247443774
"134";0;0;0;0;0;0;0;0;0;0;0;0;0;0;0;0;0;0;0;0;0;0;0;0;0;0;0;0;0;0;0;0;0;-0,179215626762439;0,162696783093628;0;0;0;0,175674539259641;0;0;0;0;0;0;0;0;0;0;0;0;0;0;0;0,172305808986278;0;0;0;0;0;0;0;0;0;0;0;0;0;0;0;-0,185792096980276;0;0;0;0;0;0,184914928575093;0;0;0;0;0;0;0;0;0;0;0;0;0;0;-0,170392824354625;0;0;-0,171025152977509;0;0;0;0;0;0;-0,177767278836997;0;0;0;0;-0,172531365372576;0;0;0;0;0;0;0;0;0;0;0;-0,186183276163945;0;0;0;0;0;0;0;0;0;0;0;0;0;0;0;0;0;0;0;0,176552731246225;0;0;0;0;0;0;0;0;0;0;0;0
"135";0;0;0;0;0;0;0;0;-0,184969052195592;0;0;0;0;0;0;0;0;0;0;0;0;0;0;0;0;0;0;0;0;0;0;0;0;0;0;-0,186678066874147;0,163612818689476;0;0;0;0;0;0;0;0;0;0;-0,171670533525489;0;-0,173450326417007;0;0;0;0;0;0,173014221058117;0;0;0;0;0;0;0;0;0,175771226462238;0;0;0;0;0;-0,186552279754203;0;0;0;0;0;0;0;0;0;0;0;0;0;0,173106908297137;0;0;0;0;0;0;0;0;0;0;0;0;0;-0,169784024559792;0;0;0;0;0;0;0;0;0;-0,162887016610336;0;0;0;0;0,183610300925537;0;0;0;0;0;0;0;0;0;0;0;0;0;0;0;0;0;0;0;0,17113616565363;0,863551829243079;0;0;0;0;0;0;0;0;0;0;0;0;0;0,191546999223429;0;0
"136";0;0;0;0;0;0;0;0;0;0;0;0;0;0;0;0;0;0;0;-0,165732322947856;0;0,169579274827528;0;0;0;0;0;-0,17117388846515;0;0;0;0;0;0;0;0;0;-0,165925604677759;0;0;0;0;0;0;0;0;0;0;0;0;0;0;0;0;0;0;0;0;0;0;0;0;0;0;0;0;0;0;0;0;0;0;0;0;0;0;0;0;0;0;0;0;0;0;0;0;-0,156972668167346;0;0;0;0;0;0;0;0;0;0;0;0;0;0;0;0,159404386390758;0;0;0;0;0;0;0;0,156578883008702;0;0,168422720319518;-0,17260987640199;0;0;0;0;0;0;0;0;0;0;0;0;0;-0,169956567446408;0;0;0;0;0;0;0;0;0,21501022767629;0;0;0;0;0;0;0;0;0,242303933743972;0,240350201490723;0;0,229435986175246;0;0
"137";0;0;0;0;0;0;0,16965975381782;0;0;0;0;0;0;0;0;0;0;0;0;0;0;0;0;0;0;0;-0,173562375259012;0;0;0;0;-0,16765217302229;0;0;0;0;0;0;0;0;0;0;0;0;0;0;0;0;0;0;0;0;0;0;0;0;0;0;0;0;0;0;0;0;0;-0,175335106513703;0;0;0;0,166192265347994;0;0;0;0;0;0;0;0,170732989612934;-0,176708226626828;0;0;0;0,172558856344643;0;0;0;0;0;0;0;0;0;0;0;0;0;0;-0,181785289794861;0;0;0;0;0;0;0;0;0;0;0;0;0;0;0;0;0;0;0;0,164820486120964;0;0;0;0;0;0;0;0;0;0;0,16893456091712;0;0;0;0;0;0;0;0;0,185611057391835;0;0;0;0;0;0;0;0;0;0;0;0;0
"138";0;0;-0,160268220812205;0;0,153879186549511;0;0;0;0;0;0;0;0;0;0;0;0;0;0;0;0,174351769085003;0;0;0;0;0;0;0;0;0;0;0;0;0;0;0;0;0;0;0;0;0;0,184150831399209;0;0;0,187284482472266;0;0;0;0;0;0;0;0;-0,170656294899852;0;0,155605430850828;0;0;0;0;0;0;0;0,173379143108875;0;0;0;0;0;0,184013476265637;0;0;0,171427874386172;0;0;0;0;0;0;0;0;0;0;0;0;0;0;0;0;0;0;0;-0,159189716746945;0;0;0;0;0;0;0;0;0;0;0;0;0;0;0;0;0;0;0;0;0;0;0;0;0;0;0;0;0;0;0;0;0;0,178327541053651;0;0;0;0;0;0;0;0;0;-0,533352511003613;-0,190441360278846;0;0;0;0;0;0;0;0;0;0;0;0
"139";0;0,196663168487578;0;0;0;0;0;0;-0,195522479878957;0;0;0,190466457210864;0;0;0;0;0;-0,179771717391544;0;0;0;0;0,198797690639747;0;0;-0,170637525654493;0;0;0;0,217173778257469;0;0;0;0;0,172683131562432;0;0,17294776434452;0;0;0;0;0;0;0;0;0,200701376836206;0;0;0;0;0;0;0;0;0;-0,182885564661044;0;0;0;0;0;0;0;0;0;0;0;0;0;0;0;-0,184615572979678;0;0,183708815398009;0;0;0;-0,183912033236265;0;0;0;0;0;0;0;0;-0,176503396420991;0;0;0;0;0;0;0;0;0;0;0;0;0;0,183250621835852;0;0;0;0;0;0;0;-0,172180551555514;0;0;0;0;0;0;0;0,179129748346765;0;0;0,204946829332819;0;0;0;0;0;0;-0,190898556368358;0;0;0;0,191542636927733;0,178221594587853;0;0;0;0;0;0;0;0;0;0;0,228931424473122;0;0;0;0;0;0;0;0,203294732182203
"140";0;0;0;0;0;0;0;0;0;0;0;0;0;0;0;0;0;0,163586421185651;0;0;0;0;0,180899438596886;0;0;0;0;0;0;0;0;0;0;-0,173090291507247;0;0;0;0;0;0;0;0;0;0;0;0;0;0;0;0;0;0,169937383933309;0;0;0;0;0;0;-0,163897587281128;0;0;0;0;0;0;0;0;0;0,169977577246956;0;0;0;0;0;0;0;0;0;0;0,190959635897311;0;0;0;0;0;0;0;0;0;0;0;0;0;0;0;0;0,155087450395035;0;0;0;0;0;0;0;0;0;0;0;0;0;0;0;0;0;0;0;0;0,16155848627921;-0,179819796561098;0;0;0;0;0;0;0;0;0;0;0;-0,174297575470257;0;0;0;0;0;0;0,163037572474859;0;-0,753292206674814;0;0;0;0;0;-0,211450336905471;0;0;0;0;0
"141";0,151616935145191;0;0;0;0;0;0;0;0;0;0;0;0;0;0;0;0;0;0;0;0;0;0;0;0;0;0;0;0;0;0;0;0;0;0;0;0;-0,164208611419344;0;0;0;0;0;0;0;0;0;0;0;0;0;0;0;0;0;0;0;0;0;0;0;0;0;0;0;0;0;0;0;0;0;0;0;0;0;0;0,172741392850394;0;0;0;0;0;0;0;0;0;0;0;0;0;0;0;0;0;0;0;0;0;0;0;0;0;0;-0,196646350389981;0;0;0;0;0;0;0;0;0;-0,170823714497118;0;0;0;0;0;0;0;0,16377749420229;0;0;0;0;0;-0,168197861904273;0,160163924252087;0,160836118238625;0;0;0;0;0;0;0;0;0;0;0,4210060313344;0;0;0;0;0,211463700571181;0;0;0;0;0,205827525702864
"142";0,15612466018029;0,178238007149137;0;0,173638439398291;0;0;0;0;0,177204188432892;0;0;0;0;0;0;0;0,177449270155372;0;0;0;0;0;0;0;0;0;0;0;0;0;0;0;0;0;0;0;0;0,169090699742558;0;0;0;0;0;0;0;0;0;0;0;0;0;0;0;0;0;0;0;-0,171879797328969;0;0;0;0;0;0;0;0;0;0;0;0;0;0;0;0;0;0;0;0;0;0;0;0;0;0;0;0;0;0;0;0;0;0;0;0;0;0;0;0;0;0;0,166082067608533;0;0,162445086695286;0;0;0;0;0;0;0;0;0;0;0;0;0,164849118722211;0;0;0;0;0;0;0;0;0;0;0;0;0;0;0,17359721269947;0;0;0;0,164622818526658;0;0;0;0;0;0;0;0;0;0;0;-0,19833652967573;0;0;0;0
"143";0;0;0;0;0;0;0;0;0;0;0;0,172357416125778;0;0;0;0;0;0;0;0;0;0;0;0;0,165511165912792;0;0,169184182299486;0;0;-0,196525476553018;0;0;0;0;0;0;0;0;0;0;0;0;0;0;0;0;0;0;0;0;0;0;0;0;0;0;0;0;0;0;0;0;0;0;0;0;0;0;0;0;-0,178447166963397;0;0;0;0;0;-0,177604675708931;0;0;0;0,164832614971168;0;0;0;0;0;0;0;0,159236496796457;0;0;0;0;0,154374312901901;0;0;0;0;0;0;0,165827643069469;0;0;0;0;0;0;0;0;0;0;0;0;0;0;0;0;0;0;0;0;0;0;0;0;0;0;0;0;0;0;0;0;0;0;0;0;0;0;0;0;0;0;0;0;-0,251448660449615;0,249421192920031;0;0;0;0
"144";0;0;0;0;0;0;0;0;0;0;0,213960030576633;0;0;0;0;0;0;0;0;0;0;0;0,221707312900564;0;0;0;0,20850523764213;0;0;0;0,204415737852597;0;0;0,212136553418291;0;0;0;0;0;0;0;0;0;0;0;0;0;0;0;0;0;0;0;0;0;0;0;0;0;0;-0,229974343674165;0;0;-0,212956055661214;0;0;0;0;0;0;0;0;0;0;0;0;0;0;0;0;0;0;0;0;0;0;0;0;0;-0,22413572558676;0,21219496885671;0;0;0,190253322503123;0;0,215587218112443;0;0,21838365021196;0;0;0;0;0,199893180303547;0,249173057234968;0;0,217833089917983;0;0;0;0;0;0;0;0,216452871385956;0;0;0;0;0;0;0;0;0;-0,207680515176751;0;0;0;0;0;0;0;0;0;0,201747474226588;0;0;-0,198786256622696;0;0;0;0,188465798681026;0;0;-0,172542955959216;0;0;0;-0,192976735494748;0;0;0
"145";0;0;0;0;0;-0,175017556143193;0;0;0;0;0;0;0;0;0;0;0;0;0;0;0;0;0;0;0;0;0,185928826040876;0;-0,176972824694813;0,215976166601345;0;0;0;0;0;0;0,171994038438283;0;0;0;0;0;0;0;0;0,199594602757735;0;0;0;0,182335481705251;0;0;0;-0,171354904832879;0;0;-0,165833302084792;0;0;0,182793574444961;0;0;0;0,189897720916458;0,184775272027232;0,187827865741035;0;0;0,185765128490555;0;0;0;0;0;-0,186129691904271;0;0;0;-0,189298821702921;0;0;0;0;0;0;0;0;0;0;0;0;0;0;0;0;0;0;0;0;0;0;0;0;0;0;0;0;0;0;0;0;0;0;0;0;0;0;0;0;0;-0,17255786496296;0;0;0;0;0;0;0;0;0;0;0;0;0;0;0;0;0;0;0;0;0;0;0;0,123981656273827;0;0;0;0;0;0
"146";0;-0,185296179447642;-0,161822685907707;0;0;0;0;0,193266521214025;0;0;0;-0,179457633605299;0;0;0;0;0;0;0;0;0;0;0;0;0;0;0;0;0;0;0;0;0;0;0;0;0;0;0;0;0;0;0;0;0;0;0;-0,170976654714127;0;0;0;0;0;0;0;0;0;0;0;-0,173183262487416;0;0;0;0;0;0;0;0;0;0;0,185798250093582;-0,173944926255129;0;0;-0,176343984670343;0;0;0;0;0;0;0;0;-0,16779331071792;0;0;0;0;0;0;0;0;0;0;0;0;0;0;0;0;0;0;0;0,210511502260776;0;0;0;0;0;0;0;0;0;0;0;0;0;0;0,186189442232429;0;0;0,175325126922804;0;0;0;0,172647510703143;0;0;0;0;0;0;0;0;0;0;0;0;0;0;0;0;0;0;0;0;0,227555030801572;0;0;0;0
"147";0;0,1817893367903;0;0,177098124268784;0;0;0;-0,189608835001337;0;0;0;0;0;0;0;0;0;0,166175402997875;0;0;0;0;0;0;0;0,157732039297574;0;0;-0,164495307917452;0;0;0;-0,172527798663729;0;0;0;0;0;0;0;0;0;0;0;0;0;0;0;0;0;0;0;0;0;0;0;0;0;0;0;0;0;0,161810205360912;0;0;0;0;0;0;0,165481283876267;0;0,17065291295384;0;0;0;0;0;0;0;0;0;0;0;0;0;-0,160874881711922;0;0;0;0;0;0;0;0;0;0;0,15754192421668;0;0;0;0;0;0;0;0;0;0;0;0;0;0;0;0;0;0;0;0;0;0;0;0;0;0;0;0;0,169380051778612;0;0;0;0;0;0;0;0;0;0;0;0;0;0;0;0;0;-0,197935835906685;0;0;0;0;0;0;0
"148";0;0,21213012728121;0;0;0;0;0;0;0,210899726990215;0;0;0,205446063549483;0;0;0;0;-0,211191411226453;0;0;0;0;0;-0,214432523094856;0;0;0;-0,201663642038488;0;0;0;0;0;0;0;0;0;0;0;0,201121775231921;0;0;0,215273819549282;-0,212863677633022;0;0;0;0;0;0;0;-0,180329454607496;0,201438447170428;0;0;0;-0,197268956906355;0;0;0;0;-0,222428291227597;0;0;0;0;0;0;0;0,201486091064315;0;0;0;0;0;0;0;0;0;-0,205318834260874;0;0;0;0;0;0;0;0;0,205965417471606;0;0;0;0;0;0;0;0;0;0;0;0;0;0;0;0,240997045388921;0;0;0;0;0;0;0;0;0;0;0;0;0;0;0,213152749273726;0;0;0;0;0;0;0;0,205912145988724;0;0;0;0;0;0;0;-0,195925998085424;0;0;0;0;0;0;0;0,187413626565623;0;0;-0,195134080591637;0;0;0;0;0,211405665067075
"149";0;0;0;-0,18552000732085;0;0;0;0;0;0;0;0;0;0;0;0;0;0;0;0;0;0;0;0;0;0;0;0;0;0;0;0;-0,180732340352556;0;0;0;0;0;0;0;0;0;0;0;0;0,194344617255259;0;0,175717715058139;0;0;0;0,180836131953897;0;0;0;0;0;0;0;0;0;0;0;0;0;0;0;0;0;0;0;0;0;-0,177890256548066;0,181233877235054;0;0,190048781162798;0;0;-0,203206623026198;0;0;0;0;0;0;0;0;0;0;0;0;-0,167877988489763;0;0,175773379261574;0;0;0;0;0;0;0,182702688927999;0;0;0;0;0;0;0;0;0;0;0;0;0;0;0;0;0;0;0;0;0;0;0;0;0,184852278827502;0;0;0;0,185475959600232;0;0;0;0;0;0;0;0;0;0;0;0,168245713664113;0;0;0;0;0,200545009076613;-0,204519357765093;0;0
"150";0;0;0;0;0;0;0,170502679871525;0;0;0;0;0;0;0;0;0;0;-0,167718528564898;0;0;0;0;0,185468863734437;0;0;0;0;0;0;0;0,17100362695732;0;0;0;0;0;0;0;0;0;0;0;0;0;0;0;0;0;0;0;0;0;0;0;0;0;-0,155572554627154;0;0;0;0;0;0;0;0;0;0;0;0;0;0;0;0;0;0;-0,169714836231675;0;0;0;0;0;0;0;0;0;0;0;0;0;0;0,177511329009113;0;0,161745150511562;0;0;0,180349109174023;0;0;0;0;0;0;0;0;0;0;0;0;0;0;0;0;0;0;0;0;0;0;0;0;0;0;0;0;0;0;-0,178099344234057;0;0,169773883971432;0;0;0;0,164239569158195;0;0;0;0;0;0;0;0;0;0;0;-0,178142888814091;0;0;0,193218795205049;0;0,136763200163841;0
"151";0;0;0;0;0;0,186100112951256;0;0;-0,206756970414951;0;0;0;0;0;0;-0,19417211537709;0;0;0;0;0;0;-0,210220370913914;-0,186121614337438;0;0,180442156141165;0;0;0,188179194080745;0;0;0;0;0;0;0;0;-0,197290375093787;0;0;0;0;0;0;0;0;0;0;0;0;0;0;0;0;0;0;0;0;0;0;0;0;0;0;0;0;0,20913001230967;0,199938497763866;0;0;0;0;0,196997153466287;0;0;0;0;0;0;0;0;0;0;0;0;0;0;0;0;0;0;0;0;0;0;0;0;0;0;0;0;0,199519908697346;0;0;0,170307390892541;0,206546876423606;0;0;0;0,186376838002872;0;0;0,20025951829849;0;0;0;0;0;0;0;0;0;0;-0,196920319681248;0;0;0,2018673617261;0;0;0;0,202548450392947;0;0;0,191294677239088;0;0;0,188486884140598;0;0;0;0;0;0;0;0;0;0;0;0;0;0
