"";"1";"2";"3";"4";"5";"6";"7";"8";"9";"10";"11";"12";"13";"14";"15";"16";"17";"18";"19";"20";"21";"22";"23";"24";"25";"26";"27";"28";"29";"30";"31";"32";"33";"34";"35";"36";"37";"38";"39";"40";"41";"42";"43";"44";"45";"46";"47";"48";"49";"50";"51";"52";"53";"54";"55";"56";"57";"58";"59";"60";"61";"62";"63";"64";"65";"66";"67";"68";"69";"70";"71";"72";"73";"74";"75";"76";"77";"78";"79";"80";"81";"82";"83";"84";"85";"86";"87";"88";"89";"90";"91";"92";"93";"94";"95";"96";"97";"98";"99";"100";"101";"102";"103";"104";"105";"106";"107";"108";"109";"110";"111";"112";"113";"114";"115";"116";"117";"118";"119";"120";"121";"122";"123";"124";"125";"126";"127";"128";"129";"130";"131";"132";"133";"134";"135";"136";"137";"138";"139";"140";"141";"142";"143";"144";"145";"146";"147";"148";"149";"150";"151";"152";"153";"154"
"1";0;0;0;0;0;0;0;0;0;0;0;0,197463517718105;0;0;0;0;0;0;0;0;0;0;0;0;0;0;0;0;0;0;0;0;0;0;0;0,17816921121488;0;0;0;0;0;0;0,18098131013308;0;0;-0,200822451158058;0;0;0;-0,185491014324998;0;0;0;0;0;0;0;0;0;0;0;0;0;0;0;0;0;0;0;0;0;0;0;0;0;0;0;0;0;0;0;0;-0,172202869982749;0;0;0;0;0;0,231218219638635;0,178002031827705;0;0;0;0;0;0;0;0;0;0;0;0;0;0;0;0;0;0;0;0;0;0;0;0;0;0;0,180487567347408;0;0,166313871053792;0;0;0;0;0;0;0;0;0;0;0,177094710880725;0;0;0;0;0;0;0;0;0;0;0;0;0;0;0;0;0;0;0;0;0;0;0;0
"2";0;0,131618182407692;0;0;0;0;0;0;0;0;0;0;0;0,194438137118981;0;0;0;0;0;0;0;0;0;0;0;0;0;-0,207521001062699;0;0;0;0;0;0;0;0;0;0;0;0;0;0;0;0;0;0;0;0;0,217861004508236;0;0;0;0;0;0;0;0;0;0,193656216298633;0;0,20555237242218;0;0;0;0;-0,191063523386619;0;0;0;0;-0,198167754974521;0;0;0;0;0;0;0,203614205192128;0;0;0;0,202004384405094;0,190516306868484;0;0;0;0;0;0;0,196932198181702;0,200734526448112;0;0;0;0;0;0;0;0;0;0;-0,205930036188192;0;0;0;0;0;0;0;0;0;0;0;0;0;0;0;0;0,184001024473889;0;0;0;0;0;0;0;0;0,191828992488997;0;0;0;0;0;0;0;0;0;0;0;0;0;0,212730950693136;0;0;0;0;0;0;0;0,189080311439597;0;0;0;0
"3";0,171170270798459;0;0,0719229963142425;0;0;0;0;0;0;0;0;0;0,209138161470225;0;0;0;0;0;0;0;-0,184309153534474;0;0;0;0;0;0;0,19983519148784;0;0;0;0;0,185993326804551;0;0;0,189816667067916;0;0;0;0;0;0;0,192812601328826;0;0;-0,213950817266954;0;0;0;0;0;0;0;0;0;0;0;0;0;0;0;0;0;0;0;0;0;0;0;0;0;0;0;-0,193400998369881;0;0;-0,205746407570407;0;0;-0,184995760480556;0;0;0;0;0;0;0,207489251631093;0;0;0;0;-0,220256963848367;0;0;0,193522001670826;0;0;0;0;0;0,175475497319902;0;0;0;0;0;0;0;0;-0,204482747820931;0;0;0;0;0,216848889358917;0;0;0;0;0;0;0;0;0;0;0;0;0;0;0;0;0;0;0;0;0;0;0;0;0;0;0;0;0;0;0;0;0;0;0;0;0;0;0
"4";0;0;0;0,410151922143996;0;0;0;0;0;0;0;0;0;0;0;0;0;0,187585398714257;0;0;0;-0,19127557200533;0;0;0;0;0;0;0;0;0;0;0;0;0,186253306254327;0;0;0,207819463033758;0;0;0;0;0;0,197642763993533;0;0;0;0;0;0;0;0,202956185460928;0;0;0;0;0;0;0;0;0;0;0;0;0,211690940973164;0;0;0,230516851390741;0;0;0;0;0;0;0;0,193528314846595;0;0;0;0;0;0;0;0;0;0;0;0;0;-0,194449560213034;0;-0,2258447335616;0;0;0;0;0;0;0;0;0;0,203333966416715;0;0;0;0;0;0;0;0;0;0;0;0;0;0;0;0,199089370988556;0;0;0;0;0;0;0;0;0;0;0;0;0;0,198871362173706;0;0;0;0;0;0;-0,188063648233404;0;0;0;0;0;0;0;0;0;0;0;0;0;0;0
"5";0;0;0;0;0;0;0;0;0;0;0;0;0;0;0;0;0;0;0;0;0;-0,176543609907826;0;0;0;0,192133257792923;0;0;-0,185366429532371;0;0;0;0;0;0;0;0;0;0;0;0;0;0;0;0;0;0;0;0;0;-0,177921402216856;-0,187324587550553;0;0;0;0;0;0;0;0;0;0;0,172050152033832;0;0;-0,174124752531109;0;0;0;0;0;-0,18043324353894;0;0;0,177382439669058;0;0;0;0;0;0;0;0;0;0,20386375654706;0;0;0;-0,233129134685234;0;0;0;0;0;0;0;0;0;0;0,188167659843531;0;0;0;0;0;0;0;0;0;0;0;0;0;0;0;0;0;0;0;0;0;0;0;0;0;0;0;0;0;0;0,183686885769647;0;0;0;0;0;0;0;0;0;0;0;0;0;0;0;0;0;0;0;0;0;0;0
"6";0;0;0;0;0;0;0;0;0;0;-0,208132802114672;0;0;0;0;0;0;0;0;0;0;0;0;0;0;0;0;0;0;0;0;0;0;0;0;0;0;0;0;0;0;0;0;0;0;0;-0,240569984693058;0;0;0;0;0,193835518955224;0;0;0;0;0;0;0;0;-0,193840177963397;0;0;0;0;0;0;0;0;0;0;0;0;0;0;0,184831328277213;0;0,192012445807505;0;0;0;0;0;0;0;0;0;0;0;0;0,189296848640516;0;0;0;0;0,187769448388352;0;0,180609234516497;0;-0,194707894320162;0;0;0;0;0;0;0;0;0,199871786233359;0;0;0;0;0;0;0;0;0;0;0;0;0;0;0;0;0;0;0,180898744219962;0;0;0;0;0;0;0;0;0;0;0;0;0;0;0;0;0;0;0;0;0;0,178306680613486;0;0;0;0
"7";0;0;0;0;-0,191144307106506;0;-0,0544607653282583;0;0;0;0;0;0;0,181045929897882;0;-0,183547776362065;0;0;0;0;0;0;-0,1792725495509;0;0;0;-0,201172554711617;0;0;0;0;0;0;0,201490946621182;0;0;0;0;0;0;0;0;-0,186437302675241;0;0;0;0;0;0;0;0;0;0;0;0;0;0;0;0;0;0;0;0;0;0;0;0;0;0;0;0;0;0;0;0;0;0;0;0;0;0;0;0;0;0;0;0;0;0;0;0;0;0;0;0;0;0,190994168248393;0;0;0;0;0;0;0;0;0;0;0,172966648589621;-0,19735016864936;0;0;0;0;0;0;0;0;0;0;0,196797006277044;0;0;0;-0,196726226431142;0;0;0;0;0;0;0;0;0,181509054394343;0;0;0;0;0;0;0;-0,190032515917608;0;0;0;0;0;0;0;0;0;0;0;0;0
"8";0;0;0;0;-0,175519362606469;0;-0,20023115108728;0;0;0;-0,206024669266714;-0,203928835394157;0;0;-0,213798258174311;-0,184010164584087;0;0;0;0;0;0;0;0;0;0;0;-0,193714466297952;0;0;0;0;0;0;0;0;0;0;0;0;-0,178301109177279;0;0;0;0;0;0;0;0;0;0;0;-0,186137203803918;0;0;0;0;0;0;0;0;-0,196310235198059;0,176226952664733;0,185783095627976;0;0;0;0;0;0;0;0;0;0;0;0;0;0;0;-0,179329550226169;0;0;0;0;0;0;0;-0,185645138851834;0;0;0;0;0;0;0;0;0;0;0;0;0;0;0;0,187157183961424;0;0;0;0;0;0;0;0;0;0;0;0;0;-0,188216562950303;0;0;0;0;0;0;0;0;0;0;0;0;0;0;0;0;0;0;-0,189577389777727;0;0;0;0;0;0;0;0;0;0;0;0;0;0;0;0,176755274928596;0
"9";0;0,179397342406664;0;0;0;0;0;0;0;0;0;0;0;-0,187853633901374;0;0;0;0;0;0;0;0;0;0;0;0,203684492756659;0;0;0;0,183063884793411;0;0;0;-0,20906742583148;0;0;0;0;0;0;0;0;0;0;0;0;0;0;0;0,198268076873093;0;0;0;0;0;0;0;0;0;0;0;0;0;0;-0,207133424720272;0;0;0;0;0;0;-0,191281062471119;0;0;0;0;0;0;0;0;0;0;0,184064613521851;0;0;0,183878064926854;-0,208172729281172;0;0;0,190263235437092;0;0;0;0;0;0;0;0;0;0;0;0;0;0;0;0,17950777441974;0;0;0;0;0;0;0;0;0;0;0;0;0;0;0;0;0;0,20412354223947;0;0;0;0;0;0;0;0;0;0;0;0;0;0;0;0;0;0;0;0;0;0;0;0;0,192514311340215;0;0;0;0,182940782269537;0
"10";0;0;0;0,175582308366272;0;0,166219217809558;0;0;0;-0,548439654288813;0;0;0;0;0;0;0;0;0;0;0;0;0;0;0;0;0;0;0;0;0;0;0;0;0;0;0;0;0;0;0;0;0;0,195512806173377;0;0;0;-0,203777437388824;0;0;0,19069090932613;0;0;0;0;0;0;0;0;0;0;0;0,184398276611167;0,194397520579394;0;0;0;-0,228032615892428;0;0,188472762764446;-0,193560848105982;0;0;0;0;0;0;0;0;0;0;0;0;0;0;0;0;0;0,249860928081926;0;0;0;0;0;0;0;0;0;0;0;0;0;0;0;0;0;0;0;0;0;0,226098484761277;0;0;0;0;0;0;0;0;0;0;0;0;0;0;0;-0,196270576713954;0;0;0;0;0;0;0;0;0;-0,198367749262295;0;0,186036922690065;0;-0,19934490074568;0;0;0;0;0;0;0;0;0;0;-0,179450744737902;0;0,198461303661352
"11";0;0;0;0;0;0;0;0;0;0;0;0;0;0,206174008208439;0;0,209023095805899;0;0;0;0;0;0;0;0;0;0;0;0;-0,215675501924931;0;-0,196195244298358;0;0;-0,229456669398939;0;0;0;0;0;0;0;0;0;0;0;0;0;-0,221219818665654;0;-0,217604116884776;0;0;0;0;-0,217305417819059;0;0;0;0;0;0;0;0;0;0;0;0;0;-0,200012383782689;0;0;0;0;0;0,206386058170323;0;-0,226555602475617;0;0;0;0;0;0;0;0;0;0;0;0;0;0;0;0;0;0;0;0,217503001776506;0;0;0;0;0;0;0,212597896873541;0;0;0;0;0;0;0;-0,199232831940903;0;0;0;0;0;0;0;0;0,235218763647311;0;0;0;0;0;0;0;0;0;0;0;0;0;0;0;0;0;0;0;0;-0,225570936979082;0,230482486744402;0;0;0;0;0;0;0;0;0;0;0
"12";0;0;0;0;0;0;0;0;0;0;0;-0,895433395402506;0;0;0;0;0;0;0;0;0;0;0;0;0;-0,221274665411485;0;-0,217808051434364;0;0;0;-0,210956857799776;0;0;0;0;0;0;0;0;0;0;0;0;0;-0,233193214191907;0;0;0,228660620527438;0;0;0;0;0;0;0;0;0;0;0;0;0;0;0;0;0;0;0;0;0;0;-0,207800076112895;0;0;0;0,205715092025448;0;0;0;0;0;0;0;0;0;0;0,226150505598474;0;0;0;0;0;0;0;0;0;0;0;0;0;0;0;0,2113590792338;0;0;0;0;0;0;0;0;0;0;0;0;0;0,209580531004944;0;0;0;0;0,205070073177902;-0,207229318529371;0;0;0;0;0;-0,213957407336492;0;-0,211547207683132;0;0;0;0;0;0,213156418581507;0;0;0;0;-0,223276264151465;0;0;0;0;0;0,205985639215389;0;0;0;-0,192829117648239;0;0,213256947627784
"13";0;0;0;0;0;0;0;0,17045333647162;0;0;0;0,162608883997985;0;0;-0,238979566045892;0;0;0;0,208409915518067;0;0;0;0;0;0;0;0,225433276330033;0;0;0;0;0;0;0;0;0;0;0;0,225129668401036;0;0;0,224653497089611;0;0;0;0;0;0;0;0;0;0,214471041730505;0;0;0;0;0;0;0;0;0;0;0;0;0;0;0;0;0;0;0;0;0;0;0;0;-0,222935355906719;0;0,197473217308842;0;0;0;0;0;-0,233407011911571;0;0;0;0;-0,205481787353342;0;0;-0,200064904120026;0;0;0;0;0;0;0;0;0;0;0;0,203862734538937;0;0;0;0;0,221566124534366;0;0,196049189742854;0;0;0;0;0,208351037079734;0;0;0,220530051728841;0;0;0;0;0;0;0;-0,200157031743793;0;0;0;0,210154463234974;0;0;0;0;0;0;0;0;0,212949786982407;0;0;0;0;0;0;0;0;0;0;0;0;0
"14";0;0;0;0;0;0;-0,196070816881825;0;0;0;0;0;0;0;0;0;0;-0,177469400864654;0;-0,189829656215082;0;0;0;0;0;0;0;0;0;0;0;-0,187757139929992;0;0;0;0;0;0;0;0;0;0;0;0;0;0;0;0;0;0,191703187512376;0;0;0;0;0;0;0,187663750080772;0;0;0,184219669093909;0;0;0;0;0;0;0;-0,218085670771411;0;0;0;0;0;0;0;0;0;0;0;0;0;0;0;0;0;0;0;0;0;0;0;0;0;0;0;0;0;0;0;0;-0,170224181167475;0;0;0,187292846626913;0;0;0;0;0;0;0;0;0;-0,18160627380088;0;0;0;0;0;0;0;0;0;0;0;0;0;0;0;0;0;0;0;0;0;0;0;0;0;0;0;0;0;0;0;0;0;0;0;0;0;0;0;0
"15";0;0;0;0;0;0;0;0;0;0;0;0;0;0;0;0;0;0;0;0;0,210607768665047;0;0,211857518060114;-0,226884148456877;0;0;0;0;0;0;0;0;0;0;0;0;-0,199194376296932;0,231597240958001;0;0;0;0;0;0;0;0;0;0;0;0;0;0;-0,219417157476098;0;-0,225504644598704;0;0;0;0;0;0;0;0;0;0;0;0;-0,256891563461257;0;0,212325164568833;0;0;0;0;0;0;0,235103851210231;0;0;-0,211392345850125;0,212774055445295;0;0;0;0,246147082308664;0;0;0;0;0;0;0,251684882706413;0;0;0;0,219099317049162;0;0;0;0;0;0;0;0;0;0;-0,214228072426117;0;-0,233220964523224;0;0;0;0;0;0;0;0;0;0;0;0;0;0;0,232483613210399;0;0;0,221109840432984;0;0;0;0;0;0;0;0;0;0;0;0;-0,221110685330358;0;0;0;0,223696842629652;0;0;0;0;0;0;0;0;0;0
"16";0;0;0;0;0;0;0;0;0;0;0;0,172018139908705;0;0;0;0,837157677859068;0;0;0;0,192452883671598;0,181264199744537;0;-0,182339823998162;0;0;0;0;0;0;0;0;0;0,182920548950083;0;0;0;0;0;0;0;0;0;0;0;0;0;0;0;0;0;0;0;0;0;0;0;0;0,187743122299448;0;0;0;0;0;0;0;0;0;0;0;0;0;0;0;0;0;0;0;0;0;0;0,183128662020207;0;0;0;0;0;0;0;0;0;0;-0,216618119743402;0;0;0;0;0;0;0;0;0;0;0;0;0;0,175962516391872;0;0;0;0,201104508021042;0;0;0;0;0;0;0;0;0;0;0;0;0;0;0;0;0;-0,181672543491838;0;0;0;0;0;0;0;0;0;0;0;0;0;0;0;0;0;0;0;0;0;0;0;0;0;0
"17";0;0;0;0,175306508237145;0;0;0;0,181141497157826;0;0;0;0;0;0;0;0;0;0;0;0;0;0;0;0;0;0;0;0;0;0;0;0;0;0;0;0;0;0;0;0,176587967057205;0;0;0;0;0;0;0;0;0;0;0;0;0;0;0;0;0;0;0;0;0;0;0;0,17699011706271;0,190657923526933;0;0;0;0;0;0;0;0;0;0;0;0;0;0;0;0;0;0;0;0;0;0,191614561258196;0;0;0;0;0;0;0;0;0;0;0;0;0;0;0;0;0;0;0,165229631934238;0;0;0;0;0;0;0;0,172885663351711;0;0;0;0;0;0,187955048431378;0;0;0;0;0;0;0;0;0;0;0;-0,179112062078358;0;0;0;0;0;0;0;0;0;0,189179251585281;0;0;0,171785567645075;0;0;0;0;0;0;-0,16338175622554;0;0
"18";0;-0,183588640903729;0;0;0;0;0;0;0;0;0;0;0;0;0,193062618712491;0;0;0,513919268967584;0;0;0;0;0;0;0;0;0;0;0;0;0;0;0;0;-0,172169328559269;0;0;0;0,196932845970957;0;0;0;0;0;0;0;0;0;0;0;0;0;0;0;0;0;0;0;0;0;0;0,191948611261144;0;0;0;0;0;0;0;0;0;0;0;0;0;0;0;0;0,172740283250435;0;0;0;0;0;0;0;0;0;0;0;0;0;0;0,18417313975519;-0,183426661566946;0;0;0;0;0;0;0;0;0;0;0;0;0;0;0;0;0;0;0;0;0;0;0;0,167943141482997;0;0;0;0;0;0;0;0,183405646939131;0;0;0;0;0;0;0;0;0;0;0;0;0;0;0;0;0;-0,176313628760365;0;-0,183053626771922;0;0;0;-0,172363508934523;0;0;0
"19";0;0;0;0;0;0;0;0;0;0;0;0;0,179503509169061;0;-0,212526319054334;0;0,190759154787099;0;0;0;0;0;0;0;0;0;0;0;0;0;-0,177554229660026;0;0;0;0;0;0;0;0;0;0;0;0;0;0,190141818767896;0,213205813028894;0,244802102422506;0;0;0;0;-0,197245481912214;0;0,184146354740573;0;0;0;0;0;0;0;0;0;0;0;0;0;0;0;-0,185165076421859;0;0,189989165545167;0;0;0;0;0;0;0;0;0;0;0;0;0;-0,182636167251464;0;0;0;0;0;0;0;0;0;0;0;0;0;0;0,174864469089915;0;0;0;0;0;0;0;0;0;0;0;0;0;0;0,191767720608736;0;0;0;0;0;0;0;0;0;0;0;0;0;0;0;0;0;0;0;0;0;0;0;0;0;0;-0,20858375303836;0;0;0,204447322616898;0;0;0;-0,181443459564801;0;0;0;0
"20";0;-0,20549417832954;-0,193565443861673;-0,19053818362351;0;0;0;0;0;0;0;0;0;0;0;0;0;0;-0,207333448302569;0;0;0;0;0;0;0;0;0;0;-0,184989523992788;0;0;0;0;0;0;0;0;0;0;0;0;0;0;0;0;0,249059289052104;-0,203682716799143;0;0;0;0;0;0;0;0;0;0;0;0;0;0;0;0;0;0;0;0;0;0;0;0;0;0;0;0,191353710538799;0;0;0;-0,187557514263218;0;0;0;0,188432402001635;0;0,185812268443447;0,210362487070904;0;0;0;0;0;0;0;0;0;0;0;0;0;0;0;0;-0,195744293988565;0;0;0,190073508045226;0;0;0;-0,225993388818974;0;0;0;0;0,195102622425695;0;0;0;0;0;0;0;0;0;0;0;0;0;0;-0,19677867455287;0;0;0;0,199019559014107;0;0;0;0;0;0;0;0;0;0;0;0,195802808088246;0;0;0;0;0;0;0
"21";0,172134358567827;0;0;0;0,17353622844447;0;0;0;0;0;0;0,173420004550996;0;0;0;0;0;0;0;0;0;0;0;0;0;0,193860818311461;0;0;0;0;0;0;0;0;0;0;0;0;0;0;0;0;0;0;0;0;0;0;0;0;0;0;-0,183359497375946;0;0;0;0;0;0;0;0;0;0,173597135899491;0;0;0,175690390105928;0;0;0;0;0;0;0;0;0;0;0;0,187231233399408;0;0;0;0;0;0;0;0;0;0;0;0;0;0,210324543991958;0;0;0;0;0;0;0,172476662864177;0;0;0;0,185173679877112;0;0;0;0;0;0;0;0;0;0;0;0;0;0;0;0;0;0;0;0;0;0;0;0;0;0;0;0;0;0;0;0;0;0;0;0;-0,184774721325254;0;0;0;0,186935885511264;0;0;0;0;0;0;0;0;0;0
"22";0;0;0;0;0;0;0;0;0;0;0;0,1809908505508;0;0;-0,208241763424688;0;0;0;0;0;0,187578465901167;0;0;0;0;0,19621053729272;0;0;0,189300109478075;0;0;0;0;0;0;0;0;0;0;0;0;0;0;0;0;0;0;0;0;0;0;0;0;0;0;0;0;0;0;0;0,191304419828135;0,195724617514241;0;0;0;0;0;0;0;0;0;0;0;0;0;0;0;0;0;0;0;0;0,17731058573441;0;0;0;0,200534083420621;0;0,238076391878374;0;0;0;0;0;0;-0,185313105687334;0;0;0;-0,192160784983957;0;0;0;0;0;0;0;0;0;0;0;0;0;0;0;0;0;0,187655089690694;0;0;0;0;0;0;0;0;0;0;0;0;0;0;0;0;0;0;0;0;0;0;0;0;0;0;0;0,19828457411714;0,186654651206542;0;0;0,175974126956717;0;0;0;0
"23";0;0;0;0;0;0;0;0;0;0;0;0;0;0;0;0;0,172733831129988;0;0;0;0;0;0;0;0;0;0;0;0;0;0;0;0,178659931629164;0;0;0;0,167447779066693;0;0,199579460195273;0;0;0;0;0;0;0;0;0;0;0;0;0;0;0;0;0;0;0;0;0;0;0;0;0;0;0;0;0;0;0;0;0;0;0;0;0;0;0;0;0;0;0;0;0;0;0;0;0;0;0;0;0;0;0;0;0;0;0;0;0;0;0;0;0;-0,180726133530902;0;0;0;0;0;0;0;0;0;0;-0,184850323653172;0;0;0;-0,195501858966338;0;0;0;0;0;0;0;0;0;0;0;0;0;0;0;0;0;0;0;0;0,188781886618955;0;-0,20105977239309;0;0;0;0;0;0;0;0;0;0;0
"24";0;0;0;0;0;0;0;0;0;0;0;0;0;0;0;0;0;0;0;0;0;0;0;-0,359389877179638;0;0;0;0;0;0;0;0;0;0;0;0;-0,179324515421549;0;0;0;0,189214335374152;-0,213283161520378;0;0;-0,196282972897383;0;0;0;0;0;0;0;0;0;0;0;0;0;0;0;0;-0,20832574094204;0;0;0;0;0;0;0;0;0;0;0;0;0;0;0;0;0,187478550963444;0;0;0;0;0;0;0;0;0;0;0;0;0;0;0;0;0;0;0;0;0;0;0;0;0;-0,193544677033496;0;0;0;0;0;0;0;0;0;0;0;-0,197805814154274;0;0;0;-0,219745248261109;0;0;0;0;0;0;0;0;0;0;0;0;-0,205463438710392;-0,201935717705676;-0,186339123065048;0;0;0,18867511024409;0;0;0,2107320894743;0;0;0;0;0;0;0,197389871078322;0;0;0;0;0
"25";0;0;0;0;0;0;0;0;0;0;0;0;0;0;0;0;0;0;0;0;0;0,178275496737722;0;0;0;0;-0,203177883812817;0;0;0;0;0,189015225142796;0;0;0;0;0,170237286978647;0;0;0;0;0;0;0;0;0;0;0;0;0;0;0;0,187520261865309;0;0;0;0;0;0;0;0;0,197768882087427;0;0;0,201616955581206;0;0;0;0;0;0;0;0;-0,188870360949455;0;0;0;0;0;0;-0,181842874341274;0;0;0;0;0;0;0;0;0;0;0;0;0;0;0;0;0;0;0;0;0;0;0;0;0;0,183085519392994;0;0;0;0;0;0;0;-0,21176895853649;0;0;0;0;0;0;0;0;0;0;0,185618760126288;0;0;0;0;0;0,189407437131818;0;0;0;0,176896430998313;0;0;0,179114042566046;0;0;0;0;0;0,181659815237087;0;0;0;0;0;0;0;0;0
"26";0;0;0;0,174563191911463;0,172187774015873;0;0;0;0;0;0,17307284273467;0;0;0,176625702430905;0;0;0;0,172554184988548;0;0;0;0;0;0;0;0,295319788856432;0;0;-0,206016217486257;0;0;0;-0,195632272425672;0;0;0;0;0;-0,218539114906483;0,20112744613542;0;0;0;0;0;0;0;0;0;0;0;0;0;0;0;0;0;0;0;0;0;0;0;0;0;0;0;0;0;0;0;0;0;0;0;0;0,216409039764711;0;0;0;0;0;0;0;0;0;0;0;0;0;0;0;0,19420810851263;0;0;0;0;0;0;0;0;0;0;0;0;0;0;0;0;0;0;0;0;0;0;0;0;0;0;0;0;0;-0,19998267678044;0;-0,19107793698103;0;0;0;0,206475489760828;0;0,204149572840989;0;0;0;0;0,190527254463254;0;0,195352852090517;0;0;-0,206715793156852;0;0;0;0;0;0;0;0;0;0;0;0;0
"27";0,162388038896045;0;0;0;0;0;0;0;0;0;0;0;-0,158985347112497;0;0;0;0;-0,164058905945109;0;0;0;0;0;0;0;0;0,388107104692608;0;0;0;0,192057233068859;0;0,200485099143621;0;0;0;0;-0,218469410092294;0;0;0;0;0;0,207771194422072;0;0;0;0;0;0,213014564867475;0;-0,213356908274894;0;0;0;0;0;-0,205770749671264;0;0;0;0;0;0;0;0;0;0;-0,195793864148885;0;0;0;0;0;0;0;0;0;0;0;0;0;0;0;0;0;0;0;-0,265526869994147;0;0;-0,2374184063099;-0,19902560762025;0;-0,208600374852256;0;0;0;0;0;0;0;0;0;-0,202803709082309;0;0;0,192818948658358;0,220001094701228;0;0,240274553648487;0;0;0;0;0;0;0;0;0;0;0;0;0,219305539323811;0;0;0;0;0;0;0;0;0;0;0;0;0;0;0,197701185873444;0;0;0;0;0;0;0;0;0;0;0;0;0;0;0
"28";0;0;0,182949441056283;0;0;0;0,202647629636029;0;0;0;-0,178550689918374;0;0;0;0,204246756196659;0;0;0;0;0;0;0;0;0;0;0;0;0;0,202788650978707;0;0;0;0;0;0;0;0;0;0;0;0;0,214660367547062;0;0;0;0;0,254340444326627;0;0;0;0;0;0;0;0;0;0;0;0;0;0;-0,209670936052117;0;0;0;0;0;0;0;0;0;0;0;0;0;-0,195411253068361;0;0;0;0;0;0;0;0;0;0;0,214823099491282;0;0;0;-0,200132384155438;0;0;0;0;0;0,204506955683028;0;0;0;0;0;0;-0,19989493624965;0;0;0;0;0;0;0,230785445288383;-0,187328448800947;0;0;0;0;0;0;0;0;0;0;0;0;0;0;0;0;0;0;0;0;0;0;0;0;0;0;0;0;0;0;0;-0,202683197012812;0;0,212413301851572;0;0;0;0;0;0;0;0
"29";0;0;0;0;0;0;0;0;0;0;0;0;0;0;-0,192971126497572;0;0;0;0;0;0;-0,18141153859325;0;0;0;0;0;0;0;0;0;0;0;0;0;0;0;0;0;0;0;0;0;0;0;0;0;0;0;0;0;-0,200860087486423;0;0;0;0;0;0;0;0;0;0;0;0;0;-0,186706472889;0;0;0;0;0;0;0;0;0;0;-0,208787231739694;-0,198970946456344;0;0;0;0;0;0;0;0;0;0;0;0;0;0;0;0;0,19638215552196;0;0;0;0,183291239547137;0;0;0;0,196784380869593;0;0;0;0;0;0;0;0;0;0;0;0;0;0;0;0;0;0;0;0;0;0;0;0;0;0;0;0;0;0;0;0;0;0;0;0;0;0;0;0;0;-0,188766726538398;0;0;0;-0,194718162868028;-0,184768486500721;0;0;-0,18503503863779;0
"30";0;0;0;0;0;0;0;0;0;0;0;0;0,166832173546614;0;0;0;0;0;0;0;0;0;0;0;0;0,176541531278962;0;0;0;0;0;0;0;-0,196990818912444;0;0;0;0;0;0;0;0;0;0;0;0;0;0;0;0;0,177722832150192;0;0;0;0;0;0;0;0;0;0;0;0,171858134605163;0;0;0;0;0;-0,171712608647165;0;0;0;0;0;0;0;0;0;0;0;0;0;0;0;0;0;0;0;0;0;0;0;0;0;0;0;0;0,174347774646883;0;0;0;0;0;0;0;0;0;0;0;0;0;0;0,180799866251286;0;0,204995839847024;0;0;0;0;0;0;0,177864048395573;-0,179736833213659;-0,192332514666699;0;0;0;0;0;0;0;0;0;0;0;0;0;0;0;0;0;0;0;0;0;0;0;0;0;0;0,171909967372374;0;0;0
"31";0;0;0,192376478054066;0,189367812606595;0;0;0;0;0;-0,193077396698626;0;0;0;0;-0,214771203367562;-0,191896145446879;0;0;0;0;0;0;0;0;0;0;0;0,198032267473971;0;0;0;0;0;0;0;0;0;0,187096314518427;0;0;0;0;0;0;0;0;0;0;0;0;0;0;0;0,170583636428545;0;0;0;0;0;0;0;0;0;0;0;0;0;0;0;0;0;0;0;0;0;0;0;0;0;0;0;0;0;0;0;0;0;0;0;0;0;0;0;0;0;0;0;0;0;0;0;0;0,179010408387731;0;-0,173680271869355;0;0;0;0;0;0;0;0;0;0;0;0;-0,179236761696857;0;0;0;0;0;0;0;-0,175459182892022;0;0;0;0;0;0;0;0;0;0;0,180532663555623;0;0;0;0;0;0;0;0;0;0;0;0,177130815471648;0;0;0;0;0
"32";0;0,212483907141734;0,200149425807066;0;0,194338201302153;0;0;0;0;0;0;0;0;0;0;0;0;0;0,214385738489633;0;0;0;0;0;0,191294397928655;0;0;0;0,194659455099214;0;0;-0,820471237646416;0;0;-0,182149827274217;0;0;0;0;0;0;0;0;0;0;0;0;-0,201458956002362;0;0;0;0,198484713476507;0;0;0;0;0;0;0;0;0;0;0;0;-0,207027027381333;0;0;0;0;0;0;0;0;0;0;0;0;0;0;0;-0,18672233997794;0;0;0;0;0;0;0;0,247018130967656;0;0;0;0;0,194849488440733;0;0;0;0;0;0;0;0;0;0;0;0;0;0,179378366919272;0,204665762169884;0;0;0;0;0;0;0;0;0;0;0;0;0;0;0;0;0;0;0;0;0;-0,194630290492651;0;0;0;0;0;0;0;0;0;0;0;0;0,196307758547303;0;0;0;0;0;0;0;0;0;0
"33";0;0;0;0;0;-0,166658761797828;0;0;0;0;0;0;0,168638908121169;0;0;0;0;0;0;0;0;0;0,173463073412113;0;0;0;0;0;0;0;0;0;0;0;0;0;0;0;0;0;0;0;0;0;0;0;0;0,19359416007567;0;-0,19042998268155;0;0;0;0;0;0;0;0;0;0;0;0;0;0;0;0;0;0;0;0;0;0;0;0,186367198681564;0;0;0;0;0;0;0;0;0;0;0,207576399925096;0;0;0;0;0;0;0,212246439721168;0;0;0;0;0;0;0;0;0,169093630066066;0;0;0;0;0;0;0;0;-0,197045916056814;0;0;0;0;0;0;0;0;0;0;0,205844934043465;0;0;0;0;0;0;0;0;0;0;0;0;0;0;0;0;0;0;0;0;0;0;0;0;-0,197700196720943;0;0;0;0;0;0;0;0
"34";0;0;0;0,183249668970312;0;0;0,206205121171723;0;-0,177005279203208;0,186839402872421;0;0,180634988102635;0;0;0;0;0,186545920391653;0;0;0;0;0;0;0;0;0;0;0;0;0;-0,201508736044555;0;0,187333474119939;0;0;0;0;0;0;0;0;0;0;0;0;0,230985912105882;-0,265217144458612;0;0;0;0;0,213694584125071;0;0;0;0,219215269500706;0;-0,206096419055014;0;0;0;0;0;0;0;0,198636586176786;0;0;0;0,200606744534035;0;0;0;-0,208799884858189;0;0;0;-0,21168473133735;0;0;0;0;0;0;0;0;0;0;0;0;0;0,237794163827416;0;0;0;0;0;-0,199113224795843;0;0;0;0;0;0;0;0;0;0;0;0;0;0;0;0;0;0;0;0;0;0;0;0;0;0;0;0;0;0;0;0;0;0;0;0;0;0;-0,211138775791107;0;0;0;0,212178836832942;0,221162831454338;0,22597839975172;0;0;0;0;0;0;0;0;0;0;0
"35";0;0;0;0;0;0;0;0;0;0;0;0;0;0;0;0;0;0;0;0;0;0;0;0;0;0;0;0;0;0;0;0;0;0;0;0;0;0;0;0;0;0;0;0;0;0;0;0;0;0;0;0;0;0;0;0;0,182059226485821;0;0;0;0;0;0;0;0,194293838535629;0;0;0;0;0;0;0;0;0;0;0;0;0;0;0;0;0;0;0;0;0,172480009469209;0;0;0;0;0;0;0;0;0,182124101375704;0;0;0;0;0;0;0;0;0;0;0;0;-0,168345707803659;0;0;0,209778084999477;0;0;0;0;0;0;0;0;0;0;0;0;0;0;0;0;-0,173844612998591;0;0;0;0;0;0;0,184739660684776;0;0;0;0;0;0;0;0;0;-0,175061580055805;0;0;0,177857449126701;0;0;0;0;0;0
"36";0;0;0;0;0;0;0;0;0;0;0;0;0;0;0;0;0;0;0;0;0;0;0;0;0;0;0;0;0;0;0;0;0;0;0;-0,74644645373337;0;0;0;0;0;-0,203898598720219;0;0;0;0;0;0;0;0,194344524308645;-0,184885616808698;0;0;0;0;0;0;0;0;0;0;0,19915930705751;0;0;0;0;0;0;0;0;0;0;0,179494312928848;0;0;0;-0,20233919019049;0;0;0;0;0;0;0;0;0;0,204053172271791;0;0;0;0;0;0;0;0;0;-0,194254217342497;0;0;0;0;0;0;0;0;0;0;0;0;0,201096456995755;0,21921526286871;0;0;0;0;0,189250990415842;0;0;0;0;0;0;0;0;0;0;0;0;0;0;0;0;0;0;0;0;0;0,18265197210049;0;0;0;0;0;-0,192521890870171;0;0;0,189930175700311;0;0;0;0;0;0;0
"37";0;0;0;0;0;0;0;0;0;0;0;0;-0,166009596603156;0;0;-0,175615632507651;0;0;0;0;0;0,184775993476301;0;0;0;0;0;0;0;0;0;0;0;-0,184412688716971;0;0;0;0;0;0;0;0;0;0;0;0;0;0;0;0;0;0;0;0;0;0;0;0;0;0;0;0;0;0,173092840774951;0;0;0;-0,203041752572371;0;0;0;0;0;0;0;0;0;0;0,164597982195806;0;0;0;0;0;0,194549537980698;0;0;0;0;0;0;0;0;0;0;0;0;0;0;0;0;0;0;0;0;0;0;0;-0,18433300313716;0;0;0;0;0;0;0;0;0;0;0;0;0;0;0;0;0;0;0;0;0;0;0;0;0;0;0,163597614249874;0;0;0;0;0;0;0;0;0;0;0;0;0;0;0;0;0;0
"38";0;0;0;0;0;0;0;0;0;0;0;0;0;-0,161168161281319;0;0;0;0;0,173326662131803;0;0;0;0;0;0,154657766468408;0;0;0;0;0;0;0;0;0;0;0;0;-0,0047567377332598;0,218175180925123;0,20079250786927;0;0;0;0;0;0;0;0;0;0;0;0;0;0;0;0;0;0;0;-0,199411650472701;0;0;0;0;-0,216791003645898;0;0;0;0;0;0;0;0;0;0;0;0;0;0;0;0;0;0;0;-0,226196828763973;0;0;0;0;0;-0,202979088091421;0;0;0;0;0;0;0;0,189665934462826;0;-0,184262001359184;0,208232692679887;0;0;0,197565204567761;0;0,196864858849886;0;0;0;0;0,189993028223081;0;0;0;0;0;0;0;0,213717651152305;0;0;0;0;0;0;0;0;0;0;0;0;0;0;0;0;0,205359953796932;0;0;0,203189635068834;0;0;0;0;0;0;0;-0,19845145472797;0;0;0;0;0;0
"39";0,183501354409024;0;0,190527659612969;0;0;0;0,211041795906828;0;0,181157052723854;0;0;0;0;0;0;0;0;0;0;0;0;0;0;0;0;0;0,180752258296256;0;0,185301607796467;0,189673404956532;0;0;0;0;0;0;0;0;0;0;0,197999187132947;0;0;0;0;0;0;0;0;0;0;0,213069564497998;0;0;0;0;0;0;0;0;0;0;0;0;0,2222395759897;0;-0,227305736403785;0;0;0;0;-0,205231107803338;0;0;0;0;0,221478567973472;0;0;0;0;0;0;0;0;0;0;0;0,265169265010515;0;0;0,237098657105971;0;0;0;0,206401565666494;0;0;0;0;0;0;0;-0,207833649837864;0;0;0;0;0;0;0;0;-0,205877888393951;0;0;0;0;0;0;0;-0,229947590630444;-0,202534855053408;0;0;0;0;0;0;0;0;0;0;0;0;0;0;0;0;0;0;0;0;0;0;0;0;0;0;0;0;0;0;0;0
"40";0;0;0;0,166243445420572;0;0;0,187068549698212;0;0;0;0;0;0;0;0;0;-0,169233792941172;0;0;0;0;0;0;0;0;0;0;0;0;0,168127496399836;0,182808005878682;0;0;0;0;0;0;0;0;0;0;0;0,191019198749975;0;0,189031489803621;0;0,243372585935303;0;0;0;0;0;0;0;0;0;0;0;0;0;0;0;0;0,189870597376064;0;0;0;0;0;0;0;0;0;0,191602122949713;0;0;0;-0,19424935960967;0;0;0;0,192713579448003;0;0;0;0;0;0;0,244042431891396;0;0;0;0;0;0;0;0;0;0;0;0;0;0;0;0;0;0;0;0;0;0;0;0;0;0;0;0;0;0;0;0;0;0;0;0;0;0;0;0;0;0;0;0;-0,19787279225644;0;0;0;0;0;0;0,194702768202212;0;0;0;0;0;0;0;0;0;0;0;0,18064415132401;0
"41";0;0;0;-0,173826887335945;0;0;0;0;0;0;0;0;0;0;0;0;0;0;0;0;0;0;0;0;0;0;0;0;0;0;0;0;0;0;0;0;0;0;0;0;0;0;0;0;0;0;0;0;0;0;0;0;0;0;0;0;0;0;0;0,18097083513814;0;0;0;0;-0,196743013195232;0;0;0;0;0;0;0;0;0,184304558162522;0;0;0;0;0;0;0;0;0;0;0;0;0;-0,182503359282325;0;0;-0,184208369974407;0;0;0;0;-0,182722027688361;0;0;0;0;0;0;0;0;0;0;0;0;0;0,194865087598556;0;0;0;0;0;0;0;0;0;0;0;0;0;0;0;0;0;0;0;0,179797910958623;0;0;0;0;0;0;0;0;0;0;0;0;0;0;0;0;0;0;0;0;0;0;0;0
"42";0;0;0;0;0;0;0;0;0;0;0;0;0;0;0;0;0,169732744970382;0;0;0;0;0;0;0;0;0;0;0,17436241490295;0;0;0;0;0;0;0;0,157375861658606;0;0;0;0;0;0;0,207116792396746;0;0;0;0,263882110730653;0;0;0;0;0;0;0;0;0,218111797177812;0;0;0,200318591157326;0;-0,212624011971609;0;0;0;0;0;0;0,241491726925752;0;0;0;0;0;0;0,201334272018924;0,202742171252873;0;0;0;0;0;0;0;0;0;0;0;0;0;0;0;0;0;0;0;0;0;0;0,194021532563361;0;0;0;0;0;0;0;0;0;0;0;0,239443438065255;0;0,205442436483918;0;-0,232936260852683;0;0;0;0,190331230768626;0;0;0;0;0;0;0;0,207855004995098;0;-0,210865371577452;0;0;0;0;0;0,210864254488173;0;0;0;0;0;0;0;0;0;0;0;0;0;0;0;0;0;0;0
"43";0;0;0,181030061641063;0;0,175773956977797;0;0;0,184130107088251;0;0,181689639915463;0;0;0;0;0;0;0;0;0;0;0;0;0;0;0;0;0;0;0;0;0,195954649441665;0;0;0;0,176015770228081;0;0;0;0;0;0;0;0;0;0;0;0;0;0;0;0;0;0;-0,184597940533599;0;0;0;0;0;0;0;0;0;0;0;-0,183796195116614;0;-0,224580051226096;0;0;0;0;0;0,193200180874873;0;0;0;0;0;0;0,186011590367759;0;0;0,18566571260241;0;0;0;0;0;0;0;0;0;0;0;0;0;0;0;0;0;0;0;0;0;0;0;0,178695571789466;0;0;0;0;0;0;0;0;0;0;0;0;0,213392049516854;0;0;0;0;0;0,1932989103339;0;0;0;0;0;0;0;0;0;0;0;0;-0,193299648961099;0;0;0;0;0,18582433466569;0;0;0;0;0;0;0;0;0
"44";0;0,18388938169584;0;0;0;0;0;0;0;0;0;0;0;0;0;0,172782295382212;0;0;0;-0,188653857084546;0;0;0,168003572392089;0;0;0;0;0;0;0;0;0;0;0;0;-0,160936367174569;0;0;0;0;0;0;0;0;0;0;0,245326269017069;0;0;0;0;0;0;0;0;0;0,193192214714558;0;0;0;0;0;0;0;0;0;0;0;0;0;0;0;0;0;0;0;0;0;0;0;0;0;0;0;0;0;0;0,191252667276144;0;0;0;0;0;0,194047557241013;0;0;0;0;0;0;0;-0,198035758221468;0;0;0;0;0;0;0;0,204207023414679;-0,222606091555509;0;0;0;0;0;0;0;0;0;0;0;0;0,203179022597484;0;0,189815105733226;0;0;0;0,18841751832261;0;0;0;0;0;0;0;0,18547723863802;0;0;0;0;0;0;0;0;0,192868021723556;0,188733497134491;0;0;0;0;0;0
"45";0;0;0;0;0;0;0;0;0,190603577135243;0;0;0;0;-0,199659166553125;0;0;0;-0,195056689292118;0;-0,218330578060018;0;0;0;0;-0,191593925925302;-0,200025432557598;0;0;0;0;0;0;0;0;0;0;-0,198580055333997;0;0,214904133867245;0;0;0;0;0;0;0;0;0;0;0;0,185849473478018;0;0;0;0;0;0;0;0;0;0;0;0;0;0;0;0;0;0;0;0;0;0;0;0;0;0;0;0;0;0;-0,192298841587828;0;0;0;0;0;0;0;0;0;0;-0,182528286365092;0;0;0;0;0;0;0,196552298215858;0;0,196035880724825;0;0;0;0;0;0;0,20176510598013;0;0;0;0;0;0;0;0;0;0;0;0;0;0;0;0;0;0;0;0;0;0;0;0,185569608816985;0;0;0;0;0;0;0;0;0;0,206919462124167;0;0;-0,202816036303818;0;0;-0,189688386912038;-0,179995721201699;0;0;0;0
"46";0;0;0;0;0;0;0;0;0;0;0;0;0,164173078634762;0;0,194375587706212;0;0;0;0;0;0;0;0;0;0;0;0;0;0;0;0;0;0;0;0;0;0;0;0;0;0;-0,165935545326372;0;0;0;0;0;0;0;0;0;0;0;0;0;0;0;0;0;0;0;0;0;0;0;0;0;0,249200960780222;0;0;0;0;0;0,21438088750127;-0,207761543899714;0,209214388045758;0;0;0;0;0;0;0;0;0;0;0;0;0,273055602575848;0;0;0;0;0,21538801329829;0;0;0;-0,204435313141881;0;0;0;0;0;0;0;0;0;0;0;0;0,247087283601757;0;-0,212000854888759;0;0,24037237525279;0;0;0;0;0;0;0;0;0;0;-0,210690096279363;0;0;0;0;0;0;0;0;0;0;0;0;0,203306793168703;0;0;0;-0,232018566139503;0;0;0;0;0;0;0;0;0;0;0
"47";0;0;0;0;0;0;0;0;0;0;0;0;0;0;0;0;0;0;0;0;0;0;0;0;0;0;0;0;0;0;0;0;0;0;0;0;0;0;0;0;0;0;0;0;-0,182880750932932;0;0;-0,255696592990066;0;0;0,239275831778338;0;0;-0,23519142808675;0;0;0;0;0;0;0;0;0;0;0;0;0;-0,286131593965682;0;0;0,242876983983908;0;0;0;0,238551013345509;0;0;0;-0,231955656472352;0;0;0;0;0,236551848668956;0;-0,233262619054701;0,264082157201339;0;0;0;0;0;0;0;0;0;0;0,23473184785892;0;0,253055409646377;0;0,252390537035229;0;0;0;0;0;0;0;0;0;0;0;0;-0,275994645691014;0;0;0;0,225514054392518;0;0;0;0;0;0;0;0;-0,235108114044031;0;0;0;0,246851280110685;-0,238915514106726;0;0;0;0;0;0;0;0;0;0;0;0;0;0;0;0;0;-0,23144972391195;0;0;0
"48";0;0;0;0;0;0;0;0;0;0;0;0;0;0;-0,193071188910925;0;0;0;0;0;0;0;0,167736257563247;0;0;0;0;0;0;0;0;0;0;0;0;0;0;0;0;0;0,171833981874365;0;0;0;0;0;0;0;0;0;0;0;0;0;0;0;0;0,198698135776226;0;0;0;0;0;0;0;0;0;0;0;0;0;0;0;0;0;0;0;0;0;0;0;0;0;0,193454030099126;0;0;0;0;0;0;0;0;0;0;0,201430502982482;0;0;0;0;0;0;0;0;-0,200960780305011;0;0;0;0,18619150536194;0;0;0;0;0;0;0;0;-0,200144595511327;0;0;0;0;0;-0,197899241576835;0;0;0;0;0;0,204324411922614;0;0;0;0;0;0;0;0;0;0;0;0;0;0;0;0;0;0;0,196711556384662;0;0;0;0;0,18979168857338;0
"49";0;0;0;0;0;0;0;0,220589219027554;0;0;-0,211660892147852;0;0;0;0;-0,216333839576742;0;0;-0,232301342525503;0;-0,218096855737681;0;0;0;0;0;0;0;0;0,215902954046573;0;-0,244240358532852;0;0;0;0;0;0;0;0;-0,215489364654;-0,206695948989523;0;0;0;-0,212461732642125;0;0;0;0,214796590924547;0;0;-0,208711281279967;0,200854171783525;0;0;0;0;0;-0,206411575186069;0;0;-0,197599149095773;0;0;0;0;0;0;0,201965323290492;0;0;0,198383600693736;0;0;0;0;0;0;0;0;0;0,199409063314033;0;0;0;0,225526939476371;0;0;0;0;0;0;0;0,210345472910376;0;0,214696780402309;0;0;0;0;0;0;0,209854961109698;0;0;0;0;0;0;0;0;0;0;0;0;0;0;0;0,221219757796714;-0,23218397370525;0;0;-0,221140194084524;0;0;0,210321374277233;0;0;0;0;0;-0,20403455220503;0;0;0;0;0;0;0;0;0,222660623192246;0;0;0;0;0;0;0,208563165751254;0;0;0;0;0
"50";0;0;-0,19146566972026;0;0;0;0;0;0;0;0,186862158347446;0;0;0;0;0;0;0;0;0;0,192544067911547;0;0;0;0;0;0;0;0;0;0;-0,215624530766516;0;0;0;0;0;0;0;0;-0,190242077180883;0;0;0;-0,215962154787019;0;0;-0,186310447431176;0;0,955041130073369;0;-0,202656219945161;0;0;0;0;0,198067666057724;0;0;0;0;0;0;0;0;0;0;0;0;0;0;0;0;0;0;0;0;0;0;0;0;0,199163008634644;0;0;0,220549041777543;0;0;0;0;0;0;-0,225510939191982;0,189043690399946;0;0,198138245386622;0;0;0;0;0;0;0,203033442547632;0;0;0;0;0;0,183148319802969;0;0;0;0;0;0;0;0;0;0,198795120553583;0;0;0;0;0;0;0;0;0;0;0;0;0;0;0;0;0;0;0;0;0;0;0;0;0;0;0;0;0;0;0;0;0;0;0;0
"51";0;0;0;0;0,177650284283811;0,170497003063533;0;0;0;0;0;0,177531305048748;0;0;0;0;0;0;0;0;0;0,192025423691438;0;0,181471111999856;0;-0,182563293323257;-0,173575240556103;0;0;0;0;0;0;0;0;0;0;0;0;0;0;0;0;0;0;0;0;0;0;-0,197108746157827;0;0;0;0;0;0;0;-0,185937798993311;0;0;0;0;0;0;-0,201090121712419;0;0;0;0;0;0;0;0;0;0;0;0;0;0;0;0;0;0;0;0,209814738905893;0;0;0;0;0;0;0;0;0;0;0;0;0,17963764212282;0;0;0;0;0;0;0;0;0;0;0;0;-0,217115997929122;0;0;0;0;0,187438671493504;0;0;0;0;0;0;0;0;0;0;-0,18847309911151;0;0;-0,18377061127162;0;0;0;0;0;0;0;0;0;0;0;0;0;0;0;0;0;0;0;0;0;0;0;0
"52";0;0;0;0;0;0;0;0;0;0;0;0;0;0;-0,202842546101323;0;0;0;0,194615091755507;0;0;0;-0,176225410686903;0;0;0,181295221503442;0;0;0;0;0;0;0;0;0;0;0;0;0;0;0;0;0;0;0;0;0;0;-0,221716519583543;0;0;0;0;0;0;0;0;0;0,191239119266245;0;0,202986794931933;0;0;0;0;0;0;0;0;0;0;-0,195514566332852;0;0;0;0;0;0;0;0;0,190953034519334;0;0;0;0;0;0;0;0;0;0;0;-0,18934750934849;0;0;0;0;0,189131531113929;0;0;0;0;0;0;0;0;0;0;0;0;0;0;0;0;0;0;0;0;0;0;0,219060862374122;0;0;0;0;0;0;0;0;0;0;0;0;0;0;0;0;0;0;0;0;0;0,214649934917887;0;0;0;0;0;0;0;0;0;0;0
"53";0;0;0;0;0;0;0;0,200211881897332;0;0;0;0;0;0;0;0;0;0;0;0;0;0;0;0;0;0;0;0;0;0;0;0;0;0;0;0;0;0,179222477090063;0;0;0;0;-0,200502293265327;0;0;0,19283518710012;0;0;0;0,212060392138683;0;0;0;0;0;0;0;0;0;0;0;0;0;-0,190665719626983;0;0;0,210071654223613;0;0;-0,184854697917263;0;0;0;0;0;0,187767619698669;0;0;0;0;0;0;0;0;0;0;0;0;0;0;0,192304080790783;0;0;0;0;0;0;0;0;0;0;0;0;0;0;0;0;0;0;0;0;0,180000979374984;0;0;0;0;0,191295821101513;0;0;0;0;0;0;0;0;0;0;0;0;0;0;0;0;0,198701425347338;0;0;0;0;0;0;0,195518126164174;0;0;0;0;0;0;0;0;0;0;0;0;0
"54";0;0;0;0;0;-0,180121281255728;0,214102035285368;0;0;0;0;0;0;0;0,215791550489295;0;0,193689957858874;0;0;0;0;0;0;0;0;0;0;0;0;0;0;0;0;0;0;0;0,191475031087466;0;0;0;0;0;0;0;-0,218020379586467;0;0;0;0;0;0;0;0,21408143123468;0;0;0;0;0;0;0;0;0;0;0;0;0;0;0;0;0;0;0;-0,174740825893286;0;0;0;0;0;0;0;0,178271790524642;0;0;0;0;-0,175466062468806;0;0;-0,235838756652563;0;0;0;0;0;0;0;0;0;0;0,190354701910758;0;0;0;0;0;0;0;0;0;0;0;-0,173224693034626;0;0;0;0;0;0;0;0;0;0;0;0;0;0;0;0;0;0;0;0;0;0;0;-0,173422486889992;0;0;0;0;0;0;0;0;0;0;-0,18490031924903;0;0,183707220288612;0;0;0;0;0
"55";0;0;0;0,172572192329503;0;0;-0,194190090656809;0;0;0;0;0;0;0;0;0;0;0;0;0;0,176301436563817;0;-0,170039642152089;0;0;0;0;0;0;0;0,189767351549158;0;0;0;0;0;0;0;0;0;0,174193637153662;0;0,178574822119109;0;0;0;0;0;0;0;0;0;0;0;0;0,20760636792974;0;0;0;0;0;-0,207059076147074;0;0;0;0;0,215899860662073;0;0;0;0,195112151776201;0;0;0;0;0;0;0;0;0;0;0;0;-0,190030934357684;0;0;0,212147059355233;-0,195810019294582;0;0;0;0,225201386653134;0;0;0;0;0;0;0;0;0;0;0;0;0;0;0;0;0;0;0;0;0;0;0;0;0;0;0;0;0,218409150433856;0;0;0;0;0;0;0;0;0;0,198448011009401;0;0;0,204214177321519;0,200707905610505;0;0;0;0;0;0;0;0;0;0;0;0;0;-0,196189698697092;0;0,18593220699521;0;0;0
"56";0;0;0;0;0;0;0;0;0;0;0;0;0;0,173206131297649;0;0;0;0;0;0;0;0;0;0;0;0;0;0;0;0;0;0;0;0;0;0;0;0;0;0;0;0;0;0;0;0;0;0;0;0;0;0;0;-0,189134649533705;0;0,740826246095821;0;0;0;0;0;0;0;0;0;0;0;0,236502110796393;0;0,195472941653428;0,200750006596423;0;0;-0,203456408232589;0;0;0;0;0;0;0;0;0;0;0;0;0;0;0;0;0;0,231708683670285;0,19423920105913;0;0;0;0;0;0;0;0;0;0;0;0;0;0;0,188181807277397;0;0;0;0;0;0;0,22812341471895;0;0;0,20425863094975;0;0;0;-0,197930621938539;0;0,214031416637486;0;0;0;-0,19432864601258;0;0;0;0;0;0,210115039330825;0;0;0,205735443725269;0;0;0;0;0,21550296999833;0;0;0;0;0,203169674633887;0,198814312827303;0;0;0;0;0;0
"57";0;0;0;0;0;0;0;0,180388937407207;0;0;0;0;0;0;0;0;0;0;0,189966638084922;0;0;0;0;0;0;0;0;0;0;0;0;0;-0,178468747348657;0;0;0;0;0;0;0;0;0;0;0;0;0;0;0;0;0;0,182578978957981;0,181310798186849;0;0;0;0;0,49660990294069;0;0;0;0;0;0;0;-0,206924052746766;0;0;0;0;0;0;0;0;0;0;0;0;0;0;0;0;-0,194966382994198;0;0;0;0;0;0;0,246895264875776;0,190070915973717;0;0;0;0,194752570878222;0;0;0;0;0;0;0;0,198755261791554;0;0;0;0;-0,187904819626076;0;0;0;0;0,181345751126119;0;0;0;0;0,192724975638454;0;0;0;0;0;0;0;0;0;0;0;0;0;0;0;0;0;0;0;0;0;0;0;0;0;0;0;0;0;0,193568749872006;0;0;0;0;0;0;0
"58";0;0,179353004479563;0;0;0;0;0;0;0,160632779780014;0;0;0,163926750631798;0;0;0;0;0;0;0;0,183999944764275;0;0;0;0;0;0;0;0;-0,164307775548906;0;0;0;0;0,176961532472847;0;0;0;0;0,181112279885586;0,160538870441052;0;0;0;0;0;0;0;0;0;0;-0,173920966991624;0;0;0;0;0;0;0;0;0;0;0;0;0;0;0;0;0;0;0;0;0;0;0;0;0;0;0;0;0;0;0,192390232184506;0,181448915682238;0;0;0;0;0;0,243632961771257;0;0;0;0;0;0;0;0;0;0,178641492669517;0;0;0;0;0;0;0;0;0;0;0;0;0;0,189157064302461;0;0;0;0;0;0;0;0;0;0;0;0;0;0;0;0;0;0;0;0;0,197540788533196;0;0;0;0;0;0;0;0;0;0,193617531013619;0;0;0;0;0;0;0;0,174977803725351;0;0
"59";0;-0,196453979621875;0;0;0;0;0;0;0;-0,185724244663081;0;0;0;0;0;0;0;0;0;0;0;0;0;0;0;0;0;0;0,179974216116789;0;0;0;0;0;0;0;0,183312014445015;0;0;0,175845952922071;0;0;0;-0,180354505886981;0,208725674282856;0,181284084643128;0;0;0;0;0;0;-0,204954652269907;0;0;0;0,184662126889108;0;0;0;0;0,195662510954145;0;0;0;0;0,204016697253038;0;0;0;0;0,184203766477941;0;0;0;0;0;0;-0,176082532411383;0;0;0;0;0;0;0,177074675844171;0;0;0;0;0;0;0;0;0;0;0;-0,178189999059275;0;0;0;0,191595090172459;0;0;0;0;0;0;0;-0,197565648832117;0;0;0;0,180875955517158;0;0;0;0;0;0;0;0;0;0;0;0;0;0;0;0;0;0;0;0,192974195822173;0;0;0;0;0;0;0;0;0;0;0;0;0;0;0;0;0;0;0;0
"60";0;0;0;0;0;0;0;0;0;0;0;0;0;0;-0,196688707533678;0;0;0;0;0;0;0;0;0;0;0;0;0;-0,171346998175545;0;0;0;0;0;0;0;-0,174524796286835;0;0;0;0;0;0;0;0;0;0;0;0;0;0;0;0,195129975761484;0;0;0;0;0;0;0,224055010592565;0;-0,199249614171691;0;0;0;0;0;0;0;0;0;0,187580795220928;0;0;0;0;-0,202430939195957;0;0;0,182014675170132;0;0;0;0;0,211939467582482;0;0;0;0;0;0;0;0;0;0;0;0;0;0,177711143822134;0;0;0;0;0;0;0;0;0;0;0;0;0;0;0;0;0;-0,189188008994633;0;0;0;0;0;0;-0,200174841575725;0;0;0;0;0;0;0;0;0,18469091217314;0;0;0;0;0;0,180455102427286;0;0;0;0;0;0;0;0;0;0;0;0,178919568247142;0;0;0
"61";0;0;0;0;0;0;0,201443838786748;0;0;0;0;0;0;0;0;0;0;0;0,194798267821731;0;0;0;0;0;0;0;0;0;0;0;0;0;0;0;0;0,168971237184941;0;0;0;0;0;0;0;0;0;0;0;0;0;0;0;0;0;0;0;0;0;0;0;0;0;0;0;0;0;0;0,216549289951172;-0,230551617509659;0;0;0;0;0;0;0;0;0;0;0;0;0;0;0;-0,190602549615925;0;0;0;0;0;0,194478886730784;0;0;0;-0,199269114784462;0;0;0;0;0;0;0;0;0;0;0;0;0;0;0;0;0;0;0;0;0;0;0;0;0;0,208721364084482;0;0,192950603649828;0;0;0;0;0;0;0;0,193487579126795;0;0;0;0;0;0;0;0,190468180489175;0,188092011639893;0;0,20154699857015;0;0;0;0;0;0;0;0;0;0;0;0;0
"62";0;0;0;0;0;0;0;0;-0,163983199669338;0;0,168318785228868;0;0;0;0;0;0,172821946604011;-0,167814374251401;0;0;0;0;0,167276796020354;0,171059645000396;0;0,172089165056773;0;0;0;0;0;0;0;0;0;0;0;0;0;0;0;0;0,175673294273762;0;0,194531026884378;0;0;0;0;0;0;0;0;0;0;0;0;0;0;0;0;0;-0,190742957038605;0;0;0;0;0;0;0;0;0;0;0;0;0;0;0;0;0;0;0;0,19249007179875;0;0;0;0;0;0;0;0;0;0,193727147793753;0;0;0;0;0;0;0;0;0;0;0;0;0;0;0;0;0;0;-0,18983864522972;0;0;0,227522035909839;0;0,201750788479684;0;0;0;0,22412777546956;0;0;0;0;0;0;0;0;-0,197958219953154;0;0,203497084797111;0;0;0;0;0;0;0;0;0;0;0;0;0;0;0;0;0;0;0;-0,185625193050284;0;0
"63";0;0;0;0;0;0;0;0;0;0,170899277229774;0;-0,165224189515465;0;0;0;0;0;0;0;0;0;0;0;0;0;0;0;0;0;0;0;0;0;0;0;0;0;-0,1550377636569;0;0;0;0;0;0;0;0;0;0;0;0;0;0;0,188594666255597;0,185192766431937;0;0;0;0;0;0;0;0;0;0;0;0;0;0;0;0;0;0;0;0;0;0;0;0;0;0;0;0;0;0;0;0;0;0;0;0;0;0;0;0;0;0;0;0;0;0;0;0;0;0;0;0;0;0;0;0;0;0;0;0,176328180826686;-0,204245667639357;0;-0,181110916685577;-0,182878818032909;0;0;0;0;0;0;0;0;0;0;0;0;0;0;0;0;0;0;0;0;0;0;0;0;0;0;0;0;0;0;0;0;0;0;0,171742567462348;0
"64";0;0;0;0;0;0;0;0;0;0;0;0;0;0;0;0;0;0;0;0;0;0;0;0;0;0;0;0;0;0;0;0;0;0;0;0;0;0;0;0;0;0;0;-0,15533491404861;0;0;0;0;0;0;0;0;0;0;0;0;0;0;0,165948472704891;0;0;0;0;0;0;0;0;0;0;0;0;0;0;0;-0,186108978685947;0,187410409812877;0;0;0;0;0;0;0;0;0;0;0;0;0;-0,188302532352152;0;0;0;0;0;0;0;0;0;0;0;0;0;0;0;0;0,186156588952605;0;0;0;0;0;0;0;0;0;0;0;0;0;0,212108919847895;0;0;0;0;-0,188732322169898;0;0;0;0;0;0,19258455029985;0;0;0;0;0;0;0;0;0;0;0;0,194384614078836;0;0;0;-0,187656883512212;0;0;0;0;0;0
"65";0;0;0;0;0;0;0;0;0;0;0;0;0;0;0;0;0;0;0;0;0;0;0;0;0;0;0;0;0;0,16682619958315;0;0;-0,168632869461752;0;0;0;0;0;0;0,159242537809184;-0,166506622915681;0;0,170694469985674;0;0;0;0;0;0;0;0;0;0;0;0;0;0;0;0;0;0;0;0,160557099244866;0;0;0;0;0;-0,194289664162198;0;0;0;0;0;0;0;0;0;0;0;0;0,20806837241122;0;0;0,230410659459806;0;0;0;0;0;0;0;0,197496579539446;0;0;0;0;0;0;0;0;0;0,20742175599411;0;0;0;0;0;0;0;0;0;0;0;0;0,205838103330097;0;0;0;0;-0,228488725194819;0;0;0;0,19431340569775;0,203306903484218;-0,206974072856694;0;0;0;0;0;0;0;0;0;0;0;0;0;0;0;0;0;0;0,219448033197625;0;0;0;0;0;0;0;0
"66";0;0;0;0;0;0;0;0;0;0;-0,179618505545719;0;0;0;0,205468246173545;0,18358403656637;0,184423976992857;0;0;0;0;0;0;0;0;0;0;0;0;0;0;0;0;0;0;0;0;0;0;0;0;0;0;0;0;0;0;0,179088181529609;-0,224586534246012;0;0;0;0;0;0;0,18008659116737;0;0;0;0;0;0;0;0;0;0;0;0;0;0;0;0;0;0;0;0;0;0;0;0;0;0;0;0;0;0;0;0;0;0;0;0;0;0;0;0;-0,188288507234335;-0,175804369739531;0,172175413896571;0;0;0;0;0;0;0;0;0;0;0;0;0;0;0;0;0;0;0;0;0;0;-0,179350020330553;0;0;0;0;0;0;0;0;0;0;0;0;0;0,172669278681578;0;-0,177042576684819;0;0;0;0;0;0;0;0;0;0;0;0;0;0;0;0
"67";0;0;0;0;0;0;0;0;0;-0,170834911736927;0;0;0;0;-0,190029595376206;0;0;0;0;0;0,171173444703275;0;0;0;0;0;0;0;0;0;0;0;0;0;0,165500017420984;0;0;0;0;0;0;0;0;0;0,19199233900791;0;0;0;0;0;0;0;0;0;0;0;0;0;0;0;0;-0,165178002090581;0;0;0;0;0;0;0,198718680016197;0;0,208769600298323;0;0;0;0;0;0;0;0;-0,202388638581208;0;0;0;0;0,235663087416169;0;0;0;0;0;0;0;0;0;0;0,209767351383154;0;0;0;0;0;0;0;0;0;0;0;0;0,22328752400485;0;0;0;0;-0,204809656405056;0;0;0;0;-0,193844958978491;0;0;0;-0,208004913138913;0;0;0;0;0;0;0;0;0;0;0;0;0;-0,213954196475167;0;0;0;0;-0,22411191746608;-0,228991698746318;0,214169057316902;0;-0,224450557765014;0;0;0;0;0;0;0;0
"68";0;0;0;0;0;0;0;-0,176168556713828;0;0;0;0;0;0;0;0;0;0;0;0;0;-0,181782028493832;0;0;0;0;0;0;0;0;0;0;0;0;0;0;0;0;0;0;0;0;0;-0,168807660494269;0;0;0;0;0;0;0;-0,177068849632977;0;0,188372520164333;0;0;0;0;0;0;0;0;0;0;0;0;0;0,805831499630585;0;0;0;0;0;0;0;0;0;0;0;0;0;-0,226572123784508;0;0;0;0;0;0;0;0;0;0;0;0;0;0;0;0;0;0;0;0;-0,225868003051496;0;0;0;0;0;0;0;0;0;0;0;0;0,22414351439777;0;0;0;0;0;0;0;0;0;0;0;-0,215159202408768;0,228644695597448;0;0;0;0;0;0;0;-0,227788722287898;0;0;-0,225381368171915;0;0;0;0;0;0;0;0;0;0;0;0;-0,212382174271087;0,227896152236087
"69";0;0;0;0;0;0;0;0;0,185532950101885;0;0;0;0;0;0;0;0,195533235480512;0;-0,209009188723268;0;0;0;0;0;0;-0,194704155900937;0;0;-0,189777618018037;0;0;0,219751115664891;-0,196358731574359;0;0;0,181298024856726;0;0;0,209187039114115;0;-0,193882897081752;0;0;0;0;0;0;0;0;0;0;0;0;0;0,192483436350843;0;0;0;0;0;0;0;0;0;0;0;0;0;0;0;0;0;0;0;0;0;0;0;0;0;0;0;0;-0,174908387258803;-0,20271923260658;0;0;0;0;0;0;0;0;0;0;0;0;0;0;0;0;0;0;0;0;0;0;0;0,192073676082123;0;0;0;0;0;0,204072716579937;0;0;0;0;0;0;0;0;0;-0,170960252362328;-0,178872885284763;0;0;0;0;0;0;0;0;0;0;0;0;0;0;0;0;0;0;0;0;0;0;0;0;-0,171135834146821;0;0;0
"70";0;0;0;0;0;0;0;0;0;0;0;0;0;0;0;0;0;0;0;0;0;0;0;0;0;0;0;0;0;0,170626044565513;0;0,193020824952371;0;0;0;0,159245126989231;0;0;0;0;0;-0,163349836316689;0;0;0;0;0;0;0;0;0;0;0;0;0;0,167709498291049;0;0;0;0;0;0;0;0;0;0;0;0;0;-0,473135750042275;0;0;0;0;0;0;-0,198070433026126;0;0;0;0;0;0;0;-0,207374140959512;0;0;0;0,237143447451508;0;0;0;0;0;0;0;0;0;0;0;0;0;0;0;0;0;0,18048299444423;0;0;0;0,21459047059279;0;0;0;0;0;0;0;0;0;0;0;0;0;0;0;0;0;0,188978656855892;0;0;0;-0,18071253878199;0;0;0;0;0;0;0;0;0,19720957097216;-0,201503584354377;0;0;0;0;0;0;0;0;0;0;0
"71";0;0;0;0;0;0;0;0;0;0;0;0;0;0,182027364517576;0;0;0;0;0,195759480393957;0;0;0,191812946206989;0;0;0;0;0;0;0;0;0,197827259051478;-0,20582044493512;0;0;-0,177697837092771;0;0;0;0;0;0;0;0;0;0;0;0;0;0;0;0;0;0;0;0;0;0;0;0,190293213443586;0;0;0;0;0;-0,172325684686361;0,189258240049354;0;0;0;0;0;0;0,180450984617366;0;0,185307979480519;0;0;0;0;0;0;0;0;0;0;0;0;0;0;0;0;0;0;0;0;0;0;0;0;0;0;0;0;0;0;0;0;0;0;0;0;0;0;0;0;0;0;0;0;0;0;0;0;0;0;0;-0,191309659375502;0;0;0;0,191894111517171;0;0;0;0;0;0;0,183625473531868;0;0;0;0;0;0;0;-0,202839553293854;0;-0,186849222239512;0;0;0;0;0;0,193445013706794
"72";-0,178036459862354;0;0;0;0;0;0;0;0;0;0;0;0;0;0;0;0;0;0;0;0;-0,19401011101625;0,17929214693979;0,183346714765791;0;0;0;0;0;0;0,200093316168558;0;0;0;0;0;0;0;0;0;0;0;0;0;0;0;0;0;-0,225574908029458;0;0;0;0;0;0;0,180879126953442;0;0;0;0;0;0;0,177109302779193;0;0;0;0;0;0;0,178269697514158;0;0;0;0;0;-0,186432379306044;0;0;0;0;0;0;0;0;0;0,181033454813208;0;0;0;0;0;0;-0,182381745581305;0;0;0;0;0;0;0;0;0;0;0;0;0;0;0;0;0;0;0;0;0;0;0;0;0;0;0;0;0;0;0;0;0;0;0;0;0;0;0;-0,185420626341641;0;0;0,178925038279553;0;0,183456779644389;0;0;0;0;0;0;0;0;0;0,186677566743868;0,189536097721979;0;0;0;0;0
"73";-0,171866107832295;0;0;0;0;0;0;0;0;0;0;0;0;0;0;0;0;0;0;-0,194352321183778;0;0;0;0;0;0;0;0;0;0;-0,193158522022592;0;0;0;0;0;0;0;0;0;0;0;0;0;0;0;0;0;0;0;0;-0,182430259708405;0;0,194076190401284;0;0;0;0;0;0;0,182601967138863;0;-0,17097108397395;0;0;0;0;0;0;0;-0,183502998285031;0;0;0;0;0;0,194557783754655;0;0;0;0;0;0;0;0,203696496527506;0;0;0;0;0;0;0;0;0;0;0;0;0;0;0;0;0;-0,183372961557596;0;0;0;0;0;0;0;0,210784849285883;0;0;0;-0,205056505343315;0,181972919996446;0;0;0;0;0;0;0;0;0,171784413367664;0;0;0;0;0;0;0;0;0;0;0;0;0;0;-0,182977882671432;0;0;0;0;0;0;0;0;0;0;0;0;0;0
"74";0;0;0;0;0;0;0;0;0;0;0;0;0;0;0;0;0;0;0;-0,215194450623956;0;0;0;0;0,188841847068478;0;0;0;0,192163761449976;0;0;0;0;-0,20696277822721;-0,192110550904364;0;0;0;-0,211817224299503;0;0;0;0;-0,192569808017411;0;0;0;0;0;0;0;0;0;0,214888707879658;0,194903601026754;0;0;0;0;0;0;0;0;0;0,186302674031902;0;0;0;0;0;0;0;-0,19838655703353;0;0;-0,18911949969748;0,206159985825652;0,196467222441542;0;0;0;0;0;0;0;-0,183642758464062;0;0,191895863401995;0;0;0;0;0;-0,194700152777723;0;0;0;0;0;0;0;0;0;0;0;0;0;0;0;0;0,223354731444921;0;0;0;0;0;0;0,194553868080169;0;0;0;0;0;0;0;0;0;0;0;0;0;0;0;0;0;-0,181503952525507;0;0;0;-0,193889532302238;0;0;0;0;0;0;0;0;0;0;0;0;0;0
"75";0;0;0;-0,169230811457771;0;0;0;0;0;0;0;0;0;0;0;0;0;0;-0,184147906898868;0;0;0;0;0;0;0;0;0;0;0;0;0;0;0,18008069295015;0;0;0;0;0;0;0;0;0;-0,167557204083248;0;0;0;0;-0,209791710590996;0;0;0;0;0;0;0;0;0;0;0;0;0;0;0;0;0,178032290943535;0;0;0;-0,165796387172418;0;0;0;0;0;0;0;0;0;0;0;0;0;0,180482087681598;0;0;0;0;0;0;0;0;0;0;0;0;0,191811183013193;0;0;0;0;0;0;0;0;0;0;0;0;0;-0,216458306443143;0;0,185721196756048;0;0;0;0;0;0;0;0;0;0;-0,197567761191556;0;0;0;0;-0,190623562658335;0;0;0;0;0;0;0;0;0;0;0;0;0;0;0;0;0;0,187541522595351;0;0;0;0;0,171799489664601;0;0
"76";-0,172675488430669;0;0;0;0;0;0;0;0;0;0;0,173965176032492;0;0;0;0;-0,179657851559953;0,174452206628397;0;0;0;-0,188168146603902;0;0;0;0;0;0;-0,174369533872332;0;0;0;0;0;0;0;0;0;0;0;0;0;0;0;0;-0,17563861101738;0,163562452874039;0,174459950696295;0;0;0;0;0,198572039664163;0;0,176855666253812;0;0;0;0;0;0;0;0,171776249576388;0;0;0;0;0;0;0;0,184367181272757;0;0;0;0;0;0,201191607035306;0;0;0;0;0;0;-0,181744170835352;0;0;0;0;0;0;0;0;0;0;0;0;0;0;0;0;0;0;0;0;0;0;0;0;0;0;0;0;0;0;0;0;0;0;0;0;0;0;0,185920311667312;0;0;0;0;0;0,191956563568454;0;0;0;0;0;0;0;0;0;0;0;0;0;0;0;0;0;0;0;0;0;0;0;0;0
"77";0;0;0;0;0;0;0;0;0;0;0;0;0;0;0;0;0;0;0;0;0;0;0;0,174843112069991;0;0;0;0;0;0;0;0;0;0;0;0;0;0;0;0;0;0;0;0;0;0;0;0;0,215112765860865;-0,189909601669691;0;0,180215018177078;0;0;0;0;0;0;0,183546092603061;0;0;0;0;0;0;0;0;0;0;0;0;-0,183351182975356;0;-0,195977558980793;0;0;-0,758847718127072;0;0;0;0;-0,207355890403354;0;0;0;0;0;0;0;0;0;0;0;0;-0,206288971916818;0;0;0;0;0,211942393780674;0;0;0;0;0;0;0;-0,190682412306242;0;-0,217972816829669;0,23761218399068;0;-0,203871220743192;0;0;0;0;0;0;0,216953546811135;0;0;0;0;0;0;0;0;0;0;0;0;0,200099756973699;0;0;0;0;0;0;0;0;-0,218366625195957;-0,22312130929267;0;0;0;0;0;0;0;0;0;0;0
"78";0;0;0;0;0;0;0;0;0;0;0;0;0;0;0;0;0;0;0;0;0;0;0;0;-0,154222906196124;0;0,15308289922851;0;0;0,160638406462945;0;0;0,162378064688262;0;0;0;0;0;0;0;0;0;0;0;0;0;0;0;0;0;0;0;0;0;0;0;-0,161023653762617;0;0;0;0;0;0;0;0;0;0;0;0;0,155614763959948;0;0,16783463627858;0;0;0;0;-0,16005048226562;0;0;0;0;-0,197606900685821;0;0;0;0;0;0;0,250239078844473;0;0;0;0;0;-0,196590144156751;0;0;0;0;0;0;0;0;-0,196131708877533;0;0;0;0;0,207334464056405;0;0;0;0;0;0;0;0;0;0;0;0;0,19113125935034;0;0;0;0;0,196567621429268;0;0;0;0;0;0;0;0,199413456270507;0;0;0;0;0;0;0;0;0;0;0;0;0;0;0;0;0;0;0
"79";0;0;0;0;0;0;0;0;0;0;0,162637924187658;-0,161697850232916;0;0;0;0;0;0;0;-0,181498110568827;0;0;0;0;0;0;0;0;0;0;0;0,187671631313378;0;0;0;0;0;0;0;0;0;0;-0,169744214093769;0;0;0;0;0;0;0;0;0;0;0;0;0;0;0;0;0;0;0;0;0;0;0;0;0;0;0;0;0;0;0;0;0;0;0;0;0;0;0,183673130891912;0;0;0;0;0;0;0;0,179061229388582;0;0;0;0;0;0;0;0;0;0;0;0;0;0;0;0;0;0;0;0,193077465214787;0,210473759326238;0;0;0;0;0;0;0;0;0;0;0;0;0;0;0;0;0;0;0;0;0;0;0;0;0;0;0;0;0;0;0;0;0;0;0;0;0;0;0;0;0;0;0
"80";0;-0,180821434762679;0;0,16766113775071;0;0;0;0;0;0;0;0;0;0;0;0;0;0;0;0;0;0;0;0;0;0;0;0;0;0;0;0;0;0;0;0;0;0;0;-0,161853262355795;0;0;0;0;0;-0,166858662511713;0;0;0;0;0;0;0;0;0;0;0;0;0;0;0;0;0;0;0;0;0;0;0;0;0;0;0;-0,189357039849516;0;0;0;0;0;0;0;0;0;0;0;0;0;0;0;0;0;0;0;0,186238453432951;0;0;0,189320607188685;0;0;0;0;0,190066156255601;0,185863507443442;0;0;0;0;0;0;0;0;0;0;0;0;0;0;0;0;0;0;0;0;0;0;0,18217632951731;0;0;0;0;0;0;0;0;0;0;0;0;0;0;0;0;0;0;0;0;0;0;0;0;0;0;0;0
"81";0;0;0;0;0;0,181026877068021;0;0;0;0,194970026763608;0;0;0;0;0;0,193777196364475;0;0;0,208079803669953;0;0;0;0;0;0,185667671014793;0;0;0;0;0;0;-0,218773965312815;0;0;0;-0,180491860900363;0;0;-0,208256863227173;0;0;0;-0,197875483611007;0;0;0;0,177224006111718;0;0;0;0;0;0,215157768501793;-0,211276719322315;-0,191627535087134;0;0;0;0;0;0,198785561892629;0;0;0;0;0,20116940110966;0;0,189319600732617;0;0;-0,199766449368707;0;0;0;0;0;0;0;0;0;0;0;0;0;0;0;0;0;0;0;0;0;0;0;0;0;0;0;0;0;0;0;0;0;0;0;0;0;0;0;0;0;0;0;0;0;0;0;0;0,1963476385462;0;0;0;0;0;0;0;0;0;0;0;0,187109794164777;0;0;0;0;0;0;0;0;0,189598594273778;0;0;-0,188858686080796;0;0;0;0,182322210130067;0;0,175655122042313;-0,175435631450813;0;0;0
"82";0;0;0;0;0;-0,160177126568738;0;0;0;0;0;0;0;0;0;-0,171458929253609;0,172243394443807;0;0;-0,187208928228011;0;0;0,166716807236572;0;0;0;0;0;0;0;0;0;0;0;0,167127034325555;0;0;0;0;0;0;0;0;0;0;0;0;0;0;0;0;0;0;0;0;0;0;-0,163393844127534;0;0;0,175890456837241;0;0;0;0;0;0;0;0;0;0;0;0;0;0;0;0,170491147272418;0;0;-0,164731610782115;0;0;0;0;0,217095752194466;0;0;0,193009023846616;0;0;0;0;0;0;0,195035857213505;0;0;0;0;0;0;0;0;0;-0,189616127367754;0;0;0;0;0;0;0;0;0;0;0;0;0;0;0;-0,215284882133576;0;0;0;0;0;-0,195013512555891;0;0;0;0;0;0;-0,201292963263381;0;0;0;0;0;0;0;0;0;0;0;0;0;0;0;0;0;0;0;0
"83";-0,171505814380924;0;0;0;-0,172902565365737;0;0;0;0;0;0;0;0;0;0;0;0;0;0;0;0;0;0;0;0;0;0;-0,183308075243024;0;0,177274396084093;0;0;0;0;0;0;0;0;0;0;0;0,169714674317249;0;0;0;0;0;0;0;0;0;0,182047819978235;0;0;0;0;0;0;0;0;-0,182219167447886;0;0;0;0;0;0;0;0,195512417969577;0;0;0;0;0;0;0;0;0;0;0;0;0;0;0;0;0;0;0,182032516392358;0;0;0;0;0;0;0;-0,182250620652809;0;0;0;0,18898513517736;0;0;0;0;0;0;0;0;0;0;0;0;0;0;0;0;0;0;0;0;0;0;0;0;0;0;0;0;0;0;0;0;0;0;0;0;0;0;0;0;0;-0,194713504196748;0;0;0;0,19500772254985;0;0;0;0;0;0;0;0
"84";0;0;0;0;0;0;0;0;0;0;0;0;0,163966901362441;-0,173191792208314;0;0;0;0;0;0,189388069483054;0;0;0;0;0;0;0;0;0;0,17310925748966;-0,188224762983237;0;0;0;0;0;0;0;0;0;0;0;0;0;0;0;0,158637570021355;0,169206943025116;0;0;0;0;0;0;0;0;0;0;0;0;0,177937849312003;0;0;0;0;0;0;0;0;-0,167695614247452;0;0;0,174595799004249;0;0;0;0;0;0;0;0;-0,168178554316267;0;0;0;0;0;0;0;0;0;0;0;0;0;0;0;0;0;0;0;0;0;0;0;0;0;0;0;0;0;0;0,184164769679782;0;0;0;0;0;0;0;0;0;0;0;0;0;0;0;0;0,181678515143966;0;0;0;0;0;0;0;0;0;0,186328180532904;0;0;0;0;0;0;0;0;0;0;0;0;0;0,18840721281011
"85";0;0;0;0,163713611891939;0;0;0;0;0;0;0;0;0;0;0;0;0;0;-0,178144385771483;0;0;0;0;0;0;0;-0,157781578416649;0;0;0;0;0;0;0;0;0;0;0;0;0;0;0;0;0;0,187593304611781;0;0;0;0;0;0;0;0;0;0;0;0;0;0;0;-0,170187260844264;0;0;0;0;0;0;0;0;0;0;0;0;0;0;0;0;0;0;0;0;0;0;0;0,562805202556774;0;0;-0,213734244906287;0;0;0,215731025536858;0;0;0;0;0,213990332941229;0;0;0;0;0;0;0;0;0;0;0;0;0;0;0;0;0;0,208932830942044;0;0;0;0;0;0;0;0;0;0;0,202744004206698;0;0;0;-0,219081638759819;0;0;0;0;-0,222907709964059;-0,219080478143697;0;0;0;0;0;0;0;0;0;0;-0,228969137800904;0;0;0;0;0;0;0;0
"86";0;0;0;0;0;0;0;0;0;0;0;0;0;0;0;0;0;0;0;0;0;0;0;0;-0,163115031797823;0;0;-0,175683134878699;0;0,169900434536186;0;0;0;0;0;0;0;0;0;0;0;0;0;0;-0,192500924080713;0;0;0;0;0;0;0;0;0;0;0;0;0;0;0;0;0;0;0;0;0;0;0;0;0,164587140766613;0;0;0;0;0;-0,172166415341916;0;0;0;0;0;0;0;0;0;0;0;0;0;0;0;0;0;0;0;0;0;0;0;0;0;0;0;0;0,178651329467894;0;0;0;0;0;0;0;0;0,177762918457113;0;0;0;0;0;0;0;0;0;0;0;0;0;0;0;0;0;0;0;0;0;0;0;0;-0,174156477973168;0;0;0;0,198751530499576;0;0;0;0;0;0;0;0;0;0;0,185787429505091
"87";0;0;0;0;0;0;0;0;0;0;0;0;0;0;0;0;0,177426596274582;0;0;0;0;0;0;-0,175617340093391;0;0;0;0;0;0;0;0;0;0;0;0;-0,175397647936771;0;0,189816039424533;0;0;0;0;0;0;0;0;0;0;0,190750546067126;0;0;0;0;0;0;0;0;0;0;0;0;0;0;0;0;0;0;0;0;0;0;0;0;0;0;0;0;0;0;0,193536668580059;0;0;0;0;0;0;0,205874475436954;0;0;0;0;0;0;-0,208036411951062;0;-0,212339953098835;0;0;0;0;0;0;0;0;0;0;0;0,219406309309681;0;-0,239624957815045;0;-0,205598180403936;0;0;0;0;0;0;0;0;0;0;-0,218712634405532;0;0;0;0;0,211025226572007;0;0;-0,208497540558933;0;0;0;0;0;0;0;0;0;0;0;-0,210446341073738;0;0;0;0;0;-0,195733532260471;0;0;0;0
"88";0;-0,175851708200519;0;0;0,160834319771822;0;0;0;0;0;0;0;0;0;0;0,165230104694272;0;0;0;0;0;0;0;0;0;0;0;0;0;0;0;0;0;0;0;0;0,164087950449667;0;0;0;0;0;0;0;0;0;0;0;0;0;0;0;0;0;0;0;0;0;0;0;0;0;0;0;0;0;0;0;0;0;0;0,172288190063239;0;0;0;0;0;0;0;0;0;0;0;0;0;0;0;-0,673907855059952;0;0;0;0;0;0;0,192015924999944;0;0,195988058659215;0;0;0;0;0;0;0;-0,186680114167772;0;0;0;0;0;0;0;0;0;-0,215161272185932;0;0;0,192652503226159;0;0;0,21195141432957;0;0;0;0;0;0;0;0;0;0;0;0;0;0;0;0;0;0;0;0;0;0;0;0;0;0;0;0;0;0;0;0;0
"89";0;0;0,179627131918395;0;0;0;0;0;0;0,180281598655202;0;0;0;0;0;0;0;0;0,192403726235123;-0,195637753416752;0;0;0,174223002787837;0;0;0;0;0;0;0;0;0;0;0;0;0;0;0,163549292525176;0;0;0;0;0;0,175069219987719;0;0;0;0;0,219197206912136;0;-0,184921290590064;0;-0,198948459475871;0;0;0,175765113962597;0;0;0;0;0;0;0;0;0;0;0;0;0;0;0;0;0;0;0;0;0;0;0;0;0;0;0;0;0;0;0;0;0;0;0;0,281103847853505;0;0;0;0;0;0,235377911500189;0;-0,253751906099203;0;0;0;0;0;0;0;0;0;-0,260971940354599;0;0,230916786398022;0;0;0,276754278895424;0;0;0;0;0;0;0;0;0;0,23184863785445;0;0;0;-0,250531598821538;0;0;0;0;0;0;0;0;-0,237035700582559;0;0,24695589095191;0;0,261443434621512;0;0;0;0;0;0;0;0;0;0;0;0
"90";-0,180487329074288;-0,198946897912596;0;0;0,181957225914466;0;0;0,19060732357151;0;0;0;0;0;0;0;0;0;0;0;0;0;0;0;0;0;0;0,177783387098709;0,192907657491301;0;0;-0,202847822456149;0;0;0;0;0;0;0,170624821855033;0;0;0;0;0;0;0;-0,183584503353369;0;0;0;0;0;0;0;0;0;0;0;0;0;0;0;0;0,179547408646183;0;0;0;0;0;0;0;0;-0,194915371086261;0;-0,208338108396362;0;0;0;0;0;0;0;0;0;0;0;0;0;0;0;0;0;0;0;0;0;0;0;0;0;0;0;0;0;0;0;0;0;0;0;0;0;0;0;0;0;0;0;0;0;0;0;0;0,186805340949907;-0,199896372577991;0;0,186748369056527;0;0;0;0;0;-0,190560102585957;0;0;0;0;-0,192148281581768;0;0;0;0;0;0;0;0;0;0;0;0;0;0;0;0,179152283813294;0
"91";0;0;0;0;0;0;0;0;0;0;0;0;0;0;0;0;0,169790962489662;0;0;0;0;0;0;0;0;0;0;0;0;0;0;0;0;0;0;0;0,167849330860852;0;0;0,161013044463661;0;0;-0,172592302682577;0;0,19111930479803;0;0;0;0;0;0;0;0;0;0;0;0;0;0;0;0;0;0;0;0;0;0;0;0;0;0,174241653721218;0;0;0;0;0;0;0;0;0;0;0;0;0;0;0;0;0;0;0;0;0;0;0;0;0;0;0;0;0;0;0;0;0;0;0;0;0;0,204402170366572;0;0;0;0;0;0;0;0;0;0;-0,203829241596151;0;-0,188428124643461;0;0;0;0;0;0;0;0;0;0;0;0;0;0;0;0;-0,183683410900552;0,193788341734883;0;0;0,209623893803662;0;0;0;0,193415654438621;0;0;0;0;0;0;0
"92";0;0;0;0;0;0;0,184975234680154;0;0;0;0,162979729046298;0;0;0;0;0;0;0;0;0;0;0;0;-0,165633649001281;0;0;0,158426871102247;0;0;0;0;0;0;0;0;0;0;0;0;0,158688840717135;0;0;0;0,162757498718212;0;0;0;0;0;0;0;-0,170722602178075;0;0;0;0;0;0;0;-0,1655432186915;0,170883290100067;-0,162053416640034;0;0;0;0;0;-0,162746006025804;0;0;0;0;0;0;0;0;0;0;0;0;0;0;0;0;0;0;0;0;0;0;0;0;0;0;0;0;0;0;0;0;0;0;0,221290108126579;0;0;0;0;0;0;0;0;0;0;0,213633387631328;0;0;0;0;0,202196302599766;0;0;0,214705603523497;0;0,232170969969518;0;0;0;0;0;0;-0,221487076078206;0;0;0;0;0;0;0;0;0;0,224271233921023;0;-0,238857255079211;0;0;0;0,220388675500079;0;0;0;0;-0,201889488017356;0;0
"93";0;0;0;0;0;0;0;0;0;0;0;0;0;0;0;0;0;0;0,179361447734402;0;0;-0,175745499817686;0;0;0;0;0;0;0;0;0;0;0;0;0;0;0;0,152462940595055;0,17951407022807;0;0;0;0;0;0;-0,164043149904169;0;0;0;0;0;0;0;0;0;0;0;0;0;0;-0,171349960644484;0;0;0;0;0;0;0;0;0;0;0;0;0;0;0;0;0;0;0;0,183032768044875;0;0;0;0;0;0;0;0;0,176565536374728;0;0;0;0;0;0;0;0;0;0;0;0;0;0;0;0;0;0;0;-0,19561146110017;0;0;0;0;0;0;0;0;0;0;0;0;0;0;0;0;0;-0,176710268824527;0;0;0;0;0;0;0;0;0;0;0;0;0;0;0;0;0;0;0;0;0;0;0;0;0;0
"94";0;-0,196164845867853;0;0;0;-0,172188506578946;0;0;0;0;0;0;0;0;0;0;0;0;0;0;0;0;0;0;0;0;0;0;0;0,183949196095496;0;0;0,185941302087296;0;0;0;0;0;0;0;0;0;0,188214504737677;0;0;0;0;0;-0,225482357373763;0;-0,190223630666792;0;0;0;0;0;0;0;0;0;0;0;0;0;0;0;0;0;0;0;0;0;0;0;0;0;0;0;0;0;0;0;0;-0,180789946271743;0;0;0;0;0;0;0;-0,173622312258923;0;0;0;0;0;0;0;0;0;0;0;0;0;0;0;0;0;0;0;0;0;0;0;0,193730498103537;0;0;0;0;-0,215048787502902;0;0;0;0;0;0;0;0;0;0;0;0;0;0,197619887527823;0;0,196881104277187;-0,186975283230323;0,184642689710205;0;0,197850932607701;0;0;0;-0,187267041808106;0;0;0;0;0;0;0;0;0
"95";0;0;0;0;0;0;0;-0,177783712247217;0;0;0;0;0;0;0;0;0;0;0,18722308921651;0;0;0;0;0;0;0;0;0;0;0;0;0;0;0;0;0;0;0;0;0;0;0;0;0;0;0;0;0;-0,213295132213658;0;0;0;0;0;0;-0,171032485994351;0;0;0;-0,173271092269017;0;0;0;0;0;0;0,167404809188838;0,1703433003744;0;0;0;0;0;0;0;0;0;0;0;0;0;0;0;0;0,163569137841197;-0,167848262232375;0;0,162909219821521;0;0;0;0;0,164686623385924;0;-0,176769925281405;0;0;0;0;0;0;0;0;0;0;0,179390227704436;0;0;0;0;0;0;-0,191758228914865;0;0;0;0;-0,194675592685768;0;0;0;0;0;0;0;0;0;0;0;0;0;0;0;0;-0,196818907885522;0;0,196083119021489;0;0;0;0;0;0;0;0;0;0;0;0;0;0;0;0;0
"96";0;0;0;0;0;0;0;0;0;0;0;0;0;0;0,199906340671679;0,178614523845797;0;0;0;0;-0,180070145826781;0;0;0;0;0;0;0;0;0;0;0;0;0;0;0;0;0;0;0;0;0;0;0;0;0;0;0;0;0;0;0,183058696002636;0;0;0;0;0;0;0;0;0;0;0;0;0;-0,185428303565514;0;0;0;0;0;0;0;0;0;0;0;0;0;0,171606450304362;0;0;0;0;0;0,171949720354502;0;0;0,180978643089497;0,188808207360223;0;0;0;0;0;0;0;0;0;0;0;0;0;0;0;0;0;0;0;0;0;0;0;0;0;0;0;0,192883331940573;0;0;0;0;0;0;0;0;0;0,183506354468947;0;0;0;0;0;0;0;-0,179945469442311;0;0;0;0;0;0;0;0;-0,18479095676019;-0,203808963514769;0;0;-0,190617045041833;0;0;0;0;-0,194369525570616
"97";0;0;0;0;0;0;0,193143315616165;0;0;0;0;0;0;0;0;0;0;0,169666560821827;0;0;0;0;0;0;0;0;0;0;0;0,173587180492368;0;0;0;0;0;0;0;0;0;0;0;0,166184697021542;0;0;0;0,170820419270013;0;0;0;0;0;0;0;0;-0,172004087738795;0;0;0;0;0;0;0;0;0;0;0;0;0;0;-0,168158591171184;0;0;0;0;0;0;0;0;0;0;0;0;0;0;0;0;0;0;0;0;0;0;0;0;0;0;0;0;0;-0,203473700704251;0;0;0;0;0;0;0;0;0;0;0;0;0;-0,191585302319987;0;0;0;0;0;0;0;0;-0,194574244531457;-0,208209709000617;0;0;0;0;0;0;0;0;0;0;0;0;0;0;0;0;0;0,209641235744931;0;-0,200340376102659;0;0;0;0;0;0;0;0;0;0,200233778551367
"98";0;0;0;0;0;0;0;0,175285607416036;0;0;0;0;0;0;0;0;0;-0,167686911891989;0;0;0;0;0;-0,170929717715864;0;0;0;0;0;0;0;0;0;0;0;0;0;0;0;0;0;0;0;0;0;0;0;0;0;0;0;0;0;0;0;0,168629245145397;0;-0,163818149705128;0;0;0;0;0;0;0;-0,178461972195737;0;0;0;0;0;0;0;0;0;0;0;0;0;0;0;0;0;0;0;0;-0,171690800770254;0;0;0;0;0;0;0;0;0;-0,169080800925773;0;0;0;-0,167671190517403;0;0;0;0;0;0,179139296278764;0;0;0;0;0;0;0;0;0;0;0;0;0;0;0,179780379851241;0;0;0;0;0;0;0;0;0;0;0;0;0;0;0;0;0;0;0;0,195741343233898;0;0;0;0;0;0;-0,183348243744097;0;0;0;0;0
"99";0;0,195304364429018;0;0;0;-0,171433197883158;0;0;0;0;0;0;0;0;0;0;0;0;0;0;0,185003302588202;0;0;0;0;0;0;0,189375696907732;0,178921037690123;0;0;0;0;0;0;0;0;0;0,197220106883546;0;0,18279146665724;0;0;0;0;0;0;0;0;0;0;0;0;0;0;0;0;0;0;0;0;0;0;0;0;0;0;0;0;0;0;0;0;0;0;0;0;0;0;0;0;0;0;0;0;0;0;0;0;0;0;0;0;0;0,18093018238179;0;0;0,178387865332601;0,667411073110998;0;0;0;0;0;0;0;0;0;0,190995678487552;0;0;0;0;0;0;0;0;0,181698436897735;0;0;0;0;0;0;0;0;0;0;0;0;0;-0,181499471675778;0;0;0;0;0;0;0;0;0;0;0,195874915380942;0;0;0;0;0;0;0;0;0;0;0
"100";0;0;0;0;0;0;0;0;0;0;0;0;0;0;0;0;0;0;0;0;0;0;0;0;0;0;0;0;0;0;0;0;0;0;0;0;0;0;0;0;0;0,179134957261355;0;0;0;0;0;0;0;0;0;0;0,208174342222596;0;0;0;-0,187563035885327;0;0;0;0;0;0;0;0;-0,194639998559791;0;0;0,206364645708688;0;0;-0,195496581847084;0;0;0,181817927706022;0;0;0;0;0;0;0;0;0;0;0;0;0;0,189969288145092;-0,198187808991557;0;0;0;0;0;0;0;0;-0,194559173723236;0;0;0;0;0;0;0;0;0;0;0;0;0;0;0;0;-0,198233016037751;0;0;0;0,209655695364639;0;0;0,195855068150552;0;0;0;0;0;0;0;0,199935960181072;0;0;0;0;0;0;0;0;0;0,202449214143586;0;-0,215615987560443;0;0;0;0;0;0;0;0;0;0;0
"101";0;0;0;0;0;0,160353008924113;0;0;0;0;0;0;0;0;0;0;0;0;0;0;0;0;0;0;0;0;0;0;0;0;0,18626330892335;0;0;0;0;0;0;0;0;0;0;0;0;0;0;0;0;0;0;0;0;0;0;0;0;0;0;0;0;0;0;0;0;0;0;0;0;0;0;0;0;0;0;0;0;-0,173590037113129;0;0;0,161349164604085;0;0;0;0;0;0;0;0;0;0;0;0;0;0;0;0;0;0,168828042700859;0;0;0;0;0,180284960076905;0;0;0;0;0;0;0;0;0;0;0;0;0;0;0;0;0;0;0;0,171052809851645;0;0;0;0;0;0;0;0;0;0,176328216194079;0;0;0;0;0;0;0;0;0;0;0;0;0;0;0;0;0;0;0;0;0;0
"102";0;0;0;0;-0,170897166770443;0;0;0;0;0;0;0;0;0;0;0;0;0;0;0;0;0;0;0;0;0;0;0;0;0;0;0;0;0;0;0;0;0;0;0;0;0;0;0;0,198526172380709;0;0;0;-0,214780135889829;0;0;0,179936350771931;0,19493942355948;0;0;0;0;0;0,183262274340478;0;0;0;0;0;0;0;0;0;0;0;0;0;0;0,195674517878111;0,170258647830347;0;0;0;0;0;0;-0,170227515938629;0;0;0,164707939127853;0,16901685564502;0;0;0;0;0;0;0;0;0;0;0;0;0;0;0;0,992743418551981;0;0;0;0;0;0;0;0,210087246312829;0;0;0;0;0;-0,197712182663065;0;0;0;0;0;0;0,195340482547542;0;0;0;0;0;0;0;0;0;0;0;0;0;0;0;0;0;0;0,210466807931804;0;0;0;0;0;0;0;-0,187067887685265;0;0;0;0
"103";0;0;-0,188979595826041;0;0;-0,17610414931416;0;0;0;0;0;0;0;0;-0,210978886909801;0;0;0;0;0;0;0;0;0,1874391644991;-0,180618744513365;0;0;0;0;0;0;0;0;0;0;0;0;0;0;0;0;0;0;0;0;0;0;0,183891311195132;0;0;0;0;0;0;0;0;0;0;0;0;0;0;-0,181062528337944;0;0;0,195698930591085;0;0;0;-0,182248824039446;0;0;0;0;0;0;0;0;0;0;0;0;0,189350050872357;0;0;0;0;0;0;0;0;0;0;0;0;0;0;0;0;0;0;0;0,295741618145257;0;0;0;0;0;0;0;0,223952231772361;0;0;0;0;0;0;0;0;0;0;0;0;0;0;0;0,194407466873332;0;-0,197223072596414;0;0;0,194860710474332;0;0;0;0;-0,196484731889542;0;0;0;0;0;0;0;0;0;0;0;0;-0,182931535104345;0;0;0;0
"104";0;0;0;0;0;0;0;0;0;0;0;0;0;0;0;0;0;0;0;0,189841555088655;-0,17528702863391;0;0;0;0;0;0;0;0;-0,17352376383466;0,188675463076773;0;0;0;-0,169477259412947;0;0;0;0;0;0;0;0;0;0;0;0;0;0;0;0;0;0;0,189571833086688;0;0;0;0;0;0;0;0;0;0,156312847764015;0;0;0;0;0;0;0,179244036529514;0;0;0;0;0;0;0;0;0;0;0;0;0;0;0;0;0;0;0;0;0;0;0;0;0;0;0;0;0;0;0;0,185343931416185;0;0;0;0;0;0;0,204543882063463;0;0;0;0;-0,216913720708926;0;0;0;0;0;0;0;0;0;0;0;0;0;0;0;-0,194149000990234;0;0;0;0;0;0;0,185783200749132;0;0;0;-0,204913428565642;0;0;0;0;0;0;0;0;0;0;0,182394661012546;0
"105";0;0;0;0;0;0;-0,196770875827202;0;0;0;0;0;0;0,176931760203911;0;0;0;0;0;0;0;0;0,172299468002938;0;0;0;0;0;0;0;0;0;0;0;0;0;0;0;0;0;0;0,169305928489871;0;0;0;0;0;0;0;-0,191378962677028;0;0;0;-0,193202897650555;0;0;0;0;0;0;0;0;0;0;0;0;0;0;0;0;0;0;0;-0,197493868745795;0;0;0;0;0,166569183928108;0;0;0;0;0;0;0,170588347765228;0;0;0;0;0;0;0;0;0;0;0,174290021060015;0;-0,183883827350211;-0,187871904171895;0;0;0;0;0;0;0;0;0;0;0;0;0;0;-0,211378962383841;0;0;0;0;0;0;0;0;0;0;0;0;0;0;0;0;0;0;0;0;0;-0,190634287470246;0;0;0;0;-0,199684869021466;0;0,190825729583297;0;0;0,188256848008712;0;0;0;0;0;0;0
"106";0;0;0;0;0;0;0;0;0;0;0;0;0;0;-0,205369845692617;0;0;0;0;0;0;-0,193067534837781;0;0;0;0;0;0;0;0;0;0;-0,185113877288577;-0,192687927330555;0;0;0;0;0;0;0;0;0;0;0,207491032952839;0;0;0;0;0;0;0;0,203742317058433;0;0;0;0;0;0;0;0;0;0;0;0;0;0;0;-0,20197114892609;0;0;0;0;0;0;0;0;0;0;0;0;0;0;0;0;0;0;0;0,185924848006658;0,193968396804143;0;0;0;0;0;0;0;0;0;0;0;0;0;0;0;0;0;0;0;0;0;0;0;0;0;0;0;0;0;0;0;0;0;0;0;0;0;0,171235023126747;0;0,174894322155278;0,179917650938739;0;-0,174008046254593;-0,185145393421627;0;0;0,181286260091615;0;0;0;0;0;0;0;0;0,190179967783053;0;0;0;0;0;0;0;0
"107";0;0;0;0;0;0;-0,205417491605794;0;0,176329182555202;-0,186125743400985;0;0;0;0;0;0;0;0;0;0;0;0;0;-0,183938399981975;0;0;0;0;-0,180363284440944;0;0;0;0;0;0;0;0;0;0,198809858776456;0;0;0;0,188899402124935;0;0;0;-0,169184722562706;0;0;0;0;0;0;0;0;0;0;0;0;0;0;0;0;0;0;0;0;0;0;0;0,190704589379818;0;0;0;0;0;0;0;0;0;0;0;0;0;0;0,178084436265267;0;0;0;0;0;0;0;0;0;0;0;0;0;0,196127476365381;-0,179556993384366;0;0;0;0;0;0,295879884622991;0;0;0;0;0;0;0;0;0,186918684246677;0;0;0,17210459242466;0;0;0,182752206200554;0;0;0;0;0;0;0;0;0,188524431286082;0;0;0;0;0;0;0;0;0;0;0;0;-0,190149274521959;0,180682491400147;0;0;0;0;0,176855482347912;0;0;0;0
"108";0;0;0,174983748189119;0;0;0;0,193824269648595;0;0;0;0,170776520459871;0;0;0;0;0;0;0;0;0;0;0;0;0;0;0;0;0,180128198496527;0;0;0,189409862227046;0;0,176085703379758;0;0;0;0;0;0;-0,166280360214518;0;0;0;0;0;0;0;0;0;0;-0,180141052199838;0;0;0;-0,172610512438332;0;0;0;0;0,173462644951574;-0,179058180172419;0;0;0;0;0;0;0;0;0;0;0;0;0;0;0;0;0;0;-0,167698367346963;0;0;0;0;0;0;0;0;0;0;0;0;0;0;0;0;0;0;0;0;0;0;0;0;0,174904505140267;0,181118667532239;0;0;0;0;0;0;0;0;0;0;0;0;0;-0,188625093039396;0;0;0;0;0;0;0;0;0;0;0;0;0;0;0;0,167877444170715;0;0;0;0;0;0;0;0;0;0;0;0;0;0;0;0;0;0
"109";0;0;0;0;0;0;0;0;0;0;0;0;0;0;0;0;0;0;0,195654887972855;0,198943562461153;0;0;0;0;0;0,182263851859095;-0,173290541352729;0;0;0;0;0,205710477036735;0;0;0;0;0;0;0;0;0;0;0;0;0;0;0;0;0;0,196785447150266;0;0;0;0;0;0;0;0;0;0;0;0;-0,175009983500323;0;0;0;0;0;0;0;0;0;0;0;0;0;0;0;0;0;0;0;0;0;0;0;0;0;0;0;0;0;0;-0,189911624669046;-0,179646982426875;0;0;0;-0,189078573123425;0;0;0;0;0;0;0;0,190602697738717;0;-0,703617282910272;0;0;0;0,202238468215211;0;0,229303513883866;0;0;0;0;0;0;0;0;0;0;0;0;0;0;0;0;0;0;0;0,207575730500883;0;0;0;0;0,20461419348458;0;0;0;0;0;0;0;0;0;0;0;0;0;0
"110";0;0;0;0;0;0;0;0,179979736688569;0;0;0;0;0;-0,176240179428032;0,197548431845462;0;0;0;0,189535710967446;0;0;0;0;0;0;0;0,16787081733312;0;0;0;0;0;0;0;0;0;0;0;0;0;0;0;0;0;0;0;0;0;0;0;0;0;0;0;0;0;0;0;0;0;0;-0,171713544007506;0;0;0;0;0;0;0;0;0;0,184047582786078;0;0;0;0;0;0;0;0;0,193415286617757;0;0;0;0;0;0;0;0;0;0;0;0;0;-0,174028458426032;0;0;0;0;0;0;0;0;0;0;0;0;0;0;0;0;0;0;0;0;0;0;0;0;0;-0,226307784593033;0;0;0;0;0,201366325103144;0;0;0;0;0;0;0;0;0;0;0;0;0;0,2049992744249;0,208209526582474;0;0;0;0;0;0;0;0;0;0;0;0,193175647035497;-0,207286637008026
"111";0;0;0;0;0;0;0;0;0;0;0,182816026890967;0;0;0;0;0;0;0;0;0;0;0;0;0;0;0;0;0;0;0;0;0;0;0;0;0;0;0;0;0;0;0;0;0;0;0;0;0,182276262186348;0;0;0;0;0;0,203726291097385;0;0;0;-0,17806299974735;0;0;0,191681532058973;0;0;0;0;0,193980179651646;0;0;0;0;-0,192627365410259;0;0;0,208250983206405;0;0;0;0;0;-0,17952086827813;0;0;0;0;-0,175294108999122;0;0;0;0;0;0;0;0;-0,194753921193367;0;0;0;0;0;0;0;0;-0,19918271142929;0;0;0,193887280902941;0;0;0;0,186503175127689;0;0;0;0;0;0;0;0;0;0;0;0;0;0;0;0;0;0;0,226705372917678;0;0;0;0;0;0;0;0;0;0;0,22346972444123;0;-0,236579463914128;0;0;0;-0,236936943075822;0;0,218258632572458;0,221600753821042;0;0;0;0;0
"112";0;0;-0,168351237184918;0;0;0;0;0;0;0;0;0;0;0,167676319614412;0;0;0;0,163811100393288;0;0,18335680960909;-0,169299447221456;0;0;0;0;0;0;0,173300694393666;0;0;0;0;0;0;0;0;0;0;0;0;0;0;0;0;0;0;0;0;0;0;0;0;0;0;0;0;0;0;0,175290488671221;0;0;0;0;0;0;0;0;0;0;0;0;0;0;0;0;0;0;0;0;0;0;0;0;0;0;0;0;0;0;0;0;0;0;0;0;0;0;0;0;0;0;0;0,179012819026936;0;0;0;0;0;0;0;0,177440616000866;0;0;0;0;0;0;0;0;0;0;0;0;0;0;0;0;0,173163330043666;0;-0,176863837065159;0;0;0;0;0;0;0;0;0;0;0;0;0;0;0;0;0;-0,177160440192077;0;0;0;0;0;0
"113";0;0,190761246689591;0;0,176877523954487;0;0;0;0;0,170850270498488;0,18034243195584;0;0;0;0;0;0,179239093464989;0;0;0;0;0;-0,188588459306675;0;0;0;0;0;0;0;0;0;0;0;0;-0,174710633365127;0,166950488151045;0;0;0,192632425656996;0;0;-0,171253811203334;0;0;0;0;0;0;0,219271171696599;0;0;-0,183698805762977;0;0;0;0;0;0;0;0;0;0;0;0,161139711195209;0;0;0;-0,175115928226368;0;0;0;0;0;0;0;0;0;0;0;0;0;0;0;0;0;0,172550984848843;0;0;0;0;0;0;0;0;0;0;0;0;0;0;0;0;0;0;0;0;0;0;0;0;0;0;0;0;0;0;0;0;0;0;-0,211666963705489;0;0;-0,201599071150943;0;0;0;0;0;0;0;0;0;0,197910182670442;0;0;0;0;0;0;0;0;0;0;0;0;0,191368250211626;0;0;0;0;0;0;0
"114";0;0;0;0;0;0;0;0;0;0;0;0;0;0;0;0;0;0;0;0;0;0;0;0;0;0;0;0;0;0;0;0;-0,176536646756952;0,183759754048339;0;0;0;0;0;0;0;0;0;0,170980409431723;0,197876959448738;0;0;0;0;0;0;0;0;0;0,173052556090509;0;0,175064137747787;0;-0,182662976842231;0;0;0;0;0;0;0;0;0;0;0;0;0;0;0;0;0;0;0;0;0;0;0;0;0;0;0;0;0;0;0;0;0;0;0;0;0,176751815630473;0;0;0;0;0;0;0;0,172056841656127;0;0;0;0;0;0;0;0;0;0;0;0;0;0;0;-0,197406100348684;0;0;0;0;0;0;-0,187680895818526;0;0;-0,182998173803942;0;0;0;0;0;0;-0,189686286688357;0;0;-0,18768161297836;0;0;0;0;0;0;0;0;0;0;0;0;0;0
"115";0;0;0;0;0;0;0;0;0;0;0,18543746628605;0;0;0;0;0;0;0;0;0;0;0;0;0;0;0;0;0;0;0;0;0;0;0;0;0;0,188221327954801;0;0;0,180555316435069;0;0;0;0;0;0;0;0;0,231862289166777;0;0;0;0;0;0;-0,185920716112788;0;0;0;0;0;0;0;0;0;0;0;0;0;0;0;0;0;-0,211237140058876;0;0;0,18846167500399;0;0;0;0;0;0;0;0;0;0;0;0;0;-0,181149759911086;0;0,17902245164769;0;0;-0,191435479804486;0;0;0;0;0;0;0;0;-0,189919833170789;0;0,1982653966047;0;0;0;-0,200264404355365;0;0;0;0;0;0,216032744430295;0;0;0;0;0;0,21360914677358;0;0;0;0;0;0;0;0,218059967847273;0;0;0;0;0;0;0;0;0;0;0;0;0;0;-0,230497883023655;0;0;0;0;0;0;0;0
"116";0;0;0;0;0;0;0;0;0;0;0;0;0;0;0;0,193860566165724;0;0;0;0;0;0;0;0;0;0;0;0;0;0;0,210368189003808;0;0;0;0;0,180569514880566;0;0;0;0;0;0;0;0;0;0;0;0;0;0;0;0;0;0;0;0;0;0;0;0,192656401568633;0,198871086469809;0;0;0;0;0,201255951298756;0,186133807557074;-0,189401052718618;0;0;0;0;0;0;0;0;0;0;0;0;0;0;0;0;0;0;0;-0,181135258410209;0;0;0,185287413464203;0;0;0;0;0;0,190676573938953;0;0;0;0;0;0;0;0;0;0;0;0;0;0;0;0,196492761243878;0;-0,207775883506227;0;0;0;0;0;0;0;0;0;0;0;0;0;0;0;0;0;0;0;0;0;0;0;0;0;0;0;0;0;0;0;-0,192552889858544;0;0;0;0;0;0;0
"117";0;0;0;0;0;0;0;0;0;-0,167297679935274;0;0;0;0,166022088939806;0;0;0;0;0;-0,181547881195402;0;0;0;0;0;0;0;0;0;0;0;0;0;0;0;0;0;0;0;0;0;0;0;0,162460697877654;0;0;0;0;0;0;0;0;0;0;0;0;0,166340939797624;0;0;0;0;0;0;0;0;0;0;0;0;0;0;0;0;0;0;0;0;0;0;0;0;0;0;0;0;0;0;0;0;0;0;0;0;0;0;0;0;0;0;0;0;-0,165079973120591;0,177246746769012;0;0;0;0;0;0;0;0;0;0;0;0;0;-0,645929956575856;0;0;0,202760554925798;0;0;0;0;0;0;0;0;0;0;0;0;0;0;0;0;0;0;0;0;0;0;-0,208524825488727;0,195027005549084;0;0;0;0;0;0;0;0;0;0
"118";0;0;0;0;0;0;0;0;0;0;0;0,172322186486465;0;0;0;0;0;0;0;0;0;0;0;0;0;0;0;0,182815206761535;0;0;0;0;0;0;0;0;0;0,161698153882173;0;0;0;0;0;0,173087692624831;0;0;0;0;0,216716215316952;0;0;0;0;0;0;0;0,177221751689746;0;-0,184914244238198;0,176050221824853;0;0;0;0;0;0;0;0;0;0,171268757187839;0;-0,184717881755124;0;0;0;0;0;0;0,166522379449926;0;0;0;0;0;0;0;0;0;0;0;0;0;0;0;0;0;0;0;-0,183832157609252;0;0;0;0;0;0;0;0;0;0;0;0;0;0;0;0;0;0;0,785627945326269;0,178242521160315;0;0;0;0;0;0,182746288231168;0;0;0;0;0,189796602962406;0,195247956253438;0;0;-0,200921140792462;0;0;0;0;0;0;0;0;0;0;0;0;0;0;0;0;0;0;0;0
"119";0;0;0;0;0;-0,161980400272387;0;-0,176799853692755;0;0;0;0;0;0;0;0;0;0;0;0;0;0;0;-0,172406334606704;0;0;0;0;0;0;0;0;0;0;0;0;0;0;0;0;0;0;0;0;0;0;0;0;0;0;0;0;0;0;0;0;0;0;0;0,172312206642122;0;0;0;-0,155880546157242;0;0;0;0;0;0;0;0;0;0;0;0;0;0;0;0;0;0;0;0;0;0;0;0;0;0;0;0;0;0,180721650721285;0;0;0;0;0;0;0;0;0;0;0;0;0;0;0;0;0;-0,164655791432508;0;0;0;0;0;-0,173695683450869;0;0;0;0;0;0;0;0;0;0;0;0;0;0;0;0;0;0;0;0;0;0;0;0;0;0;0;0;0;0;0;0;0;0;0;0
"120";0;0;0,177742056971829;0;0;0;0;0;0,169000276660619;0;0;-0,172465833230242;0;0;0;0,17729826412098;0;0;0;0;0;0;0;0;0;0;0;0;0;0;0;0;-0,178861382533785;0;0;0;-0,176072688640643;0;0;0;0;0;0;0;0;0;0;0;0;0;0;0;0;0,193309616857937;0;0;0;0;0;-0,176196976236585;0;0;0;0;-0,167594188136143;0;0;0;0;0;0,182778187357326;0;0;0;-0,17193660588435;0;0;0;0;0;0;0;0;0;0;0;0;0;0;0;0;0;0;0;0;0;0;0;0;0;0;0;0;0;0;0;-0,185468468551959;0;0;0;0;0;0;0;0;0;0;0;0;0,894320206018165;0;0;0;0;0;0;0;0;0;0;0;0;0;0,210609991561675;0;0,191006640318409;0;0;0;0;0;0;0;0;-0,196149977664784;0;0;0;0;0;-0,191755445483354;0;0;0
"121";0;0;0;0;0;0;0;0;0;0;0;0;0;0;0,200885825349247;0;0;0,17508632542036;0;0;0;0;0;0,178472224470846;0;0;0;-0,185229094373553;0,175003352155926;0;0;0,202643400644357;0;0;0;0;0;0;0;0;0;0;0;0;0;0;0;0;0;0;0;0;0;0;0;0;0;0;0;-0,178374784737774;0;0;0;0;0;0;0;0;0;0;0;0,187156892242192;0;0;0;0;0;0;0;0;0;0;0;0;-0,168387059665255;0;0;0;0;0;0;0;0;0,187080104033583;0;0;0;0,174481854231211;0;0;0,174221021992934;0;0;0;0;0;0;0;0;0;0;0;-0,181926755114449;0;0;0;0;0;0;0;0;0;0;0;0;0;0,214152628596506;0;-0,217254203738586;0;0;0;0;0;0,217253052803561;0;0;-0,20555092702843;0;0;0;0;0;0;0;0;0;0;0;0;0;-0,195800355471672;0;0
"122";0;0;0;0;0;0;0;0;0;0;0;0;0;0;0;0;0;0;0;0;0;0;0;0,169860406083814;0;0;0;0;0;0;0;-0,19286525074538;0;0;0;0;0;0;0;0;0;-0,163218176837701;0;0;0;0;0;0;0;0;0;0;0;0;0;0;0;0;0;0;0;0;0;0;0;0;0;0;0;0;0;0;0;-0,190392560265493;0,165662755780766;0;-0,169864545628349;0;0;0;0;0;0;0;0,160261880630462;0;0;0;0;0;0;0;0;0;0;0;0;0;0;0;0;0;0,182101932032939;0;0;0;0;0;0;0;0;0;0;0;0,183090865109967;0;0;0;0;0;0;-0,417340614367276;0;0;0,177084739667393;0;0;0;0;0;0;0,189062614680803;0;0;0;0;0;0;0;0;0;0;0;0;0;0;0;0;0;0;0;0;0;0
"123";0;0;0;0;0;0;0;0;0;-0,175012264332427;0;0;0;0;0;0;0;0;0;0;-0,175359075299747;0;0;0;0;0;0;0;0;0;0;0;0;0;-0,169546918141098;0;0;0;0;0;0;0;0,177620309221296;0;0;0;0;0;0;0;0;0;0;0;0;0;0;0;0;0;0;0;0;0;0;0,180577050672957;0;-0,169940234182247;0;0;0;0;0;0;0;0;0;0;0;0,167116810522233;0;0;0;0;0;0;-0,173725629327722;0;0,176243804076807;0;0;0;0;0;0;0;0;0;0;0;0;0;0;0;0;0;0;0,171687879793566;0;-0,173616672415604;0;0;0;0,172127560646988;0;0,190685257469759;0;0;0;0;0;0;0;0;0;0;0;0;0;0;0;0;0;0;0;0;0;0;0;0;0;0;0;0;0;0;0;0;0;0;0,179133105723948;0;0;0
"124";0;0;0;0;0;0;-0,192359163318597;0;0;0;0;0;0;0;0;0;0;0;0;0;0;0;0;0;0;0;0;0;0;0;0;0;-0,174754681835802;0;0;0;0;0;0;0;0;0;0,176891123828283;0;0;0;0;0;0,211916863978608;0;0;0;-0,192340651687234;0;0;0;0;0;0;0;0;0;0;0;0;0;0;0;0;0;0;0;0;0;0;0;0;0;0;0;0;0,167958182869792;0,174001482507455;0;0;0;-0,173012432780248;0;0;0;0,165566764516942;0;0;0;0;0;0;0;0;0;0;0;0;0;0;0;0;0;0;0;0;0;0,175579496318211;0;0;0;0;0;0;0;0;0;0;0,488699010340497;0;0;0;0;0;0;0,20458962482118;0;0;0;0;0;0;0;0;-0,203967285328202;0;0;0;0;0;-0,216259205554476;0;0;0;0;0;0;0;0,206243133074252
"125";0;0,221392855311401;0;-0,205279744960021;0;0;0,230994876669814;0;0;0;0;0,202350730000897;0;0;0;0;0;0;0;0;0;0;-0,202267201354354;0;0;0;0;0;0;0;0;0;0;0,218440828845492;0;0;0;0;0;0;0;0;0;0;0;0;0;0;0;-0,224665157864107;0;0;0;0;0;0;0;0;0;0;0,213397023606166;0;0;0;0;0;0;0;-0,22896476071698;0;0;0;0;0;0;0;0;0;0;0;0;0;-0,208950019841807;0;0;0;0,20776231754671;0;0;0;0;0;0;0;0;0;0;0,202216673315788;0;0;0;0;0;0;0;0;0,217606463267046;0;0,214335431286353;0;0;0;0;0;0;0,228044711463806;0;0;0;0;0,211139759627728;0;0;0;0,26285790395923;0;0;0;0;0,177577560942619;0;0;0;0;0;0,170488379134435;0;0;0;0;0;0;0,197004522188642;0;0;0;0;0;0;0;0;0;0;0
"126";0;0;0;0;0,176648215045408;0;0;0;0;0;0;0;0;0,181201105850202;0;0;0;0;0;-0,198146385504733;0;0;0;0;0;0;0;0;0;0;0;0,20488618471001;0;0;0;0,16903422991035;0;0;0;0;0;0;0;0;0,205206994671574;0;0;0;0;0;0;0;-0,201499544226024;0;0;0;0;0;0;0;0;0;0;0;0,171543463886974;0;0;0;0;0;0;0;0;0;0;0;0;0;0;0;0;0;0;0;0;0;0;0;0;0;0;0;0;0;0;0;0;0;0;0;0;0;0;0;0;0;0;0;0;0;0;0;0;0,17958365996107;0;0;0;0;0,177936941607623;0,181948520554694;0;0;0,178503750608053;0;0,213476578330007;0;0;0;0;0;0;0;0;0,196686543850878;0,193309518447026;0;0;0;0;0;0;0;0;0;0;0;0;0;0;0;0;0;0;0,192677677108411
"127";0;0,184841699091029;0;0;0;0;0;0;0;0;0;0;0;0;0;0;0;0;0;0;0;0;0;0;0;0;0;0;0;0,173331168499097;0;0;0;0,182377041471644;0;0;0;0;0;0;0;0;0;0;0;0;0;0;0;-0,187573756378656;0;0,177998414077644;0;0;0;0;0;0;0;0;0;0;0;0;0;0;0;-0,169681873404483;0;0;0;0;0;0;0;0;0;0;0;0;0;0;0;0;0;0;0;0;0,175975859958003;0;0;0;0;0;0;0,175421834755762;0;0;0;0,184136429054661;0;0;0;0,170762188427534;0;0;0;0;0,178949430136997;0;0;0;0;0;0;0;0;0;0;0;0;0,167775250008057;0;0;0;0;0;-0,185190265773229;0;0,189147788873721;0;0;0;0;0;0;0;0;0;0;0;0;0,209840531496804;0;0;0;0;0;0;0;0;0;0;0
"128";0,154030835195553;0;0;0;0;0;0;0;0;0;0;0;0;0;0;0;0;0;0;0;0;0;0;0;0;0;0;0;0;0;0;0;0;0;0,155498896016041;0;0;0;0;0;0;0;0;0;0;0;0;0;0;0;0;0;0;0;0;0;0;0;0;0;0;0;0;0;0;0;0;0;0;0;0;0;0;0;0;0;0;0;0;0;-0,174810582087507;0;0;0;0;0;0;0;0;0;0;0;0;0;0;0;0;0;0,16554634094371;0;0;0;0,170056896236828;0;0;0;0;0;0;0;0;0;0;0;0;0;0;0;0;-0,159944582415143;0;0;0;0;0;0;0;0;0;0;0;0;0;0;0;0;0;0;0;0;0;0;0;0;0;0;0;0;0;0;0;0;0;0
"129";0;0;0;0;0;0;0;0;0;0;0;0;0;0;0;0;0;0;0;0;0;0;0,18103092619544;0;-0,178388608427152;0;0;0,192133549003477;0;0;0;0;0;0;0;0;0;0;0;0;0;0,177885685894153;0;0;0;0,18284780723603;0;0,181620768067716;0;0;0;0;0,206722552750006;0;0;0,182633296776799;0;0;0;0;0;0;0;0;0;0;0;0;0;0;0;0;0,187404976117566;0;0;0;0;0;0;0;0;0;0;0;0;0;0;0;0;0;0;0;0;0;0;0,188050549329489;0;-0,180985703156019;0;0,197392512075308;0;0;0;0;0;0;0;0;0,191832098246573;0;0;0;0;0;0;-0,204102024716999;0;0;0;0,186664752928487;0;0;0;0;0;0;0;0;-0,238979802466929;0;0;0;0;0;0;0;0;0;0;0;0;0;0;0;0;0;0;0;0;0;0;0;0;0
"130";0;0;0;0;0;0;0;0;0;0;0;0;0;0;0;0;0;0;0,193165301527605;0;0;0;0;0,178868142609261;-0,172359599648543;-0,179944657998165;0;0;0;0;-0,195205678254538;0;-0,181473808992957;0;0;0;0;0;0;0;0,179185654490189;0;0;0;0;0;0;-0,175482521827037;0;0;0;0;0;0;0;0;0;0;0;0;0;0;0;0;0;0;0;0;0;0;0;0;0;0,20048912166445;0;0;0;0;0;0;-0,19711917067694;0;0;0,176446221518671;0;0;0;0;0;0;0;0;0;0;0;0;0;0;0;0;0;0;0;0;0;0,18666077850692;0;0;0;0;0;0;0;0;0;0;0;0;0;0,180356034877567;0;0;0;0;0;0;0;-0,162280712513117;0,189391154416817;-0,0275735668838024;0;0;0;0;0;0;0;0;0;0;0;0;0,204604916693782;0;0;-0,200547390690607;0;0,184737756340933;0;0;0;0;0;0
"131";0;0;0;0;0;0;0;0;0;0;0;0;0;0;0;0;0;0;0;0;0;0;0;0;0;0;0;0;0;0;0;0;0,175677938163753;0;-0,16974294207447;0;0;0;0;0;-0,173462862239151;0;0;0;0,19691444742307;0,17102570384189;0;0;0;0;0;0;0;0;0;0;0;0;0;0;0;0;0;0;0;0;0;0;0;0;0;0,181581440267133;0;0;0;0;0;0;0;0;0;0;0;0;0;0;0,17392648453383;0,162711648142283;0;0;0;0;0;0;0;0;0;0,169283994899766;0;0;0,169030932920979;0;0;0;0;0;0;0;0;0;0;0;0;0;0,186642604792904;0;0;0;0;0;0;0;0;0;-0,204849851862502;0;0;0;0;0;-0,992471897043288;0;0;0;0;0;0;0;0;0;0;0;0;0;0;0;0;0;0;0;0;0;0;0
"132";0;0;0;0,186033615214106;0;0;0;0;0;0;0;0;0,178205677625134;0;0;0,188517431720556;0;0;0;0;0;0;0;0;0;0;0;0;0;0;0,204570075756409;0,212835704313322;0,190179461916498;0;0,183754555212024;0;0;0;0,202604071739802;0;0;0;0;0;0;0;0;0;0;0,203601536713949;0;0;0;0;0;0;0;0;0;0;0,193389853368713;0;0;0;0;0;0;0;0;0;0;-0,196570274930237;0;0;0;0;0,187453364807543;0;0;0;0;0;0;0;0;0;0;0;0;0;0;0;0;0;0;0;0;0;0;0;0;0;0;0;0;0;0;0;0;0;0;0;0;0;0;0;0;0;0;0;0;0;0;-0,184668394984732;0,221759402507167;0;0;0;0;0,191768693613503;0;-0,0786956145893782;0;0,200701126134899;0;0;0;0;0;0;0;0;0;0;0;0;0;0;0;0;0;0;0;0
"133";0;0;0;0;0;0;-0,192101314376699;-0,176398140052771;0;0;0;0;0,163532546251101;0;0,193617218188175;0;0;0;-0,185763950450098;0;0;0;0;0;0;0;0;0;0;0;0;0;0;0;0;0;0;0;0;0;0;0;0;0;0;0;0;0;0;0;0;-0,177299606236085;0;0;0;-0,169699530044982;0;0;0;0;0;0;0;0;0;0;0;0;0;0;0;0;0;0;0;0;0;0;0;0;0;0;0;0;0;0;0;0;0;0;0;0;0;0;0;0;0;0;0;0;0;0;0;0;0;0;0;0;0;0;0;0;0;0;0,185412853527933;-0,189647880682096;0;-0,173301022913594;0;0;0;0;0;0;0;0;0;0;0;0;0;0;0;0;-0,190913819918606;0;0;0;0;0;0;0;0;0;0;0;0;0;0,18661609114505;0;0;0;0;-0,19028980903437
"134";0;0;0;0;0;0;0;0;0;0;-0,185315588703183;0;0;0;0;0;0;0;0;0;0;0;0;0,188333220047318;0;0,189466700871042;0;-0,195463422351854;0;0;0;0;0;0;0,184621548410979;0;0;0;0;0;0,188667533548124;0;0;0;0;0;0,173227034627729;0;0;0;0;0;0;0;0;0;0;0;0;0;0;0;0;0;0;0;0;0,18504983467727;0;0;0;0;0;0;0;0;0,18833780977938;0;0;0;0;0;0,190253221050212;0;0;0;0;0;0;0;0;0;0;0,197416704497833;0;0;0;0;0;0;0;0;-0,20190604760287;0;0;0,196538215022127;0;0;0;0;0;0;0;0,187431639095942;0;0;0;0;0;0,189899846378234;0;0;0;0;0;0;0;0;0;0;0;0;0;0;0;0;0;0;0;0;-0,203370708381145;0;0;0;0;0;0;0;0,198560413484008;0;0;0;0;0
"135";-0,17073534209486;0;0;0;-0,172125818319086;0;0,196359821629163;0;0;0,17791872293402;0;0;0;0;0;0,176830212741898;0;0;0;0;0;0;0;0;0;0;0;0;0;0;0;0;0;0;0;0;0;0;0;0;0;0;0;0;0;0;0;0;0;0,190979172181133;0;0;0;0;0;0;0;0;0;0;0;0;0;0;0;0;0;0;0;0;0;0;0;0,197081304216143;0;0;0;0;0;0;0;0;0,177620340403459;0;0;0;0;0;0;0;0;0;0;0;0;0;0;0;0;0,187479439918337;0;-0,175560223016609;0;0;0;0;0;0;0;0;0,186843894910827;0;0;0;0;0;0;0;0;0;0;0;0;0;0;-0,181468192919285;0;0;0;0;0;0;0;0;0;0;0;0;0;0;0;0;0;0;0;0,208656926521302;0;-0,192207997909122;0;0;0;0;0;0
"136";0;0;0;0,165825995632671;0;0;0;0;0;0;0;0;0;0;0;0;0;0;-0,18044296864225;0;0;0;0;0;0;0;0;0;0;0;0;0,18971674841301;0;0;0;0;0;0;0;0;0;0;0;0;0;0;0;-0,163924819483037;0;0;0,173425677829395;0;0;0;0;0;0;0;0;0;0;0;0;0;0;0;0;0;0;0;0;0;0;0;0;0;0;0;0;0;0;0;0;0;0;0;-0,167831430075306;0;0;0;0;0;0;0;0;0,169728124599875;0;0;0;0;0;0;0;0;0;0;0;0;0;0;0;0;0;0;0;0;0;0;0;0;0;0;0;0;-0,197671123411403;0;0;0;-0,176917395967565;0;0;0;0;0;-0,168032586236886;0;0;0;0;0;0;0;0;0;0;0;0;0;0;0;0;0;0;0
"137";0;0;0;0;0;0;0;0;0;0;0;-0,183740917762102;0;0;0;0;0;0;0;-0,206240400598816;0;0;0;0;0;0;0;0;0;0,18851305000089;0;0;0,190554580947535;0;0;0;0;0;0;0;0;0;0;0;0,213589426216071;0;0,17275362740922;0;0;0;0;0;-0,20973053137354;0;0;-0,185290757442518;0,188965147012216;0;0;0;-0,193771304728796;-0,183758762835796;0;0;0;0;0;0;-0,207907306631074;0;0;0;0;0;0;0;0;0;-0,177556793190188;0;0;0;0;0,185275417912076;0;0;0;-0,176490288143834;0,19138938700102;0;0;0;0;0;0;0;0;0;0;0;-0,183344698410023;0;0,201354264328388;0,185719055863106;0;-0,196001101344091;0;0;0;0;0;0;0;0;0;0;0;0;-0,185205427921407;0;0;0;0;0;0;0;0;0;0;0;0,1860102001336;0,201364611528022;0;0;0;0;0;0;0;0;0;0;0;0;0,188479286260746;0;0;0;0;0;0;-0,179258812154932;0;0
"138";0;0;0,167794187472736;0;0;0;0;0;0;0;0;0;0;0;0;0;0;0;0;0;0;0;0;0;0;0;0;0;0;0;0;0;0;0;0;0;0;0;0,179882058488196;0;0;0;0;0;0;0;0;0;0;0;0;0;0;0;0;0;0;0;0;0;0;0;0;0;0;0;0;0;-0,184227158037221;0;0;0;0;0;0;0;0;0;0;0;-0,183407969330063;0;0;0;0;0;0;0;0;0;0;0;0;0,174453345520368;0;0;0;0;-0,173688102058428;0;0;0,166173148505764;0;0;0;0;0;0;0;0;0;0;0;0;-0,179389432132405;0;0;0;0;0;-0,169884997774655;0;0;0;0;0;0;0;0;0;0;0;0;0;0;0;0;0;0;0;0;0;0;0;0;0;0;0;0;0;0;0;0;0
"139";0;0;0;0;0;0;-0,188976204986151;0;0;0;0;0;0;0;0;0;0;0,166005966475587;0;0;0;0;0;0;0;0;0;0;0;0;0;0;0;0;0;0;0;0;0;0;0,169516644081548;0;0,173780196898852;0;0;0;0;0;0;0;0;0;0;0;0;0;0;0;0;0;0;0;0;0;0;0;0;0;0;0;0;0;0,171300482460714;0;0;0;0;0;0;0;0;0;0;0;0;0;0;-0,159010016265211;0;0,179893330560789;0;0;0;0;0;0;0;0;0;0;0;0,16895872290441;0;0;0;0;0;0;0;0;0;0;0;0;0;-0,186562683817409;0;0;0,166861975329702;0;0;0;0;0;0;0;0;0;0;0;0;0;0;0;0;0;0;0;0;0;0;0;0;0;0;0;0;0;0;0;0;0;0;0
"140";0;0;0;0;0;0;0,191579337664013;0;0;0;0;0;0;0;0,193091122469375;0,172525187459469;0;0;0;0;0;0;0;0;0;0;0;0;0;0;0;0;0;0;0;0;0;0;0;0;0;0;0;0;0;0;0;0;-0,211057751242211;0;0;0;0;0;0;0;-0,172594488733292;0;-0,180086130170225;0;0;0;0;0;0;0;0;0;0;0;0;0;0;0;0;0;0;0;0;0;0;0;0;0;0;0;0;0;0;0;0;0;0;0;0;0;0;0;0;0;0,167460957665341;0;0;0;-0,172878707656036;0;0;0;0;0,172202969220856;0;0;0;0;0;0;0;0;0;0;0;0,166662489195495;0;0;0;0;0;0;-0,181639519432001;0;0;0;0;0;0;0;0;0;0,166030475589476;0;0;0;0;0;0;0;0;0;0;0;0;0;0;0
"141";0;0;0;0;0;0;0;0;0;-0,178831386174168;0,173898054635328;0;0;0;0;0;0;0;-0,190856001524087;0;0;0;0;0;0;0;0;0;0;0;0;0;0;0;0;-0,165551650239563;0;0;0;0;0;0;0;0;0,200979154497866;0;0;0;0;0;0;0,182159637733933;0;0;0;0;0;0;0;0;0;0;0;0;0;0;0;-0,173648674060055;0,195632505976075;0;0;0;0;0;0;0;0;0;0;0;0;0;0;0;0;0;0,177516674189443;0;0;0;0;0;0;0;-0,175240726705576;0;-0,174818110900386;0;0;0;0;0;0;0;0;-0,18442924037324;0;0;0,183132886522404;0;0;0;0;0;0;-0,194846395744718;0;0;0;0;0;0;0;0;0;0;0;0;0;0;0;0;0;0;0;0;0;0;0;0;0;0;0;0;0;0;0;0;0;0;0;0;0;0
"142";0;0;0;0;0;0;0,197204678205569;0;0;0;0;0;0;0;0;0;0;0;0;0;0;-0,186854442442469;0;0;0;0;0;-0,183269739566972;0;0;0;0,20049983717007;0,179156740972444;-0,186487051057017;0;0;0,176363442036768;0;0;0;0;0;0;0;0;0;0;0;0;0;0;0;0,197185700267409;0;0;0;0;0;0;-0,17648793487204;0;0;0;0;0;0;0;0;0;0;0;0;0;0;0;0;0;0;0;0;0;0;0;0;0;0;0;-0,165933690388911;0;0;0;0;0;0;0;0;0;0;0;0,188286087818309;0;0;0;0;0;0;0;0,175290100772741;0;0;-0,187647808318708;0;0;0,17573900666637;0;0;0,16698218095416;0;0;0;0;0;0;0,173965093142408;0;0;0;0;0;0;-0,174884177949745;0;0;0,190213432918454;0;0;0;0;0;0;0;0;0;0;0;0;0;0;0;0;0;0;-0,193524654710271;0
"143";0;0;0;0;0;0;0;0;0;0;0;0;0;0;0;0;0;0;0;0;0;0;0;0;-0,16126107386669;0;0;-0,173686328467391;0;0;0;0;0;0;0;0;0;0;0;0;0;0;0;0;0;0;0;0;0;0;0;0;0;0;0;0;0;0;0;0;0;0;0;-0,151309350865543;0;0;0;0;0;0;0;0;0,169411757640463;0;0;0;-0,167354599129478;0;0;0;0;0;0;0;0;0;0;0;0;0;0,160861594017347;0;0;0;0;0;0;0;0;0,178440365397585;0;0;-0,179411163897346;0;0;0;0;0;0;0;0;0;0;0;0,180385484336374;0;0;0;0;0;0;0;0;0;0;0;0;0;0;0;0;0;-0,164647235439051;0;0;0;0;0;0;0;0;0,169021254162397;0;0;0;0;0;0;0;0;0;0;0;0,212182723152339
"144";0;0;0;0;0;0;0;0;0;0;-0,158592484601519;0;0;0;0;0;0;0;0;0;0;-0,170548856898234;0;0;0;0;0;0;0;0;0;0;0;0;0;0;0;0;0;0;0;0;0;0;0;0;0;0;0;0;0;-0,166126927658386;0;-0,176732090907195;0;0,159005776436447;0;0;0;0;0;0;0;0;0;0;0;0;0;0;0;0;0;0;0;0;0;0;0;0;0;0;0;0;0;0;0;0;0;0;0,154925490973606;0;0;0;0;0;-0,159431562470187;0;0;0;0;0;0;0;0;0;0;0;0;0;0;0;0;0;0;0;0;-0,162380318309085;0;0;0;0;0;0;0;0;0;0;0;0;0;0;0;0;0;0;0;0;0;0;0;0;0;-0,540285215014592;0,188668564240625;0;0;0;0,194616905709863;0;0;0;0;0
"145";0;0;0;0;0;0;0;0;0;0;0;0,17759184895323;0;0;0;0;0;0;0;0;0;-0,192090910558146;0;0;0;0;0;0;0;0;0;0;0;0;0;0;0;0;0;0;0;0;0;0;0;0;0;0;0;-0,19717596660155;0;0;0;0;0;0;0;-0,173980279654313;0;0;-0,187286559248723;0;0;0,164132386278362;0;0;0;0;0;0;0;0;0;0;0;0;0;0;-0,17161468213454;0;-0,200055939481756;0;0;0;0;0;0;0;-0,184984354718114;0;0;0;0;0;0,1800034907054;0;-0,179569388875354;-0,177474194944406;0;-0,193562676817737;-0,177208889467755;0;0;0;0;0;0;0;0;0,182226934350046;0;-0,173372166242659;0;0;0;0;0;0;0;0;0;0;0;0;0;0;0;0;0;0;0;0;0;0,195544034447811;0;0;0;0,172798503007861;0;0;0;0;0;0;0;0,197725876030135;0;0;0;0;0;0;0;0
"146";0;0;0;0;0;0;0;0;0;0;0;0;0;0;0;0;0;0;0;-0,214343659908866;0;0;0;0;0;0;0;-0,202588085930815;0,191404024646614;0,195919795347828;0;0;0,198041538777585;0;0;0;0;0;0;0;0;-0,187564955764881;0;0;0;0;0;0;0;0;0;0;0;0;0;0;0;0;0,204914150552173;0;0;0;0;0;0,185566109567516;0,203799656293102;0,188486381445418;0;0;0;0;0;0;0;0;0;0,195202743984108;-0,178683229666192;0;0;0;0;0;0;0;0;0;0;0;0,207514424850114;0;0;0;0;0;0;0;0;0;0,20813320425205;0;0;0;0;0;0;0;0;0;0;0;0;0;0;0;0;0,184583666152341;0;0;0,196821716991478;0,199254448912525;0;0;0;0;0;0;0;-0,206681701672033;0;0;0;0,192044869482402;0;0;0;0;-0,185805996859867;0;0;0,19730908937831;0;0;0;0;0;0;0;0;-0,193537873575859;0;0;0;0
"147";0;0;0;0;0;0;0,184659730751507;0;0;0;0;0;0;0;0;0;0;0;0;0;0;0;0;0;0;0;0;0;0;0;0;0;0;0;0;0;0;0;0;-0,158418172307036;0;0;0;0;0;0;0;0,162221364625503;0;0;0;0;0;0;0;0;0;0;0;0;0;0,161777009424285;0;0;0;0;0;0;0;0;0;0;0;0;0,161264919536245;0;0;0;0;0,159769132203625;0;0;0;0;0;0;0;0;0;0;0;0,156645457760637;0;0;0;0;0,163562560903984;0;0;0;0;0;0;0;0;0;0;0;0,171341995123212;0;0;0;0;-0,164559573073215;0;0;0;0;0;0;0;0;0;0;0,195616987640925;0;0;0;0;0;0;0;0;0;0;0;0;0;0;0;0;0;0;0;0;0,184605472408627;0;0;0;0;-0,181958705678824;0,177023238588916;0;0
"148";0;0;0;0;0;0;-0,203111025108797;0;0;0;0;0;0;0;0,204713808401114;0;0;-0,178422685689471;0;0;0;0,192450796279086;0;0;0;-0,182967705504714;0;0;0;0;0;0;0;-0,192072401397208;0;0;0;0;0;0;0;0;0;0;0;0;0;0;0;0;0;-0,187461001455622;-0,203091478774962;0;0;0;0,182983425886083;0;0;0;0;0;0;0;0;0;0;0;0;0,176836892981098;0;0,19072326339007;0,184113214659893;0;0;0;0;0;0;0;0;0;0;-0,179410495734622;0;0;0;0;0;0;0;0;0;0;0;0;0;0;0;0;0;0;-0,194980363766226;0;0;0;0;0;0;-0,182568339736968;0;0;0;0;0;0;0;0;0;0;-0,185652658783913;0;0;0;0;0;0;0;0;0,186064505810953;0;0;0;0;0,182901871029829;0;0;0;0;0;0;0;0;0;0;0;0;-0,240940211806446;0;0;0;0;0;0
"149";0,175360199759596;0;0;0;0;0;0;0;0;0;0;0;0;0;0,203270273301223;0;0;0;0;0;0;0;0;0;0;0;0;0;0;0;0;0;0;0;0;0;0,180364716835566;0;0;0;0;0;0;0;0;0;0;0;0;0;0,187441076720704;0;0,201659383498194;0;0;0;0;0;0;0;0;0;0;0;0,171679540534286;0;0;0,177442228712953;0;0;0;0;0;-0,202419818018833;0;0;0;0;0;0;0;0;0;0;0;0;0;0;0;0;0;0;-0,171549813984939;0;0;0;0;0;0;0;0;0,18031577645434;0,193605463845775;0;0;0;0;0;0;0;0;0;0;0;0;0;0;0;0,178078089873481;0;0;0;0;0;0;0;0;0;-0,191214978115327;0;0;0;-0,177673471904685;-0,19452893167908;0;0,172584231987837;0;0;0;0;0;0;0;0;0;0,201619532968632;0;0;0;0;0;0;0;0
"150";0;0;0;0;0;0;0;0;0;0;0;0;0;0;0;0;0;0,181707245552983;0;0;0;0;0;0;0;0;0,177162144629444;0;0;0;0;0;0;0,195608237090297;0,181570843369688;0;0;0;0;0;0;0;0;0;0;0;0;-0,18171531167765;0,227881101480558;0;0;0;0;0;0;0;0;0;0;0;0;0;-0,178920002017713;0;0;0;0;0;0;0;0;0;-0,187502530726273;0;0;0;0;0;0;0;0;0;0,187109457683611;0,18271324006394;0;0;0,186045900319543;0;0;0;0;0;0;0;-0,18366059932937;0;0;0;0;0;0,180809220524542;0;0;0;0;0;0;0;0;-0,185929216403131;0;0;0;0;0;0;0,175149372874954;0;0;0;0;0;0,183226021754216;0;0;-0,191162876317126;0;0;0;0;0;0,198579935865866;0;0;0;0;0;0;0;0;0;0,187070327014945;0;0;0;0;0;0;0;0,569581418996677;0;0;-0,172009300314001;0
"151";0;0;0;0;0,16929726002535;0;0;0;-0,165784266763678;0;0;0;0;0;0;0;0;0;0;0;0;0;0;0,172938434403218;0;0;0;0;0;0;0;0;0;0;0;0;0;0;-0,186920543639037;0;0;0;0;0;0;0;0;0;0;0;0;0;0;0;0;0;0;0;0;0,172844015930338;0;0;0;0;0;0;0;0;0;0;0;0;0;0;0;0;0;0;0,163489693498004;0;0;0;0;0;0;0;0;0;0;0;0;0;0;0;0;0;0;0,169071791378078;0;0;0;0;0;-0,171005293428985;0;0;0;0;0;0;0;0;0;0;-0,186408641634971;0;0;0;0,170532358131768;0;0;0;0;0;0,204593065271375;0;0,17081549336274;0;0;0;0;0;0;0;-0,173916661626551;0;0;0,16461746712045;0;0;0;0;0;0;0;0;0;0;0;0;0;0;0;-0,18434350707166
"152";-0,167241174052964;0;0;0;0;0;0;0;0;0;0;0;0;0;0;0;0;0;0;0;0;-0,182246258825799;0;0;0,165962462324618;0;0;0;0;0;0;0;0;0;0;0;0;0,158102486617598;0;0;0;0;0;0;0;0,170111043452312;0;0,168969477051084;0,211897116382244;0;0;0;0;0;0;0;0;0;0;0;0;0;0;0;0;0;0;0;0;0;0;0;0;0;0;0;0;0;0;0;0;0;0;0;0;0;0;0;0;0,183096628222321;-0,165551336081586;0;0;0,18053622464591;0;0;-0,170366464644678;0;0,17974429850003;0;0;0;0;0;0;0;0;0;0;0;0;0;0;0;0;0;0;0;0;0;0;0;0;0;0;0;0;0,156257653715767;0;0;0;0;0,169447343696812;0;0;0;0;0;0;-0,168986922237837;0;0;0;0;0;0;0;0;0;0;0;0;0;0
"153";0;0;0,175975535256097;0;0;0;0;0;0;0;0;0;0;0,175270051989626;0;0;0;-0,171229784554156;0;0;0;0;0;0;0;0;0;0,181149143695814;0;0;0;0;0;0;0;0;0;0;0;0;0;0;0;0;0;0;0;0;0;0;0,181162070252385;0;0;0;0;0;0;0;0;0;0;0,170768333777193;0;0;0;0;0;0;0;0;0;0;0;0;0;0;-0,174545357676513;0;0;0;0;0;0;0;0;0;0;0;0;-0,185554151387584;0;0;0;0;0;0;0;0;-0,182156826691709;0;0,17038354074216;0;0;0;0;0;0,183625156491422;0;0;0;0;0;0;0;0;0;0;0;0;0;0;0;0;0;0;0,180140192136642;0;0;0;0;0;0;0;0;0;0;0;0;-0,16892809342804;0;0;0;-0,167065526094241;0;0;-0,194865568609284;0;-0,181563378460046;0;0;0;0;0,892541449749842;0
"154";0;0;0;0;0;0;0;0;0,160174279453954;0;0;0;0;0,167784170788841;0;0;0;0;0;0;0;0;0;0;0;0;0;0;0;0;0;0;0;0;0;0;0;0;0;0;-0,167382954464212;0;0;0;0;0;0;0;0;0;0,173424537681345;0;0;0;0;0;0;0;0;0;0;0;0;0;0;0;0,161341329598715;0;0;0;0;0;0;0;0;0,169940902635761;0;0;0;0;0;0;0;0;0;0;0,167830326705378;0;0;0,177629030593519;0;0;0;0;0;0;0;0;0;0;0;0;0;0;0,168383233982035;-0,174365702868189;0;0;0;0;0;0;0;0;0;0;0;0;0;0;0;0;0;0;0;0;0;0;0;0;0,165477637954738;0;0;0;0;0;0;0;0;0;0;0;0;0;0;0,186542752017555;0;0;0;0;0;0;0;0,913360804086551
