"";"1";"2";"3";"4";"5";"6";"7";"8";"9";"10";"11";"12";"13";"14";"15";"16";"17";"18";"19";"20";"21";"22";"23";"24";"25";"26";"27";"28";"29";"30";"31";"32";"33";"34";"35";"36";"37";"38";"39";"40";"41";"42";"43";"44";"45";"46";"47";"48";"49";"50";"51";"52";"53";"54";"55";"56";"57";"58";"59";"60";"61";"62";"63";"64";"65";"66";"67";"68";"69";"70";"71";"72";"73";"74";"75";"76";"77";"78";"79";"80";"81";"82";"83";"84";"85";"86";"87";"88";"89";"90";"91";"92";"93";"94";"95";"96";"97";"98";"99";"100";"101";"102";"103";"104";"105";"106";"107";"108";"109";"110";"111";"112";"113";"114";"115";"116";"117";"118";"119";"120";"121";"122";"123";"124";"125";"126";"127";"128";"129";"130";"131";"132";"133";"134";"135";"136";"137";"138";"139";"140";"141";"142";"143";"144";"145";"146";"147";"148";"149";"150";"151";"152";"153"
"1";0,790269642369822;0;0;0;0;0;0;0;0;-0,195708071080835;0;0;0;0;0;0;0;0;0;0;0;0;0;0;0;0;0;0;0;0;0;0;0;0;0;0;0;0;0;0;-0,189350217339048;0;0;0;0;0;0;0;0;0;0;0;0,163267243825497;0;0;0;0;0;0;0;0;0;0;0;0;0,176185478454917;0;0;0;0;0;0;0;0;0;0;0;0;0;0;0;0;0;0;0;0;0;0;0,169462629476996;0;0;0;0;0;-0,161091694217802;0;0;0;0;0;0;0;0;0;0;0;0,170434498021185;0;0;0;0,183907109389441;0;0;0;0;0;0;-0,161683462994284;0;0;0;0;0;0;0;0;0;0,165991808748242;0;0;0;0;0;0;0,170305139516032;0;0;0;0;0;0;0;0;0;0;0;0;0;0;0;0;0;-0,156527863478029
"2";0;0;0;0;0;0;0;0;0;0;0;0;0;0;0;0;0;0;0,186408108119528;0;0;0;0;0;0;0;0;0;0;0;0;0;0;0;0;0;0,167922171399867;0;0;0;0;0;0;0;0;0;0,160187810468761;0;0;0;0;0;0;0;0;0;0;0;0;0;0;0;0;0;0;0;0;0;0;0;0;0;-0,170387712855888;0;0;0;0;0;0;0;0;0;0;0;0;0;0,194419958756989;0;0;0;0;0;0;0;0;0;0;0;0;0;0;0;0,156964482603472;0;0;0;-0,167891805555629;0;0;0;0;0;0;0;0;0;0;0;0;0;0;0;0;0;0;0;0;0;0;0,170129804384967;0;0;0;-0,168142355736503;0;0;0;0;0;0,176265500831822;0;0;0;0;0;0,168539924342316;0;0;0;0;0;0;0
"3";0;0;0,3224554550834;0;0,187488886762156;0;0;0;0;0;0;0,21608014435624;0;-0,180592925563792;0;0;0;0,195104079918256;0;0;-0,198244483566102;0;0,192858202247792;0;0;0;0,198066128348714;0;0,197185530002041;0;0;0;0;0;0;0;0;0;0;0;0;0;0;0;0;0;0,187788036524706;0;-0,217883156389789;0;0;0;0,188542608363089;0;0;0;0;0;0;0;0;0;0;0;0;0;0;0;0;0;0,209362205850329;0;0;0;0;0;0;0;0;-0,189254715923295;0;0;0;0;0;0;0;0;0;0;0;0;0;0;0;0;0;0;0;0;0;0;0;0;0;0;0;0;0,211590191164314;0;0;0;0;0;-0,234520681040227;0;0;0;0;0;0;0;0;0,19349470888289;0;0;0,211034481457495;0;0;0,199443027695392;0;0;0;0,197113143303461;0;0;0;0;0;0;0;0;0;0;0;0;0;0;0;0;0;0,207464732266703;0
"4";0;0;0;-0,254977172939107;0;-0,171778248389287;0;0;0;0;0;0;-0,175404420463;0;0;0,196371796097016;0;0;0;0;0;0;-0,174303046550293;0;0;0;0;0;0;0,180275118192039;0;0;0;0;0;0;0;0,170750014630222;0;0;0;0;0,177488961807635;0;0;0;0;0;0;0;0;0;0;0;0;0;0;0;0;0;0,170806632379139;0;0;0;0;0;0;0;0;0;0;0;0;0;0;0,174121222017788;0;0;0,178877571391128;0;0;0;0;0;0;0;0;0;0;0;0;0;0;0;0;0;-0,165467964361048;0;0;0;0;0;0;0;0;0;0;0;0;-0,173869499683926;0;0;0;0;0,211957120350214;0,180142278278433;0;0;0;0;0;0;0;0;0;0;0;0;0;0;0;0;0;0;0;0;0;0;0,176733061559021;0;0;-0,166935453259215;0;0;0;0;0;0;0;0;0;-0,187504262014043;0
"5";0;0;0;0;0;0;0;0;0;0;0;0;0;0;0;0;0;0;0;0;0;0;0;0;0;0;0;0,165516144420299;0;0;0;0;0;0;0;-0,162284152861473;0;0;0;0;0;-0,167863707476958;0;0;0,160880396082615;0;0;0;0;0;0;0;0;0;0;0;0;0;0;0,18099066338611;0;0;0;0;0;0;0;0;0;0;0;0;0;0;0;0;0;0;0;0;0;0;0;0;0;0;0;0;-0,169420338369806;0;0;0;0;-0,184356452105632;0;0,158401903958912;0;0;0;0;0;0;0;0;0;0;0;0;0,183179422372081;0;-0,183861213516704;0;0;0;-0,203030975353177;0;0;0;0;0;0;0;0;0;0;0;0;0;0;0;0;0;0;0;0;0;0;0;0;0;0;0;-0,162188118329215;0;0;0;0;0;0;0;0;0;0
"6";0;0;0;0;0;0;0;0;0;0;0;0,189636438890072;0;0;0;0;0;0;0;0;0;0;0;0;0;0;0,173826962938668;0;0;0;0;0;0;0;-0,201720249974826;0;0;0;0;0;0;0;0;0;0;0;0;0;0;0;0;0;0;0;0;0;0;0;0;0;0;0;0;0;0;0;0,156435610130684;0;0;0;0;0;0;0;0;0;0;0;0;0;0;0;0;0;0;0;0;0;0;0;0;0;0;0;0;0;0;0;0;0;0;0,171478912054338;0;0;0;0;0;0;0;0;0;0;0;0;-0,205820238277987;0;0;0;0;0;0;0;0;0;0;0;0,185208259953;0;0;0;0;0;0;0;0;0;0;0;0;0;0;0;0;0;0;0;0;0;0;0;0;0,182075373651535;0
"7";0;-0,169042920255973;0;0;0;0;0;0;0;0;0;0,196712378399421;0;0;0;0;0;0;0;0;0;0;0,175571872978084;0;0;0;0;0;0;0;0;0;0;0;0,209247074961558;0;0;0;0;0;0;0;0;0;0;0;0;0;0;0;0;0;0;0;0,1701368514668;0;0;0;0;0;0;0;0;0;0;0;0;0;-0,187983475166278;0;0;0;0;0;0;0;0;0;0;0;-0,183753770193553;0;0,173761232664159;0;0;0;0;0,187198461584081;0;0;0;0;0;0;0;0;0;0;0;0;0;0;0;0;0;0;0;0;0;0,175135170138642;0;0;-0,183139754728826;0;0;0;0;0;0;0;0;0;0;0;0;0;0,192118970002871;0;0,170635414926667;0;0;0,192910586914137;0;0;0;-0,179368430649297;0;0;0;0;0,17559405169312;0;0;0;0;0;0;0;-0,166575864975443;0;0;0;0
"8";0;0;0;0;0;0;0;0;0;0;0;0,199898001804144;0;0;0;0;0;0;0;0;0;0;0;0;0;0;0;0;0;0,184528102822344;0;0;0;0;0;0;0;0;0;0;0;0;0;0,206259481263695;0;0;0;0;0;0;0;0;0;0;0;0;0;0;0;0;0;0;0;0;0;0;0;0;0;0,210212742709544;0;0;0;0;0,184176116171876;0;0;0;0;0;0,186729537736996;0;0;0;0;0;0;0,190230013565723;0;0;0;0;0,182140233125341;0;0;0;0;-0,179856625073039;0;0,19184597434881;0;0;0;0;-0,205703382365161;0;0;0;0;0;0;0;0;0;0;0;0;0;0;-0,177372709037511;0;0;0;0;0;0;0;0;0;0;0;0;0;0;0;0;-0,173765595691013;0;0;0;0,178437678135722;0;0;0;0;0;0;0;0;0;0;0,191927793960436;0
"9";0,161090244354818;0;0;0;0;0;0;0;-0,951191054657102;0;0;0;0;0;0,16148950759756;0;0;0;0;0;0;0;0;0,153688029978443;0;0;0;0;0;0;-0,17680194545526;0;0;0;0;0;0;0;0;0;0;0,162726827636118;0;0;0;0,165667768560952;0;0;0;0;0;0;0;0;0;0;0;0;0;0;0;0;0;0;0;0;0;0;0;0;0;0;0;0;0;0;0;0;0;0;0;0;0;0;0;0;0;0;0;0;0;0;-0,165232623288095;0;0;0;-0,153649291371723;0;0;0;0;0;0;0;0;-0,167029352777104;0;0;0;0;0;0;0;0;0;0;0;0;0;0,16090765621133;0,15624663709721;0;0;0;0;0;0;0;0;0;0;0;0;0;0;0;0;0;0;0;0;0;0;0;0;0;0;0,15720171547511;0;0;0;0;0
"10";0;0;0;0;0;0;0;0;0;0;0;0;0;0;0;0;0;0;0;0;0;0,21837340646435;0;0;0;0;0;0,199518888596623;0;0;0,219850950770181;0;-0,199404075534097;0;0;0;0;0;0,219206717557879;0;0;0;0;0;0;0;0;0;0;0;0;0;0;0;0;0;0;0,195930668353546;0;0;0;0;0;0;0;0;0;0;-0,215490265340496;0;0;-0,189248275069596;0;0;0;0;0;0,196178614945655;0;0,197502010177905;0;0;0;0;0;0;0;0;-0,204225139098044;0,217634131686636;0;0;0,20546464709197;0;0;0;0;0;0,225462758592351;0;0;0;0;0;0;0,207698857159164;0;0;0;0;0;0;0;0;0;0,208004915009963;0;0;0;0;0;-0,217427090837445;0;0;0;0;0;0,200042335796208;0;0;0;0;0;0;0;0,20561461947725;0;0;0;0;0;0;0;0;0;0;0;0;0,190950174269999;0;0;0;0
"11";0;0;0,168408135275915;0;0;0;0;0;0;-0,161471143610655;0;0;0;0;0;0;0;0;0;0;0;0;0;0;0;0;0;0;0;0;0;0;0;0;0;0;0;0;0;0;0;0;0;0;0;0;0;0;0;0;0;0;0;0;0;0;0;0;0;0;0;0;0;0;0;0;0;0;0;0;0;0;0;0;0;0;0;0;0;0;0;0;0;0;0;0;0;0;0;0,166564043092825;0;0;0;0;0;0;0;0,155278706759765;0;0;0;0,156056853662951;0;0;0;0;0;0;0,168995285070693;0;0;0;0;0;0;0;0;0;0;0;-0,148698379111323;0;0;0;0;0;0;0;0;0;0;0;0;0;0;0;0;0;0;0;0;0;0;0;0;0;0;0;0;0;0;0;0
"12";0,166612101236422;0;0;0;0;0;0;0;0;0;0;0;0;0;0,191991187188132;0;0;0;0;0,200129670437641;0;0,208783139573838;0;0;0;0;0;0;0;0;0;0;0,19064688144902;0;0;0;0;0;0;0;0;0;0;0;0;0;0;0;0;0;0,199298976642369;0;-0,188117845494965;0;0;0;0;0;0;0;0;0;0;0;0;0,203002340444133;0;0;0;0;0;0;0;0;0;0;0;0;0;0;0;0;0;0;0;-0,223511185682691;0;0;0;0;-0,193197922573564;0;0;0;0;0;0;0;0;0;0;0;0;0;0;0;0;0;0;0,191945098176438;-0,211899266374128;0;0;0;0;0;0,245777703842126;0;0;0;0;0,207878383125643;0;0;0;0;0;0;0;0;0;0;0,195975498036372;0;0;0,196584678014576;0;0;0;0;0;0;0;0;0;0;0,184969738020295;0;0,182564248695595;0;0,197098255478581;0;0
"13";0;0;0;0;0;0;0;0;0;0;-0,156607564016166;0;0;0;0;0;0;0,174841951528446;-0,195831499171492;0;0,177656215087704;0;0;0;0;0;0;0;0;0;0;0,176189442095951;0;0;0;0,167986450074316;0,176411052615169;0;0;0;0;0;0;0;0;0;0;0;0;0;0;0;0;0;0;0;0;0;0;0;0;0;0;0;0;0;0;0;0;0;0;0;0;0;0;0;0;0;0;0;0;0;0;0;-0,173076130712295;0;0;0;0,175373384962776;0;0;0;0;0;0;0;0;0;0;0;0;0;0;0;0;0;0;-0,163823081880886;0;0;0;0;0;0;0;0;0,220750294392797;0;0;0;0;0;0;0;0;-0,169562758035662;0;0;0;0;0;0;0;0;0;0;0;0;0;0;0;0;0;0;0;0;0;0;0;-0,169026116110483;0;0;0
"14";0;0;0;0;0;0;0;0;0;0;0;0;0;0,960901460144669;0;0;0;0;0;0;0;0;0;0;0;0;0;0;0;0;0;0;0;0;0;0;0;0;0;0;0;0;0;0;0;0;0;0;0;0;0;0;0;0;0,15584322285482;0;0,160481242443985;0;0;0;0;0;0;0;0;0;0;0;0;0;0;0;0;0;0;0;0;0;0;0;0;0;0;0;0;0;-0,190057783392234;0;0;0;0;0;0;0,177575703857864;0;0;0;0;0;0;-0,182598101043358;0;0;0;0;-0,165964672876796;0,164124838918966;0;0;0;0,177098680461058;0;0;0;0;0;0;0;0;0;0;0;0;0;0;0;0;0;0;0;0;0;0;0;0;0;0;0;0;0;0;0;0;0;0;0;0;0;0;0;0;0;0
"15";0,168647056068801;0;0;0;0;0;0;0;0;0;-0,171614040622911;0;0;0;0;0;0;0;0;-0,178220405636354;0;0;0;0;0;0;0;0,169873501884786;0;0;-0,187184537577974;0;0;0;0;0;0;0;0;0;0;0;0;0,198101043128107;0;0;0;0;0;0;0,177480652331264;0;0;0;0;0;0;0;0;0;0;0;0;0;0;0;0;0;0;0;0;0;0;0;0;0;0;0;0;0;0;0;0;0;0;0,199042221423353;0;0;0;0;0;0;0,174935813649201;0;0;0;0;0;0;0;0;0;-0,163495679816508;0;0;0;0;0;0;0;0;0;0;0;0,208375943598273;0;0;0;0;-0,170356865379037;0;0;0;0;0;0;0;0;0;0;0;0;0;0;-0,174744951221025;0;0;-0,187691612165366;0;0;0;0;0;0;0;0;0;0;0;0;0;0;0
"16";0;0;0;0;-0,170537012776204;0;0;0;0;0;0;0;0;0,188331599541452;0;-0,52651073387824;0;0;0;0;0;0;0;0;0;0;0,198713825774954;0;0,197830347777492;-0,200118296575832;0;0;0;0;0;0;0;0;0;0;-0,21937853399147;0,194533109554942;0;0;0;0;0;0;0;0;0;0;0;-0,199717390897505;0;0;0;0,188362949514122;0;-0,209745614928378;0,189607598976336;0;0;0;0;0;0;0;0;0;0;0;0;0;0;0;0;0;0;0;0;0;0;0;0;-0,224748421195248;0;0;0;0;0;0,194571654730004;-0,197528683346734;0;0;0;0;0;0;0;0;0,196029603681607;0;0;0;0;0;0;0;0;0;0;0;0,2023922687969;0;0,19997083475473;0,247138194604409;0;0;0;0;0;0;0;0;0;0;0;0;0;-0,183464274674247;0;0;0;0;0;-0,188446499374944;-0,211931886632409;0;0;0,193513311237184;0;0;0;0;0;0;0;0;0;-0,198189283475218;0;0
"17";0;0;0;0;0;0;0;0;0;0;0;0;0;0;0;0;0;0;0,185756031272312;0;0;0;0;0;0;0;0;0;0;0;0;0;-0,162423509282294;0;0;0;0;0;0;0;0;0;0;0;0;0;0;0;0;0;0,169794747947554;0;0,16026887191484;0;0;0;0;0;0;-0,177711153852411;0;0;0;0;0;0;0;0;0;0;0;0;0;0;0;0;0;0;-0,168239781288533;0;0;0;0;0;0;0;0,19373985554141;0;0;0;0;0;0;0;0;0;0;0;0;0;0;0;0;0;0;0;0;0;0;0;0,180529690269457;0;0,171003685026501;0;0;0;0;0;0;0;0;0;0,179353586890351;0;0;0;0;0;0;0;0;0;0;0;0;0;0;0;0;0;0;0;0;0;0;0;0;0;0;0;0;0;0
"18";0;-0,167824623707626;0,168559585810525;0;0,162681449660959;0;0;0;0;0;0;0;0;0;0;0;0;0;0,196868045509911;0;0;0;0;0;0;0;0;0;0;0;0;0;0;0;-0,207068740936372;0;0;0;0;0;0;0;0;0;0;0;0;0;0;0;0;0;0;0;0;0;0;0;0;0;0,17025890716061;0;0;0;0;0;0;0;0,186026502529014;0;0;0;-0,179948696155071;0;0;0;0;0;0;0;0;0;0;0;0;0;0;0;0;0;-0,174443158755438;0,174716401017749;0;0;0;0;0;0;0;0;0,19727037694121;0;0;0;0;0;0,177312735751134;0;0;0;0;0;0;0;0,21127743796057;0;0;0;0;0;0;0;0;0;0;0;0,190118945441869;0;0;0;0;0;0;0;0;0;0;0;-0,176166332074249;0;0;0;0;0;0;0;0;0;0;0;0;0,186902992546597;0
"19";0;0;0;0;-0,160170137141952;-0,163458001645824;0;0;0;0;0;0;0;0;0;0;0,165314439743428;0;0,875102438265458;0;0;0;0;0;0;0,20232690754996;-0,199856874269691;0;0;0;0;0,198385289123636;0;0;0;0;0;0;0;0;0;0;0;0,224972382721966;0;0;0;0;0;0;0;0;0;0;0,188577746633877;0;0;0;0;0;0;-0,20128580660044;0;0;0;0;0;0;0;0;0;0;0;0;0;0;0;0;0;-0,190965796527488;-0,203670584119992;0;0;0;0;0;0;0,207488640788342;0;0;0;0;0;0;0;0;0;0;0;0;0,220952427725775;0;0;0;0;0,200825184814682;0;0;0;0,194117826069742;0;0;-0,202990016378563;0;0;0;0;0,18840174916133;0;0;0,187860751718251;0;0;0;0;0;-0,212942476226747;0;0;0;0;0;0;0;0;0;0;0;0;0;0;0;0;0;0;0;0;0;0;0;0;0,209340452391847;0
"20";0;0;0;0;0;0;0;0;-0,175926275717997;0;0;0;0;0;0;0;0;0;0;0;0;0;0;0;0;-0,185712605930024;0;0,177074419124127;0;0;0;0;0;0;0;0;0;0;0;0;0;0;0;0;0;0;0;0;0;0;0;0;0;0;0;0;0;0,173889848381469;0;0;0;0;0;0;0;0;0;0;0;0;0;0;0,185000689930243;0;0;0;0;0;0;0;0;0;0;0,176242086038516;0;0;-0,21109401554485;0;0;0;0;0;0;0;0;0;0;0;0;0;0;0;0;0;0;0;-0,182290725902846;0;0;0,178177622410312;0;0;0;0;0;0;0;0;0;0;0;0,192968074765734;0,195419103380947;0;0;0;0,195456465242995;0;0;0;0;0;0;0;0;0;0;0;0;0;0;0;0;0;0;0;0;0;0;0;0,182961163770448;0;-0,167416680242076
"21";0;0;0;0;0;0;0;0;0;0;0;0;0;0;0;0;0;0;0;0;0;0;0;0,167634451385104;0;0;-0,181307991779808;0;0;0;0;0;0;0;0;0;0;0;0;0;0;0,177493474802463;0;0;0;0;0;0;0;0;0;0;0;0;0;0;0;0;0;0;0;0;0,183810274164994;0;0;0,186246146141539;0;0;0,189020793101424;0;0;0,166002204276878;0;0;0;-0,176356543287067;0;0;0,181173953390369;0;0;0;0;0;0;0;0;0;0;0;0;0;0;0;0;0;-0,167592197443233;0;0;0;0;0;0;0;0;0;0,180166769159332;0;0;0;0;0;0;0;0;0;0;0;0;0;0;0;0;0;0;0;0;0;0;0;0;0,193975093310291;0;0;-0,18003002393341;0;-0,171940005816708;0;0;0;0;0;0;0;0;0;0;0;0;0;0;0;0
"22";0;0;0;-0,168288119311628;0;0;0;0;0;0;0;0;0;0;0;0;0;0;0;0;0;0,639100740198046;0,186345400119118;0;0;0;0;0;0;0;-0,203556090295494;0;0;0,194154779916532;0;0;0;0;0;0;0;0;0;-0,215427376344153;0;0;0;0;0;0;0;0;0;0;0;0;0;0;0;-0,2020019585568;0;0;0;0;0;0;0,172230179048901;-0,185717913879898;0;0;0;0;0;0;0;0;0;0;0;0;0;0;0;0;0;0;0;0,198685425141664;0;0;0;0;0;0;0;0;0;0;0;0;0;-0,188792332522993;0;0;0;0;0;0;0;0;0;0;0;0;0;0;0,238014031241271;0;0;0;0;0;0;0;0;0;0;0;0;-0,19270785667241;0;-0,204748060699997;0;0;0;0;0;0;0,188943301464268;0,199657825936999;0;0;0;0;0;0;0;0;0;0;0;0;0
"23";0;0;0;0;0;0;0,183305898598056;0;0;0;0;0;0;0;0;0,190772492262181;0;0;0;0,195133648030441;0;-0,177861679022002;0;0;0;0;0;0;0,175597682574972;0;0;0;0;0;0;0;0;0;0;0;0;0;0;0;0;0,175791656760106;0;0;0;0;0;0;0;0;0;0;0;0;0;0;0;0;0;0;0;0;0;0;0;-0,202352784541163;-0,186441257457997;0;0;0;0,177289680316148;0;0;0;0;0,168535133040296;0;0;0;0;0;0;0;0;-0,174272205923666;0;0;0;0;0;0;0;0;0;0;0;0;0;0;0;0;0;0,175271657399112;0,162794427824126;0;0;0;0;0;0;0;0;0;0;0;0;0;0;0;0,172310932095285;0;0;0;0;0;0;0;0;0;0;0;0;0;0,188114455514427;0;0;0;0;0;0;0;0;0;0;0;0;0;0,184751519047534;0
"24";0;0;0,178900286845108;0;0;0;0;0;0;0;0;0;0;0;0;0;0;0;0;0;0;0;0;0;0;0;0,167483635188453;0;0;0;0;0;-0,161573966473136;0;0;0;0;0;0;0;0;0;0;0;0;0;0;0;0;0;0;0;0;0;0;0;0;0;0;0;0;0;0;0;0;0;0;0;0;0;0;0;0;0;0;0,162909724326213;0,154748547461747;0;0;0;0;0;0;0;0;0;0;0;0;0;0;0;0;0;0;0;0;0;0;0;0;-0,165221269839219;-0,155597285017451;0;0;0;0;0;0;0;0;0;0;0;0;0;0,208297550836419;0;0;0;0;0;0;0;0;0;0;0;0;0;0,15463072853549;0,179184896621004;0;0;0;0;0;0;0;0;0;0;0;0;0;0;0;0;0;0;0;0;0
"25";0;0;0;0;0;0;0;0;0;0;0;0,17077875167621;0;0;0,17286459684239;0;0;0;0;0;0;0;0;-0,174666913609853;0;0;0;0;0;0;0,182342591132177;0;0;0;0;0;0;0;0,181808269343652;0;0;0;0;0;0;0;0;0,165413170796237;0;0;0;0;0;0;0;0;0;0;0;0;0;0;0;0;0,184333533941635;0;0;0;0;0;0;0;0;0;0;0;0;0;0;0;0;0;0;0;0;0;0;0;0;0;0;0;0;0;0;0;0;0;0;0;0;0;0,159266498624334;0;0;0;0;0;0;0;0,183820334379706;0;0,174120691808728;0;0;0;0;0;0;0;0;0;-0,182622793321004;0;0;0,163770532741292;0;0;0;0;0;0;0;0;0;0;0;0;0;0,178850582501954;0;0;0;0;0;0;0;0;0;0;0;0,179567966170527;0
"26";0;0;0;0;0,149363194463441;0;0;0;0;0;0;0;0;0;0;0;0;0;0;0;0;0;0;0;0;0;0;0;0;0;0;0;0;-0,186044961696437;0;0;0,182262316758367;0;0;0;0;0,179525458929366;0;0;0;0;0;0;0,20173165299999;0;0;0;0,174566096233579;0;0;0;0;0;0;0;0;0;0;0,181689202363846;-0,197183310849397;0;0;0;0;0;0;0;0;0,175791862917607;0;0;0;0;0;0;0;0;0;0;0;0;0;0;0;0;0;0;0;0;0;0;0;0;0;0;0;0;0;0;0;0;0;0;0;0;0;-0,182279160766736;0;0;0;0;0;0;0,176061853759172;0;0;0;0;0;0,172266339123489;0;0,195390664839898;0,177479213717249;0;0;0;0;0;0;0;0;0;0;0;0;0;0;0;0,187329646817621;0;0;0;0;0;0;0;0;0
"27";0,171770186004829;0;0;0;0;0;0;0;0;0;0;0;0;0,192204960397502;0;0,183397260554307;0;0;0;0;0;0;0;-0,185682001194477;0;0;0,128033678978682;0;0;0;0;0;0;0;0;0;0;0;0;0;0;0;-0,179605785222818;0;0;0,180538719352699;0;0;0;0;0;0;0;0;0;0;0;0;0;0;0;0;0;0;0;0;0;0;0;0;0;0;0;0;0,182077195406412;0;0;0;-0,181010956068775;0;0;0;0;0;0;0;0;0;0;0;0;0;0;0,194756976454766;0;0;0;0;0;0;0;0;0;0;0,203359131059691;0;0;0;0;0;0;0;0;0;0;0;0;0;0;0;0;0;0;0;0;0;0;0;0;0,182404141469484;0,16724358642611;-0,193800579148217;0;0;0;0;0;-0,193194281891608;0;0;0;0;0,171338009502303;0;0;0;0;0;0;0;0;0;0
"28";0;0;0;0,181679779784191;0;0;0;0;-0,173114749126285;-0,170524073756985;0;0;0;0;0;0;0;0;0;0;0;0;0;0;0;0;0;0,773298868443817;-0,174076390473287;0;0;0;0;0;0;0;0;0;0;0;0;0;0;0;0;0;0;0;0;0,166420696142931;0;0;0;0,17573685186705;0;0;0;0;0;-0,184560963343188;0;0;0;0;0;0;0;0;0,182292028085009;0;0;0;0;0;0;0;0;0;-0,174724520291204;0;0;0;0;0,167987836341988;0;0;0;0;0;0;0;0;0;0;0;0;0;0;0;0;0;0;0;0;0;0;0;0;0;0;0;0;0;0;0;0;0;0;0;0;0;0;0;0;0;0;0;0;0;0;0;0;0;0;0;-0,173937815377462;0;-0,186484724237849;0;0;0,170277710710952;0;0;0;0;0;0;0;0;0;0;0;0
"29";0;0;0,163979655878476;0;0;0;0;0;0;0;0;0;0;0;0;0;0;0;0;0;0;0;0;0,168843485559767;0;0;0;0;0;0;-0,191815723420389;-0,179011632140672;0;0;0;0;0;0;0;0;0;0;0;0;0,169200888203747;-0,179736047542542;0;0;0;0;0;0;0;0;0;0;0;0;0;0,190351228286319;0;0,181628894589258;0;0;-0,193910100454923;0;0;0;0;0;0;0;0;0;0;0;0;0;0;0;0;0;0;0;0;0;0;0;0;0;0;-0,17658034700847;0;0;0;0;0;0;0;0;0;0;0;0;0;-0,181213255617072;0;0,166447188440733;0;0;0;0;0;0;0;0;0;0;0;0;0;0;0;0;0;0;0;0;0;0;0;0;0;0;0;0,179394798351657;0;0;-0,178045746522217;0;0;0;0;0,184220005618702;0;0;0;0;0;0;0;0;0
"30";0;0;0;0;0;0;0;0;0;0;0;0;0;0,183959094717498;0;0;0;0;0;0;0;0;0;0;0;0;0;0;0;-0,95442452467978;0;0;0;0,185072577426828;0;0;0;-0,174007687189544;0;0;0;0;0;0;0;0;0;0;-0,200677280528568;0;0;0;0;0;0;0;0;0;0;0;0;0;0;0;-0,196152710783955;0;0;0;0;0;0;0;0;0;0;0;-0,168553961453708;0;0;0;0;0;0;0;0;0;0;0;0;0;0;0;0;0;0;0;0;0,179063635311853;0;0;0;0;0;0;0;0;0;0;0,194881260456004;0;0;0;0;0;0,216000967117742;0;0;0;0;0;0;0,191894882939025;0;0;0,171365970326509;0;0;0;0;0;0;0;0;0;0;0;0;0;0;0;0,177650944526582;0,170120349298247;0;0,186350548001207;0;0;0;0;0;0;0;0;0
"31";0;0;0;0;-0,166167159122383;0;0;0;0;0;0;0;0;0;0;0;0;0;0;0;0;0;0;0,177278045534009;0;-0,153356763058101;0;0;0;0;-0,64630699926056;0;0;0,195468457686002;0;0;0;0;0;0;-0,212708781403991;0;0;0;0;0;0;0;-0,211949706774085;0;0;0;0;0;0;0,174979117540377;0;0;0;0;0;0;0;0;0;0;0;0;0;0;0,203660800930239;0;0;0;0;0;0;0;0;-0,184100883290834;0;0,177202130726474;0;0;0;0;0;0;0;0;-0,188361061398724;0;0;0;0;0;0;0;0,210164407788309;0;0;0;0;0;0;-0,193605842426897;0;0;0;0;0;0;0;0;0;0;0;0;0,184979688231475;0;0,181107459848349;0;0;0;0;0;0;0;0;0;0;-0,206133414054671;0;0;0,191314270468606;0;0;0,205488534023942;0;0;0;0;0;0;0;0;0;0;0;0,183477865986137;0;0;0
"32";0;-0,172581325219356;0;0;0;0;0;-0,161621742018427;0;0;0;0;0;0;0;0;0,172665429543995;0;0;0;0;0;0,187142856102307;-0,178478501607303;0;0;0;0,177430681028847;0;0;0;0,751693318597972;0,173466425982188;0;0;0;0;0;0;0;-0,198510035834396;0;0;0;0;0;0;0;0;0;0;0;0;0;0;0;0;0;0;0;0;0;-0,182292691762269;0;0;0;0;0;0,187460191384991;0;0;0;0;0;0;0;0,166138630127567;0;0;0;0;0;0;0;0;0;0;0;0;0;0;0;0;0;0;0;0;0;0;0;0;0;0;0;0;0;0;0;0;0;0;0;0;0,183139598029402;0;0;0;0;0;0,174060175754229;0,169018167031338;0;0;0;0;0;0;0;-0,170160422403705;0;0;0;0;0;0;0;0;0;0;0;0;0,167682572070526;0,170076414319953;0;0;0;0;0;0;0,171230343718396;0;0;0
"33";0;0;0;0;0;0;0;0;0;0;0;0;0;0;0;0;0;0;0;0;0;0;0;0;0;0;0,172200433565092;0;-0,156584489778206;0;0;0;0;0;0;0;0;-0,166689686569813;0;0,169665122366506;0;0;0;0;0;0;0;0;0;0;0;0;0;0;0,164890793429581;0;0;0;0;0;0;0;0;0;0;0;0;-0,169585250910064;0;0;0;0;0;0;0;0;0;0;0;0;-0,178087843413538;0;0;0;0;0;0;0;0;0;0;0;0,173710928165085;0;0;0;0;0;-0,190618413513283;0;0;0;0;0;0;0;0;0;0;0;0;0;0;0;-0,206916913207479;0;0;0;0;0;0;0;0;0;0;0;0;0;0;0;0;0;0;0;0;0;0;0;0;0;0;0;0;0;0;0;0;0;0;0;0;0;0
"34";0;0;0;0,182596787459012;0;0;0;0;0;0;0;0;0;0;0;0;0;0;0;0,185940574170065;0;0;0;0;0;0;0;0;0;0;0;0;0;-0,918617520015687;0;0;0;-0,175293992982551;0;0,178423016933574;0;0;0;0;0;0;0;0;0;0;0;0;0;0;0;0;0;0;0;0;0;0;0;0,182075653503947;0,197602717805315;0;0;0;0;0;0;0;0;0;0;0;0;0,174421494017047;0;0;-0,187280507966733;0;0;0;0;0;0;0;0;0;0;0;0;0;0;0;0;0;-0,200457889917189;0;0;0;0;0;0,206310337436185;0;0;0;-0,196321868617182;0;0;0;0;0;0;0;0;0;0;0;-0,172742947445364;0;0;0;0;0;0;0;0;0;0;0;0;0;0;0;0;0;0;0;0;0;0;0;0;0;0;0;0;0;-0,183288595489497;0;0
"35";0;0;0;0,165286372787521;0;0;0;0;0;0;-0,156830550926303;0;0;-0,172454059317862;0;0;0;0;0;0;0;0;0;0;0;0;0;0;0;0;0;0;0;0;0;0;0;0;0,222934478438443;0;0,232072910634621;0;0;0;0;0;0;0;0;0;0;0;0;0,211274072110166;0;0;0;0;0,204382185759422;-0,221882581051296;-0,200579275338722;0;0;0,208270097736172;0;0;0;-0,203995893770244;-0,219154825396994;-0,241164644184494;0;0;0,2119946596326;0;0;0;0;0;0;0;0;0;0;0;0,204977444826238;0;0;0;0;0;0;0;0,208958714620107;0;0;0;0;0;0;0;0;0;0;0;0;-0,21123091896494;0;0;0;0;0,225401685628832;0;0;0;0;0;0,261438888788731;0;-0,201819475307085;0;0;0;0;0;0;0;0;0;0;0,211673772535797;-0,194080466518103;0;0;0;0;0;0;0;0;0;0;0;0;0;0;0;-0,196756182565003;0;0;0;0;0;0,191844917757449
"36";0;0;0;0;0;0;0;0;0;0;0;0,177970707898719;0;0;0;0;0;0;0;0;0;0;0;0;0;0;0;0;0;0;0;0;0;0;0,164626066733143;0;0;0;0;0;-0,189267846173126;0;0;0;0;0,170865783990167;0;0;0;0;0;0;0;0;0;0;0;0;0;0;0;0;0;0;0;0;0;0;0;-0,196682640180142;0;0;0;0;0;-0,166757518950556;0;0;-0,17131271912414;0;0;0;0,165210118671152;0;0;0;0;0;0;0;0;0;0;0;0;0;0;0;0;0;0;0;0;0;0;0;0;0;-0,183145441417324;0;0;0;0;0;0;0;0;0;0;0;0,161149053767931;0;0;0;0;0;0;0;0;0;0;0;-0,170012899450301;0;0;0;0;0;0;0;0;0;0;0;0;0;0;0;0;0;-0,170986915335154;0;0
"37";0;0;0;0,205023888378562;0;0;0;0;0;0;0;0;0;0,213914802604251;0;0;0,199924278206158;0;0;0;0;0;0,216687269284321;-0,20665506525187;0;0;-0,208310176758202;-0,205441824284118;0;0;-0,1988820712992;0;0;0,206478768130162;0;0;0;0;0;0;0;-0,176249452949162;0;0;0;0;0;0;0;0;0;0;0;0;-0,169876648671041;0,163504300929774;0;0;0;0;0;0;0;0;0;0;0;-0,174713053951932;0,187695978216775;0;0;0;0;0;0;0;0;-0,170875176097883;0;0;0;0;0;0;0;0;0;0;0;0;0;0;0;0;0;0;0,166417571974357;0;0;0;0;0;-0,167259952755246;0;0;0;0;0;0;0;0;-0,178952904845712;0;0;0;0;0;0;0;0;0;0;0;0;0;0;0;0;0;0;0;0,192615554570386;0;0;0;0;-0,170734907291646;0;0;0;0;0;0;0;0;0;-0,1685125759373;0,170265203086945;0;0;0;0;0
"38";0;0;0;0;0;0;0,171364642164873;0;0;0;0;0;0;0;0;0;0;0;0;0;0;0;0;0;-0,1712153769574;0;0;0;0;0;0;0;0;0;0;0;0;0;0;0;0;0,169151232319322;0;0;0;0;0;0;0;0;0,174254536437747;0;0;0;0;0;0;0;0;0;0;0;0;0;0;0;0;0;0;0;0,182640797557399;0;0;-0,165633389389758;0;0;0;0;0;0;0;0;0,166508178658432;0;0;0;0;0;0;0;0;0;0;0;0;0;0;0;0;0;0;0;0;0;0;0;0,171698881100889;0;0;0;0;0;0;0;0;0;0;0;0;-0,167260240570924;0;-0,181755831852507;0;0;0;0;0;0;0;0;0;0;0;0;0;0;0,163858777914263;0;0;0;0;0;0;0;0;0;0;0;0;0;0;0;0
"39";0;0;-0,183577783004465;0;0;0,18081286879303;0;0;-0,17869004009987;0;0;0,18481518337935;0;0;0;0;0;0;0;0;0;0;0;0;0;0;0;0,187913190954413;0;0;0;0;0;0;0;0;0;0;0;0,186514415306713;0;0;0,19047551565786;0;0,180242268744454;0;0;0;0;0;0;0;0;0;0;0,174466373071528;0;0;0;0;0;0;0;0;-0,206563906428042;-0,197340049391805;0;0;0;0;0;0;0;0;0;0;0;0;0;0;0;0;0;0;0;0;0;0;0;0;0;0,18810328183481;0;0;0;0;0;0,188567794252722;0;-0,201137835231416;0;0;0,178473820880446;0;0;0;0;0;0,205224971342611;0;0,205988815699717;0;0;0;0;0;0;0;0;0,185963572319067;-0,180576757387335;0;0;0;0;0;0;0;0;0;0;0;0;0;0;0;0;0;0;0;0;0;0;0;0;-0,191635481921494;0;0,18168055686575;0;0;0;0;-0,175322146755994
"40";0;0;0;0;0;0,169765617878054;0;0;0;0,165261761098562;0;0;0;0;0;0;0;0;0;0;0;0;0;0;0;0;0;0;0;0;0;0;0;0;0;-0,175369807375573;0;0;0;0;0,194159932275775;0;0;0;0;0;-0,166744406903087;0;-0,193467051249603;0;0;-0,1626451168473;0;0,176758930718636;0;0;0;0;0;0;0;0;0;0;0;0;0;0;0;0;0;0;0;0;0;0;0;0;0;0;0;0;0;0;0;-0,198912525507412;0;0;0;0;0;0;0;0,189086508062606;0;0;0;0;0;0;0;0;0;0;0;0;0;0;0;0;0;0;0;0;-0,208240165828752;0;0;0;0;0;0;0;-0,187350023411546;0;0;0;0;0;0;0;0;0;0;0;0;0;0;0,187569312306671;0;0;0;0;0;0,179655070696499;-0,172737188212327;0;0;0;0;0;0;0;0
"41";0;0;0;0;0;0;0;0;0;0;0;0;0,14959038309518;0;0;0;-0,160238853038064;0;0;0;0;0;0;0;0;0;0;0;0;0;0;0;0,153607626291318;0;0;0;-0,185818532054143;0;0;0;0,102431784616783;0;0;-0,225113847670704;0;0;0;-0,192960041698283;0;0;0,201681686792333;0;0;0;0;0;0;0;0;0;0;0;0;0;0;0;0;0;0;0;0;0;0;0;0;0;0;0;0;0;0;0;0;0;0;-0,226183363832969;0,230123612990452;0;0;0;0;0;0;-0,215010202801113;0,187830225607216;0;0,184854037929896;0;0;0;-0,221091364885456;0;0;0;0;0;0;0;0;0;0;0,198778089762729;0;0,203684474964566;-0,236789820410418;0;0;0;0;0;0;0;0;-0,195366895420564;0;0;0;0;0;0;0;0,21395434753686;0;0;0;0,198934937486672;0;0;0;0;0;0,186493456469254;0;0;0;0;0;0;0;0;0;0;0
"42";0;0;-0,173611392149657;0;0;0;0;-0,161877478210613;0;0;0;0;0;0;0;0;0;0;0;0;0;0;0;0;0;0;0;0;0;0;0;0;0;0,178608409809523;0;0;0;0;0;0,172227319920304;0;0;0;0,199618877902441;0;0;0;0;0;0;0;0;0;0;0;0;0,172305524058211;0;0;0;0;0;-0,179781222003518;0;0;0;0;0;0;-0,203444862574954;0,187447462548399;0;0;0;0;0;0;0;0;0;0;0;0;0;0;0;-0,204061268906061;0;0;0;0;0;0;0;0;0;0;0;0;0;0;0;0;0;0;0;0;0;0;0;0;0;0;0;0,209972503860319;0;0;0;0;0;0;0;0;0;0;0;0;0;0;0;0;0;0;-0,176480556254679;0;0;0;0;0;0;0;0;0;0;0;0;0;0;0;0;0;0;0
"43";0;0;0,196934632094728;0;0;0;0;0;0,191691264215803;0;0;0;-0,183135173085584;0;0;0;0,196171501663244;0;-0,188105877935486;0,204859392697785;-0,183414170608318;0;0;0;0,192274506528096;0;0;0;0;0;0;0;-0,188053260149934;0;0;0,200371707263445;0;0;0;0;0,18233053432526;0;0;0,202176390478829;0;0;0;0;0;0;0;0;0;0;0;0;0;0;0;0;0;0;0,182084574978465;0;0,193121165815632;0;0;0,174294363663009;0;0;0;0;0,18112851988205;0;0;0;0;0;0;0;-0,183033059639965;0,165184725801687;0;0;0;0;0;0,186464240420961;0;0;0;0;0;0,193102233239946;0;0;0;0;0;0;0;0;0;0;0;0;0;0;0;0;0;0;0;0;0;0;0;0;0;0;0;0;0;0;0;0;0;0;0;0,180854353518643;0;0;0;0;0;0;0;0;0;-0,187376828626953;0;0;0;0;0;0,179164251491398;0;-0,169857171829627;0;0;0,179131682169046;0;0
"44";0;0;0;0;0,154543567035516;0;0;0;0;0;0;0;0;0;0;0;0;0,155347085787192;0;0;0;0,151827472583614;0;0;0;0;0;0;0;0;0;0;0;0;0;0;0;0;0;0;0;0;0;0;0;0;0;0;0;0;0,205641392948572;0;0;-0,204938694291027;0;0;0;0;0;0;0;0;0;0;0,219253088044362;0;0;0;0;-0,233932951614426;0;0;0;0;0;-0,198340222483656;0,18840410822331;0;-0,203758145594841;0;0;0;0;0,195902040300272;0;0;0;0;0;0;0;0;0;0;0;0;0;0;0;-0,213493694322675;0;0;0;0;0;0;0;0;0;0;0;0;0;0;0;0;0;0;0;0;0;-0,21449382726417;0;0;-0,191547279819081;0;0;0;0;0;0;0;0;0;0;0,202840715493517;0;0;0;0,212731463850211;0;0;0,192869624272002;0;-0,200275786144509;0;-0,190856145980529;0;0;0;0;0;0
"45";0;0;0;0;0;0;0;0;0;-0,179731098834651;0;0;0;0;0;0;0;0;0;0;0;0;0;0;0;0;0;0;0;0;0;0;0;0,192847964689768;0;0;0;0;0;0;0;0;0;0;0;0;0;0;0;0;0;0;0;0;0;0;0;0;0;0;0;0;0;0;0;-0,174585494040922;0;0;-0,177186423618884;0;0;0;0;0;0;0;0;0;0;0;0;-0,156310219912498;0;0;0;0;0;0;0;0;0;0;0;0,182727866616238;0;0;0;0;0,18538628550623;0;0;0;0;0;0;0;0;0;0;0;0;0;0;0;0;0;0;0;0;0;0;0;0;0;0;0;0;0;0;0;0;0;0,168542289067903;0;0;0;0;0;0;0,177310057858185;0;0;0;0;0;0;0;0;0;0,161846053790618;0;0;0
"46";0;0;0;0;0;0;0;0;0;0;0;0;0;0;0;0;0;0;0;0;0;-0,160713258991266;0;0;0;0;0;0;0;0;0;0;0;0;0;0;0;0;0;0;0;0;0;0;-0,182869962553188;0,912528928136453;0,171170163755809;0;0;-0,171831447519582;0;0;0;0;0;0;0;0;0;0;0;0;0;0;0;0;0;0;0;0,207121695282784;0;0;0;0;0,181467921118494;0;0;0;0;-0,172507052715722;0;0;0;0;0;0;0,207749241845848;0;0;0;0;0;0;0;0;0,166778240686126;0;0;0;0;0;0;0;0;0;0;0;0;0;0,175354407248809;0;0;0,183369012110719;0;0;0;0;-0,170190846032628;0;0;0;0;0,192322697850055;0;0;0;0;0;0;0;0;0;0;0;0;0;0;0;0;0;0;0;0;0;0;0;0;0;0;0;0;0;0
"47";0;0;0;0;0;0;0;0;0;0;0;0;0;0;0;0;0;0;0;0;0;0;0;0;0;0;0;0;0;0;0;0;0;0;0;0;0;0;0;0,171652714784316;0;0;0;0;0,186681606446978;0;-0,814931929577142;0;0;0;0;0;0;0;0;0;0;0;0;0;0;0;0;0;-0,184668707822332;0,176422553934779;0;0;0;0;0;0;0;0;0;0;0;0;0;-0,164104411169423;0;0;0;0;0;0;0;0;0;0;0;-0,1681648580057;0;0;0,161308459475888;0;0;0;0;0;0;0;0;0;0;0,172576970856977;0;0;0,183471696125757;0;0;-0,170710477153119;0;0;0;0;0;0;0;0;0;0;0;0;0;0;0;0;0;-0,172938784970962;0;0;0;0;0;0;0;0;0;0;0;0;0;0;0;0;0;0;0;0,16354906408956;0;0;0
"48";0;0;0;0;0;-0,167069802894693;0;0;0;0;0;0;0;0;0;0,172506760115856;0;0;0;0;0;0;0;0;0;0;0;0;0;0;0;0;0;0;0;0;0;0;0;0;0;0;0;0;0;0;0;0;0;0;0;0;0;0;0;0;0;0;0;0;0;0;0,177196106261771;0;0;0,17954432662952;0;0;0;0;0;0;0;0;0;0;0;0;-0,174654649978966;0;0;0;0;0;0;0;0;0;0;0;-0,170872862050765;0;0;0;0;0;0;0;0;0;0;0;0;0;0;0;0;0;0;0;-0,187413164849212;0;0;0;0,206953260699023;0;0;0;0;0;0;0;0;-0,170749806600015;0;0;-0,186227815235045;0;0;0;0;-0,186995157928408;0;0;0;0;0;0;0;0;0;0,162994460017107;0;0;0;0;0;0;0;0;0,174322490481306;0;0
"49";0;0,190943175406954;0;0;0;0;0;0;0,186673271874958;0;0;0;0;0;-0,195430194264903;-0,195038024081647;0;0;0;-0,199496692067096;0;0;0;0,197467783930028;0;0;0;0;0;0;0;0;0;0;0;0;0;0;0;0;0;0;0;0;0,206907670362969;0;-0,190990632963645;0;0;0;0;0;0;0,200275255013402;0;0,180969898143561;0,193618656632809;0;-0,193742156642018;0;0;0;0;0;0;0;-0,179332074486552;0;0;0,228609739623331;0;0;0;0;0,200294489383384;0;0;0;0;0;0;0;0;0;0,194306426834829;0;0;0;0;0;0;0;0;0,214242915296384;0;-0,18408081358178;0;0;0;0;0;0;0;0;0;0;0;0;0;0;0,213667392401213;0;0,202392810933618;0;0;0;0;0;0;0;0;0;0;0;0,187188566051919;-0,190362088074041;0;0;0;0;0;0;0;0;0;0;0;0;0;0;0;0;0;0;0,195718452690743;0;0;0;0;0;0;0;0
"50";0;0;0;0;0;0;0;0;0;0;0;0;0;0;0;0;0;0;0;0;0;0,184828000564463;0;0;0;0;0;0;0;0;-0,193164660314863;0;0;0;0;0;0;0;0;0;0;0;0;0;-0,210309278488595;0;0,194130561453817;0;0;0;-0,173873225577602;0,159443126572404;0;0;0;0;0;0;0;0,181979783915226;0;0;0;0;0;0;0;0;0;0;0;0;0;0;0;0;0;0;0;0;0,175698299391381;0;0;0;0;-0,194996539681488;0;0;0;0;0;0;0;0;0;0;0;0;0;0;0;0;0;0;0;0;0;0;0;0;0;0;0;0;0;0;0;0;0;0,166894234913315;0;0;0;0;-0,161956417991625;0;0,183696782247097;0;0;0;0;0;0;-0,17157883353176;0;0;0;0;0;0;0;0;0;0;0;0;0;0,163050414436599;0;0;-0,17195326344939;0;0
"51";0;0;0;0;0;0;0;0;0;0;-0,187626924623034;0;0;0;0;0;0;0;0;0;0;0;0;0,199316443828154;0;0;0;0;0;0;0;0;0;0;0;0;0;0;0;0,192031562416355;0;0;0;0;0;0;0;0;0;0,217178010121088;0,841760274022818;0;0;0;0;0;0;-0,17316807025734;0;0;0;0;0;0;0;0,187659591747267;0;0;0,190455295854558;0;0;0;0;0;0;0,17769493544344;0;0;0;0;0;0;0;0;0;0;0;0;0;0;0;0;0;0;0;0;0;0;0;0;0;0;0;0;0;0;0;0,168611039185985;0;0;0;0;0;0;0;0,183839569573261;0;0,172213129730527;0;0;0;0;0;0;0;0;0;0;0;-0,183953928004674;0;0;0;0,1818049865719;0;0;0,173244880310518;0;0,180360381121397;0;0;0;0;0;0;0;0;0;0;0;0,18220173263169;0;0
"52";0;0;0;0;-0,156629149881241;0;0;0;0;0;0,157302049449804;0;0;0;0;0;0;0;0;0;0;0;0;0;0;0;0;0;0;0;0;0;0;0;0;0;0;0;0;0;0;0;0;0;-0,175090542894318;0;0;0;0;0;0;0;0,159467728993254;0;0;0;0;0;0;0;0;0,16872039064914;0;0,165974751734094;0;0;0;0;0;0;0;0;0;0;0;0;0;0;0;0;0;0;0;0;0,163350768477674;0;0;0;0;0;0;0;-0,166523524782138;0;0;0;0;0;0;0;0;0;0;0;0;0;0;0;0;0;0;0;0;0,170623695848529;0;0;0;0;0;0;0;0;0;0,163656173348061;0;0;0;0;0;0;0;0;0;0;0;0;0;0;0;0;0;0;0;0;-0,164537839396692;0;0;0;0;0;0;0;0
"53";0;0;0;0;0;0;0;0;0;0;0;0;0;0;0;0;0;0;0;0;0;0;0;0;0;0;0,171333518999305;0;0;0;0;0;-0,157631255467839;0;0;0;0;0;0;0,163759833299539;0;0;0,18710653715399;0;0;0;0;0;0;-0,185204110648459;0;0;0;0;0;0;0;0;0;0;0;0;0;0;0;0;0;0;0;0;0;0;0;0;0;0;0;0;0;0;0;0;0;0;0;0;0;0;0;0;0;0;0;0,18539256885479;0;0;0;-0,169257523844015;-0,188089755202085;0;0;0;0;0;0;0;0;0;0;0;0,184894546935031;0;0;0,17562695889576;-0,20417204631521;0;0;0;0;0;0;0;0;0;0;0;0;0;0;0;0;0;0;0;0;0,171531669730745;0;0,183905012595327;0;0;0;0;0;0;0;0;0;0;0;0;0;0;0
"54";0;0;0;0;-0,165904085531507;0;0;0;0;0;0;0;0;0;0;0;0;0;0,164192294999125;0;0;0;0;0;0;0;0;0;0;0;-0,170339912899049;0;0;0;0;-0,174898790136486;0;0;0;0;0;0;0,194839900988099;0,158424431680569;0;0;0;0;-0,189739485302236;0;0,191515794179504;0;0;0;0;0;0;0;0;0;0;0;0;0;-0,195759749535943;0;0;0;0;0;0;0;0;0;0;0;0;0;0;0;0;0;0;0;0;0;0;0;0,179882131810392;0;0,177985901374396;0;0;0;0;0;0;0;0;0;0;-0,17960045179035;0;0;0;0;0;-0,168034877212053;0;0;0;0;0;0;0;0;0;0;0;0;0;0;0;-0,177857723411799;0;0;0;0;0;0;0;0;0;0;0;0;0;0;0;0;0;0;0;0,185977223851785;-0,178815897570531;0;0;0;0;0;0;0;0
"55";0;0;0;0;0;0;0;0;0;0;0;0;0;0;0;-0,169533847255448;0;0;0;0;0;0;0;0;0;0;0,173020600245033;0;0;0;0;0;0;0;0;0;0;0;0;0;0;0;0;0;0;0;0;0;0;0;0;0;0;0;0;0;0;0;0;0;0;0;0;0;0;0;0;0;0;0,196088730292641;0;0;0;0;0;0;0;0;0;0;0;0;0;0;0;0;0;0;0;0;0;0;0,169902388353796;0;0;0;0;0;0,18643918412168;0;0;0;0;0;0;0;0;0;0;0;0;0;0;0;0;0;0;0;0;0;0;0;0,182078046321433;0;0;0;0;0;-0,161748228232596;0;0;0;0;0;0;0,170026403199206;0;0;0;0;0;0;0;0;0;0;0;0;0;0;0;0;0
"56";0;0;0;0;0;0;0;-0,154219257749624;0;0;0;0;0;0;0;0;0;0;0;0;0;0;0;0;0;0;0;0;0;0,16430313162812;0;0;0;0;0;0,168284726222806;0;0;0;-0,164079461429212;0;0;0;0;0;0;0;0;0;0,185565593939578;0;0;0;0;0;0;0;0;0;0;0;0;0;0;0;0;0;0;0;0;0,173892547251628;0;0;0;0;0;0;0;0;0;0;0;0;0;0;0;0;0;0;0;0;0;0;0;0;0;0;0;0;0;0;0;0,152834898363545;0;0;0;0;0;0;0;0;0;0;0;0;0;0;0;0;0;0;0;0;0;0;0;0;0;0;0;0;0;0;0;0;0;0;0;0;0;0;0;0;-0,168050113106721;0;-0,164105801387757;0;0;0;0;0;0;0,150135982678828
"57";0;0;0;0;0;0;0;0;0;0;0;0;0;0;0;0;0;0;0;0;0;0;0;0;0;0;0;0;0;0;0,16107887468189;0;0;0;0;0;0;0;0;0;0;0;0;0;-0,175375670989113;0;0;0;0;0;0;0;0;0;0;0;0;0;0;0;0;0,177266968725296;0;0;0;0;0;0;0;0;0;0;0;0;0;0;0,162625243380051;0;0;0,168178414824037;0;0;0;0;0,171625346856868;0;-0,20253628836907;0;0,173903344729449;0;0;0;0;0;0;0;0;0,17276524990547;0;0;0;0;0;0;0;0;0;0;0;0;0;0;0;0;-0,208403347775939;0;0;0;0;0;0;0;0;0;0;0;0,187532682562683;0;0;0;0,162501427474367;0;0;0;0;0;0;0;0;0;0;0;0;0;0;0;0;0;0;0;0;0,184360477541012;0
"58";0;0;0;0;0;0,165495909919805;0;0;0;0;0;0;0;0;0;0;0;0;0;0;0;0;0;0;0;0;0;0;0;0;0;0;0;0;0;0;0;0;0;0;0;0;0;0;0;0;0;0;0;0,18851465040292;0;0;0;0;0;0;0;-0,706091213738546;0;0;0;0;0;0;0;0;0;0;0,179013621965533;0;0;0;0;0;0;0;0;0;0;0;0;0;-0,16547001053626;0;0;0;0;0;0;0;0;0;0;0;0;0;0;0;0;0;0;0;0;0;0;0;0;0,158481667273278;0;0;0;0;0;0;0;0;-0,213552780870491;0;0;0;0,161402557176082;0;0;0;0;0;0;0;0;0,172902826246696;0;0;0;0;0;0;0;0;0;0,179138531157357;0;0;0;0,175403945894467;0;0;0;0;0;0;-0,17125589467306;0;0
"59";0;0;0;0;0;0;0;0;0;0;0;0;0;0;0;0;0;0;0;0;0;0;0;0;0,159232908313045;-0,145269865524928;0;0,166943826853993;0;0;0;0;0;-0,167786456510804;0;0;0;0;0;0;0;0;0;0;0;0;0;0;0;0,182978589718129;0;0;0;0;0;0;0,152584770292;0;0;0;0;0;0;0;0;0;0;0;0;0;0;-0,161252921390283;0;0;0;0;0;0;0;0;0;0;0;0;0;0;-0,20266547650576;0;0;0,185439679784673;0;0;0,175070417808667;0;0;0;0;0,172875448531601;0;0;0;0;0;0;0;0;0;0;0;0;0;0;0;0,179381031955342;0,208536278227049;0;0;0;0;0,170487946272052;0;0;0;0;0;0;0;0;0;0;0;0;0;0;0;0;0;0;0;0;0;0;-0,166585943401928;0;0;0;0;0;0;0;0;0;0
"60";0,163099943473178;0;0;0;0;0;0;0;0;0;0;0;0;0;0;0;0;0,166118595744005;0;0,178121063382656;0;0;0,184868609508039;0;0;0;0;0;0;0;0;0;0,163508473931173;0;0;0;0;0,172825552031629;0;0;0;0;0;0;0;0,167044620755803;0,170526409671842;0;0;0;0;0;0;0;0;0;0;0;0;-0,972576326457784;0;0;0;0;-0,205589252193432;0;0;0;0;0;0;0;0,192822349617567;0;0;0;0;0;0;0;0;0;0;0;0;0;-0,220018877134529;0;-0,188914386381909;0;0;0;0;0;0;0;0;0;0;0;0;0;0;0;0;0;0;0;0;0;0;0;0;0,194740682579581;0;-0,192410792604056;0;0;0;0;0;0;0;0;0;0;0;0;0,180939333511082;0;0;0;0;0;0;0;0;0;0,188769392609506;0;0;0;0;0;-0,187794614311523;0;0;0;0;0,182077029614881;0;0;0,174494904108857
"61";0;0,176787632280452;0;0;0;0;0;0;0;0;0;0;0;0;0,180942006681128;0;0;0;0;0;0;0;0;0;0;0;0;0;0;0;0;0;0;0;-0,165354970318925;0;0;-0,179215724024647;0;0;0;0;0;0;0;0;0;0;0,195990431078209;0;0,197825260249528;0;0;0;0;0;0;0;0;0;0;0;0;0;0;0;-0,155550775497746;0;0;0;0;0;0;0;0;-0,168123465252147;0;0,16404777494593;0;0;0;0;0;0;0;0;0;0;0;0;0,168976168072201;0;0,171812907308096;0;-0,162340578381076;0;0;0;0;0;0;0;0;0;0;0;0;0;0;0;0;0;0;0;0;0;0;0;-0,16594278380275;0;0;0;0;0;0;0;0;0;0;0;0;0;0;0;0;0;0;0,184340992794888;-0,170645337711264;0;0;0;0,16348630231652;0;0,169764149455301;0;0;0;0;0;0;0;0
"62";0;-0,16744620485725;0;0;0;0;0;0;0;0;0,163011953016102;0;0;0;0;0;0;0;0;0;0;0;0;0;0;0;0;0;0;0;0;0;0;0;0;0;0;0;0;0;0;0;0;0;0;0;0;0;0;-0,188686200837741;0;0;0;0;0;0;0;0;0;0;0;0;0;0;-0,196168676984624;0;0;0;0;0,209302947705918;0;0;0;0;0;0;0;0,173155683783239;0;0;0;0;0;0,175276181544669;0;0;-0,209937103124995;0;-0,180257892105339;0;0;-0,178637074463224;0;0;0;0;0;0;0;0;0;0;0;0;0;0;0,181291671503899;0;0;0;0;0;0;0;0;0;0;0;0;0;0;0;0;0;0;0;0;0;0;0;0,168439340981104;0;0;0;0,181154072485539;0;0;0;0;0;0;-0,1701341965483;0;0,186365716337307;0;0;0;0;0;0;0;0;0
"63";0;0;0;0;0,158201030166937;0;0;0;0;0;0;0;0;0;0;0;0;-0,15902356517575;0;0;0;0;0;0;0;0;0;0;0;0;0;0;0;0;0;0;0;0;0;0;0;0;0;0,151068662445434;0;0;0;0;0;0;0,182623567318254;0;0;0;0,15727042972878;0;0;0;0;0;0;0;0;0;0;0,188646708190462;0;0;0;0;0;0;0,185201884161377;0;0;0;0;0;0;0;0,187149254745842;0;0;0,176433755004764;0;0;-0,211323587111153;0;0;0,193361883831887;0;0;0;0;0;0;0;0;-0,200317401491616;0;0;0;0;0;0;0;0;0;0;0;0,196914473902109;0,182538846934868;0,186523893228062;0;0;0;0;0;0;0;0;0;0;0;0;0;0;0;0;0;0;0;0;0,182761306949821;0;0;0;0;0;0;0;0;0;0;0;0;0;0;-0,169653928493337;0;0;0;0
"64";0;0;0;-0,17430613045653;0;0;0;-0,159099246466316;0;0;0;0;0;0;0,173880012159789;0;0;0;0;0;0;0;0;0,175692915826396;0;0;0;0;0;0;0;0;0;0;0;0;0;0;0;0;-0,157978221687346;0,170498841814949;0,193403936629113;0;0;0;0;0;0;0;0;0;0;0;0;0;-0,159638589683497;0;0;0;0;0;0;0;0;0,184359241612063;0;0;0;0;-0,189706686498126;0;0;0;0;-0,174569832704191;0;0;0;0;0;0;0;0;-0,175001687542762;0;0;0;0;0;0;0;0;-0,192957445266693;0;0;0;0;0;0;-0,198414886284656;0;0;0,16521535478966;0;0;0;0;0;0;-0,19243910174345;0;0;0;0,212503212481584;0;0;0;0;0;0;0;0;0;0;0;0;0;0;0;0;0;0;0;0;0;0;0;0;0;0;0;0,169754866770194;0;0;0,179029914210998;0;0;0;0;0;0;0
"65";-0,156630118075665;0;0;0;0;0;0,160687102840398;0;0;0;0;0;0;0;0;0;0;0;0;0;0;0;0;0;0;0;0;0;0;0;0;0;0;0;0,15313362387206;0;0;0;0;-0,163127350692879;0;0;0;0;0;0;0;0;0;0;-0,183204042412608;0;0;0;0;0;0;0;0;0;0;0;0;0;0;0,20008104594984;0;0;0;0;0,205884510732007;0;0;0;0,195778550238256;0;0;0;0;0;0;0;0;0;0;-0,220294759730561;0;0;0;0;0;0;0,193614413869275;0;0;0;0;0;0;0;0;0;0;0;0;0;0;0;0;0;0;0;0;0;0;0;0;0;0;0;0;0;0;0,19028058720429;0;0;0;0;0;0;0;0;0;0;0;0;0,18471220434427;0;0;0;0;0;0;0;0;0;0;0;0;0,185481204513421;0;0;0
"66";0;0;0;0;0;0;0;0;0;0;0;0;0;0;0,188492618877978;0;0;0,179449129377196;0;0;0,172272275004155;0,175383449471287;0;0;0;0;0;0;0;0;0;0;0;-0,190295396834494;0;0;0;0;0;0;0;0;0;0;0;0;0,184210657538836;0;0;0;0;0;0;0;0,177470814846947;0;0;0;0;0;0;0;0;0;0;0;0;0;0;-0,213477265285666;0;0;0;0;0;0;0;0;0;0;0;0;0;0;0;0;0;0;0;0;0;0;0;0;0;0;0;0;0;0;0;0;0;0;0;0,186980139965778;0;0;0;0;0;0;0;0;0;0;0;0;0;0;0;0;-0,19822415770273;0;0;0;0;0,180087384484704;0;0;0;0;0;0,185183277908833;0;0;0;0;0;0;0;0;0;0;0;0;0;0;0;0;0;0,194908358355787;0
"67";0;0;0,213947351594995;0;0;-0,210725033168208;0;0;0;0;0;0;0;0;0;0;0;0;0;-0,222556713620425;0;0;0;0;0;0;0;0;0;-0,212531035409786;0;0;0;0;0;0;-0,247139368438288;0;0;0;0;0;0,242500317928627;0;0;0;0;0;0;0;0;0;0;0;0;0;-0,200163499392278;0;0;0;0;0;0;0;0;0;-0,643993135076016;0;0;-0,187025042154462;0;0;0;0;0;0;0;0;0;0;0;0;0;0;0;0;-0,187591698980299;0;0;0;0;0;0;0;0;0;0;0;0;0;0;0;0;0;0;0,163811207307493;0;0;0;0;0;0;0;0;0;0;0;0;0;0;0;0;0;0;0;0;0;0;0;0;0;0;0;0;0;0;0;0;0;0;0;0;0;0;0;0;0;0;0;0;0;0;0
"68";0;0;0;0;0;0;0;0;0;0;0;-0,188299004524163;0;0;0;0;0;0;0,178653186918159;-0,194564804551882;0;0;0;0;0;0;0;0;0;0,185800098739053;-0,185342243367382;0;0;0;0;0,190302634153326;0,216055593808238;0;0;0;0;0;0;0;0;0;0;0;0;0;0;0;0;0;0;0;0;0;0;0;0,19114522412204;0;0;0;0;0;0;0;0;0;0;0;0;0;0;0;0;0;0;0;0;0;0;0;-0,17141023147168;0;0;0;0;0,185089190026916;0;0;0;0;0;0;0;0;0;0;0;0;0;0;0;0;0;0;0,187790833191235;0,170740047714405;0;0;0;-0,179041993328285;0;0;0;0;0;0;0;0;0;0;0;0,167930675849137;0,187297628906662;0;0;0;0;0;0;0,174942142687299;0;0;0;0;0;0;0;0;0;0;0;0;0;0,166246548484145;0;0;0;0;0
"69";0;0;0;0;0;0;0;0;0;0,168099777241303;0;0;0;0;0;0;0;0;0;0;0,163284918613648;0;0,189285333338985;0;0;0;0;0;0;0;0;0;0;0;0;0;0;0;-0,185241677870984;0;0;-0,175184954589726;0;0;0;0;0;0;0,193517613384926;0;0,195329292456448;0;0;0;0;0;0;0;0;0;0;0;0;0;0;0,186647932696097;0,215886507271669;0;-0,0431947915349156;0;0;0;0;0;0;0;0;0;0;0;0;-0,17368737335626;0;0;0;0;0;0;0;0,198843164798725;0;0;0;0;0;0,174456724003147;0,174564339696837;0;0;0;0;-0,186299744498754;0;0;0;0;0;0;0,201745567023684;0;0;0;0;0;0;0;0;0;0;0;0;0;0;0;0;0;0,201215712736555;0;0;0,190163572753147;0;0;0;0;0;0;0,179093024858933;0;0;0,197021782940837;0;0;0;0;0;0;0;0;0;0;0;0;0
"70";0;0;0;0;0;0;0;0;0;0;0;0;0;0,172410886869927;0;0;0;0;0;0;0;0;0;0,166559689383223;0;0;0;0;0;0;0;0;0;0;0;0;0,186857520454398;0;0;0;0;0;0;0;0;0;0;0;0;0;0;0;0;0;0;0,153988845634475;0;0;0;0;0;0;0;0;0;0;0;0;0;0,391430312069133;0;0;0;0;0;0;0;0;-0,2076634653228;0;0;0;-0,200265957630277;0;0;0,235044367350183;0;0;0;0;0;0;0;0;0;0;0;0;0;0;0,229752883260089;0;0;0;0;0;0;0;0;0;0,222833272772226;0;0;-0,211664057629168;0;0;0;0;0;0,201170492172159;0;0;0,221381572696225;0;0;0;0;0;0,196663342288646;0;0;-0,222336264729706;0;0;-0,20635228150928;0;0;0;0,205173849997129;0;0;0;0;0;0;0;0;0;0;0;0;0;0
"71";0;0,167824587654575;0;-0,172189280678876;0;0;0;0;0;0;0;0;0;0;0;0;0;0;0;0;0;0;0;0;0;0;0;0;0;0;0;0,168162144257392;0;0;0,156971555942245;-0,171501398050599;0;0;0;0;0;0;0;0;0;0;0,167866299252099;0;0;0;0;0;0;0;0;0;0;0;0;0;0;0;0;0;0;0,179449090826902;0,207559960038637;0;0;0,156932259411023;0;0;0;0;0,192461394500598;0;0;0;0;0;0,195129683339485;0;0;0;0;0;0;0;0;0;0,187191393064868;0;0;-0,205864326905622;0;0;0;0;0;0;0;0;0;0;0,214957078292077;0;0;0;0;0;0;0;0;0,195020360863956;0;0,192687124799557;0;0;-0,183831017258163;0;0;0;0;0;-0,179868016178723;0;0;0;0;0;0;0;0,189882613618898;0;0;0;0;0;0;0;0;0;0;0;0;0;0;0;0;0,182338520899559;0;0;0
"72";0;0;0;0;0;0;0;0;0;0,152862108554798;0;0;0;0;0;0;0;0;0;0;0;0;0;0;0;0;0;0;0;0;0;0;0;0;0;0;0;0;0;0;0;0;0;0;0;0;0;0;0;0;0;0;0;0;0;0;0;0;0;0;0;0;0;0;0;0;0;0;0;0;0;0;0;0;0;0,161323481616339;0;0;-0,165730243938582;0;0;0;0;0;0;0;0;0;0;0;0;0;0;0;0;0;0;0;0;0;0;0;0;0;0;0;0;0;0,177177379692033;0;0;0;0;0;0;0;0;0;0;0;0;0;0;0;0;0;0;0;0;0;0;0;0;0;0;0;0;0,176885069063279;0;0;0;0;0;0;0;0;-0,155236177371902;0;0;0;0;0;0
"73";0;0;0;0;0;0;0;0;0;0;0;0;0;0;0,173061607959555;0;0;0;0;0;0;0;0;0;0;0;0;0,173839366802095;0;0;0;0;0;0;0;0;0;0;0;0;0;0;0;0;0;0,165676909731737;0;0;0,187454642342146;0;0;0,158628894898721;0;0;0;0;0;0;0;0;0;0;0;0;0;0,180800191028882;-0,209122711360691;0;0;0;0;0;-0,469927311409265;-0,175117977377013;0;0;0;0;0;0;0;0;0;-0,175507370160403;0;0;0;0;0;0;0;0;0;0;0;0;0;0;0;0,191267619157868;0;0;0;0;0;0;0;0,168607989826599;0;0;-0,195880552789602;0;0;0;0;0,183836244803306;0,227197919632972;0;0,175386933227985;0;0;0;0;0;0;0;0;0;0;0;-0,16866151183018;0;0;0;0;0;0;0;0;0;0;0;0;0;0;-0,182231564395249;0;0;0;0;0;0;0
"74";0;0;0;0,166367646624794;0;0;0;0;0;0;0;0;0;0;0;0;0;0;-0,155559448293198;0;0;0;0;0;0;0;0;0;0;0;0;0;0;0;0;0;0;0;0;0;0;0;-0,1845956748663;0;0;0;0,16219082305285;0;0;0;0;0;0;0;0;0;0;0;0;0;0;0;0;0,15994082699572;0;0;0;0;0;0;0;0;0,159188030610578;0,297124108066782;0;0;0;0;0;0;0;0;0;0;0;0;0;-0,180276638140274;0;0;0;0;0,172610138024186;0;0;0;0;0;0,18941048219609;0;0;0;0;0;0;0,174487090159416;0;0,160269101050814;0,185502400607826;0;0;0;0;0;0;0;0;0;0;0;0;0;0;0;0;0;0;0;0;0;0;0;0;0;0;0;0;0;0;0;0,169101311243666;0;0;0;0;0;0;0;0;0;0,173187402436749;0;0
"75";0;0;0,170443661135942;0;0,164499822100209;0;0;0;0;0;0;0;0;0;0;0;0;0;0;0;0;0;0;0;0;0;0;0;-0,160862245361723;0;0;0;0;0;0;0;0;0;0;0;0;0;0;0;0;0;0;0;0;0;-0,189894745334199;0;0;0;0;0;0;0;0;-0,167975386894916;0;0;0;0;0;0,181454922611686;0;0;0;0;0;0;0;0;0;0;0;0,172811323691872;0;0;0;0;0;0;0;0;0;0;0;-0,191711223915601;0;0;0;0;0;0;0;0,178722072112265;-0,198607364856555;0;0;0;0;0;0;0;0;0;0;0;0;0;0,184931606744916;0,185447673460902;0;0;0;0;0;0;0;0,191528844183657;0;0;0;0;0;0;0;0;0;0;0;0;0;0;0;0;0;0;0;0;0;0;0;0;0;0;0;0;0;0;0
"76";0;0;0;0;0;0;-0,171918282704392;0;0;0;0;0;0;0;0;0;0,175249917983698;0;0;0;0;0;0;0;0;0;0;0;0;0;0;0;0,167997482500885;0;0;0;0;0,177570354337482;0;0;0;-0,175794597372054;0;0;0;0;0;0;0;0;-0,196009037435702;0;0;0;0;0;0;0;0;0;0;0;0;0;0;0;0,216637791257604;0;0;0;0;0;0;0;0;0;0;0;0;0;0;-0,162050451038391;0;0;0;0;0;0;0;0;0;0;0;0;0;0;0;0;0;0;0;0;0;0,162202117940662;0;0;0;0;0;0;0;0,175136673982346;0;0;0;0;0;0,166098809075375;0;0;0;-0,185344332880759;0;0;0;0;0;0;0;0;0;0;0;0;0;0;0;0;0;0;0;0;0;0;-0,173058509182209;0;0;0;0;0;0;0,184558795172391;0
"77";0;0;0;0;0;0;0;0;0;0;0;0;0;0;0;0;0;0;0;0;0,170507383851641;0,17358668502813;0;0;0;0;0;0;0;0;0;0,18264478439719;0;0;0;0;0;0;0;0;0;0;0;0,168726017501189;-0,197518181076468;0,178600800552088;0;-0,178732877092549;0;0;0;0;0;0,181129089847363;0,175652665809644;0;0;0;0;0;0;0;0;0;0;0;0;0;0;0;0;0;0;0;0;0;0;0;0;0;0;0;0;0;0,163202919098074;0;0;0;0;0;0;0;0;0;0;0,154614165963912;0;0;0;0;0;0;0;0;0;0;0,166317517657709;0;0;0;0;0;0;0;0;0;0;0;0;0;0;0;0;0;0;-0,159889968465621;0;0;0;0;-0,154526751480004;0;0;0;0;0;0;0;0;0;0;0;0;0;0;0;0;0;0;0;0;0;0
"78";0;0;0;0;0,184955795849017;0;0;0;0;0;0;0;0;0;0;0;0;0;0;0;0;0;0;-0,197322997946616;0;0;0;0;0;0;0;0;0;0,197154661997325;0;0;0;-0,193423761704852;0;0;0,177427394650472;0;0;0;0;0,186953830260207;0;0;0;0;0;0;0;0;0;0;0;-0,185329569625449;0;0;0;0;0,180797073772863;0;0;0;0,235979123141453;0,206299020260729;0;0;0;0;0;0;0;0;0;0,959446483757347;0;0;0;0;0;0;0;0;0;0;0;0;0;0;0;0;0;0;0;0;0;0;0;0;0,159724790254842;0;0;0;0;0;0;0;0,184349280024214;-0,17089096774888;0;0;0,203569928714584;0;0;0;0;0;0;0;0;0;0;0;0;0;0;0;0;0;0;0;0;0;0;0;0;0;0;0;0;0;0;0;0;0;0;0;0;0;0
"79";0;0;0;0;0;0;0;0;0;0;0;0;0;-0,227168436420285;0,217194396562703;0;0;0;0;0;0;0,202089093470874;0;0;0;0;0;0;0;0;0;0;0;0,219271683581859;0;0;0;0;0,225196838423452;0;0;0;0;0;-0,229950068758389;0;0,212260420820333;0;0;0;0,237460271458555;0,199081168325836;0;0;0;0;0;0;0;0;0;0;0;0;0;0;0;0;0;0;0;0,195573568517856;0;0,199782890359772;0;0;0;0;0;0;0;0;0;0;0;0;0;0;0;0;-0,176960614156022;0;0;0;0;0;0;0;0;0,189519433160862;0;0;0;0;0;0;0;0;0;0,175813083314117;0;0;-0,183848652048455;0,184361696691126;0;0;0;0;0;0;0;0;0;0;0;-0,172920239271841;0;0;0;0;0;0;0;0;0;0;0;0;0;0;0;0;0;0;0;0;0;0;0;0;0;0;0
"80";0;0;0,191485445662661;0;0;0;0;0;0;0;0;0;0;0;0;0;0;0;0;0;0;0;0;0;0;0;0;0;0;0;0,189749083994906;0,191033988956474;0;0;0;-0,194827416871368;0;0;0;0;0;0;0;0;0;0;0;0;0;0;0;-0,178857470235603;0;0;0;0;0;0;0;-0,188712455515004;0,195690040911317;0;0,180652426868044;0;0;0,203856080609942;0;0;0;0;0;0;0;0;0;0,19389342142858;0;0;0;0,506041598506272;0;0;0;0;0;0;0;0;0;0;0;0;0;0;0;0;0;0;0;0,181222214463149;0;0;0;0;0;0;0;0;0;0;0;0;0,175799701880738;0;0;0;0,215265450046326;0;0;0;0;0;0;0;0;0;0;0;0;0;0;0;0;0;0;0;0;0;0;0;0;0;0;0;0;0;0;0;0;0;0;0;0,157962660993141
"81";0,168250573155315;0;0;0;0;0;0;0;-0,171935066797201;0;0;0;0;0;0;0;0;0;-0,168719199699021;0;0;0;0;0;0;0;0;0;0;0;0;0;0;0;0;0;0;0;0;0;0;0;0;0;0;0;0;0;0;0;0;0;0;0;0;0;0;0;0;0;0;0;0;0;0,167174678526631;0;0;0;0;0;0;0;0;0;0;0;0;0;0;0;0;0;0;0;0;0;0;0;0;0;0;0;0;0;0;0;0,170636570753193;0;0;0;0;-0,182107924153765;0;0;0;0;0;-0,170380878051688;0;0;0;0,183489697914232;0;-0,188018723923137;0;0;-0,229586872356365;0;0;0;0;0;0;0;0;0;0;0;0;0;0;0;0;0;0;0;0;0;0;-0,192588712351504;0,179770334396852;0;0;0;0;0;0;0;0;0;-0,184114227266482;0;0
"82";0;0;0;0;0;0,155723621310924;0;0;0;0;0;0;0;0;0;0;0;0,15338469793555;0;0;0;0;0;0;0,154363596245994;0;0;0;0;0;0;0;0;0;0;0;0;0;0;0;0;0;0;0;0;0;0;0;0;0;0;0;0;0;0;0;0;0;0;0;0;0;0;0;0;0;0;0;0;0;0;0;0;0;0;0;0;0;0;0;0;0;0;0;0;0,18842745344848;0;0;0;0;0;0;0;0;0;0;0;0;0;0;0;0;0;0;0;0;0;0;0;0;0;0;0;0;0;0;0;0;0,159948540921824;0;0;-0,175248474655583;-0,177474433673284;0;0;0;0;0;0;0;0;0;0;0;0;0;0;0;0;0;0;0;0;0;0,163631869876826;0;0;0;0;0;0;0;0
"83";0;-0,169961974469016;0;-0,17438225551799;0;0;0;0;0;0;0;0;0;0;0;0;0;0;0;0;0;0;0;0;0,166666820475762;0;0,177177395072002;0;0;0,169576233279532;0;0;0;0;-0,158970720299519;0;0;0;0;0,169345384667872;0;0;0;0;0;0;0;0;0;0;0;0,15944865307128;0;0;0;0;-0,159708308960836;0;0;0;0;-0,165236476154308;0;0;0;0;0;0;0;0;0;0;0;0;0;0;0,179872695630062;0;0;0;0;0;0;0;0;0;0;-0,181228765419797;0;0;0;-0,170924132592315;0,173521774844301;0;0;0;0;0;0;0,182768262643165;0;0,172204887799247;0;0;0;0;0;0,161115558943246;0;0;0;0;0;0;0;0;0;0;0;0;0;0;0;0;0;0;-0,185992360475168;0;0;0;0;0;0;0;0;0;0;0;0;0;0;0;0;0;0;0;0;0;0;0;-0,174102088066738;-0,182846210738337;0
"84";0;0;0;0,173423073839423;0;0;0;0;0;0;0;0;0;0;0;0;0;0;0;0;0;0,160967477686816;0,183288750390742;0;0;0;0;0;0;0;0;0;0;0;0;0;0;0;0;0;0,157177884294425;0;0;0;0;0;0;0;0;-0,190467634439058;0;0;0;0;0;0;0;0;0;0;0;0;0;0;0;0;0;0;0;0;0;0;0;0;-0,166539894697654;0;0;0,187249556693453;0;0;0;0;0;0;0;0;0;0;0;0;0;0;0,172993954369563;0,18710949081963;0;0;0;0;0;0;0;0;0;0;0;0;0;0;0;0;0;0;0;0;0;0;0;0;0;0;0;0;0;0;0;0;0;0;0;0;0;-0,186190648186584;0;0;0;0;0;0,185608158290538;0;0;0;0;0,164610112046337;0;0;-0,173604060953454;0;0;0;0;0;0;0
"85";0;0;0;0;0;0;0;0;0;0;0;0;0;0;0;0;0;0;0;0;0;0;0;0;0;0;0;0;0;0;0;0;0;0;0;0;0;0;0,183505999378078;0;0;0;-0,19685762559742;0,160065044680773;0;0;0;0;-0,19170439098589;0;0;0;0;0;0;0;0;-0,167960900933336;0;0;0;0;0;0;0;0;0;0;0;0,161698395457379;0;0;0;0;0;0;0;0;0;0;0;0;0;0;0;0;0;0;0;0;0;0;0;0;0;0;0;0;0;0;0,195278039661927;0;0;0;0;0;0;0,163026912997906;0;0;0;0,175569931085815;0,179402837422293;0;0;0;0;0;0;0;0;0;0;0;0;0;0,188198834230165;0;0;0;0;0;0;0;0,175388741334235;0;0;0;0;0;0;0;0;0;0;0;0;0;0;0;0,176167504554964;0;0
"86";0;0;0;0;0;0;0,172624919842547;0;0,171951375412566;0;0;0;0;0;0;0;0;-0,171380807733715;0;0;0;0;0;0;0;0;0;0;0;0;0;0;0;0;0;0;0;0;-0,18665036807005;0;0;0;-0,200230773923918;0,162807753458029;0;0;0;0;0;0;0;0;0;0;0;0;0,165273566389433;0,170838904923179;0;0;-0,180533741403397;0;0;0;0;0;0;0;0;0;0;0;0;0;0;0;0;0;0,21670433385001;0;0;0;0,173563448706207;0;0;0;-0,23575651527219;0;0;0;0;0;0,203655759932278;0;0,192427882026099;0;0;0;0;0;0;0;0;0;0,230002333572221;0;0,203588084647345;0;0;0;0;0;-0,208089516573083;0;0;0;0;0;0;0;0;0;0;0,200149032362922;0;0;-0,218292001382284;0;0;0;0;0;-0,20317285936403;0;0;0;0;0;0;0;0;0;0;0;0,201227296646454;0;0;0;0;0;0;-0,214599487770722;0
"87";0;0;0;0;0;0;0;0;0;0;0,166243294277118;0;0;0;0;0;0;0;0;0;0;0;0;0;0;0;0;0;0;0;0;0;0;0;0;0;0;0;0;0;0;0,171379664692025;0;0;0;0;0;0;0;0;0,191086436184627;0;0;0;0;0;0;-0,165866667136328;0;-0,169029522075473;0;0;0;0;0;0;0;0;0;-0,159682246205934;-0,166392762210638;0;0;0;0;0;0;0;0;0;0;0;0;0;0;0;0;0,216406536129566;0;0;0;0;0;0;0;0;0;0;0;0;0;0;0;0;0;0;0;0;-0,222679612696254;0;0;0;0;0;0;-0,20976533186362;-0,259242931455251;0;0;0;0;0;0;0;0;0;0;0;0,197259201666706;0;0;0;0;0,207443824151895;0;0;0;0;0;0;0;0;0;0;0;0,207934320146146;0;0;0;0;0;0;0
"88";0;0;0;0,200900339905639;0;-0,193703352796892;0;0;0;0;0;0,197990999796207;0;0,209612435379678;0;0,200007046369909;0;0;0;0;0;0;0,212329140749028;0;0;0;0;0,201309870064047;0;0;0;0;0;0;0;0;0;0;0;0,195097518610298;0;0;0;0;0;0;0;0,191999442448232;0,217076663283986;0;0;0;-0,186850724899823;0;0;0;0;0;0;0;0;0,190363773685596;0;0;0;0,209370660012899;0;0;-0,198447899869363;0;0;0;0;0;0;0,199138497587111;0;0;0;0,21674395471881;0;0;0;0;0;0;0;0;0;-0,19801280146516;0;0,18414196410955;0;0;0;0;0;0;0;0;0,207912677109778;0;0;0;0,211124635315446;0;0;0;0;0;0;0;0;0;0;0;0;0;0;-0,182047315313371;0;0;0;0;0;0;0;0;0,177968613078521;0,189369455146169;0;0;0;0,187157249771272;0;0;0;0;0;0;0;0;0;-0,192108772225219;0;0;0;0;0;0;0;0;0
"89";0;0;0;0;0;-0,184535602029737;-0,183083417872314;0;0;0;0;0;0;0;0;0;0,186631424311443;0;0;0;0;0;0;0;0;0;0;0;0;0;0,185658513161192;0;0;0;0;0;0;0;0;0;0;0;0;0;0;0;0,18658688053971;0;0;0;0,208738732978711;0;0;0;0;0;0;0;0;0;0;0;0;0;0;0;0;0;0;0;0;-0,171918353524108;0;0;0;0;0;0,206651050900997;0;0;0;0;0;0;-0,187284181139034;0;0;0,21207143414116;-0,751628593541682;0;0;0;0;0;0;0;0;0;0;0;-0,19786998174425;0;0;0;0;0;-0,177851679152799;0;0;0;0,191910608432009;0;0;0;-0,211919617331539;0;0;0;0;0;0;0;0;0;0;0;0;0,173215647385047;0;0;0;0;0;0;0;0;0;0;0;0;0;0;0;0;0;0;-0,167521367923519;0;-0,165342790678873;0;0;0;0
"90";0;0;0;0;0;0;0;0;0;0;0;0;0;0;0,187007051346694;0;0;0;0;0;0,170914544925333;0;0,198129851080861;0;0;0;0;0;0;0;0;0;0;0,188795621063044;0;0,186716430084223;0;0;0,193897252381507;0;0;0;0;0;-0,197989842261245;0;0;0;0,202559888001539;0;0;0;0;0;-0,176072113498021;0;0,171690475328592;-0,177471893610399;0;0;0;0;0;0;0;0;0;0;0;0;0;0;0;0;0;0;0;0;0;0;0;0;0;0;0;0;0;0;0,197889378333411;0;0;0;0;0;0;0;0;0;0;0;0;0;0;0;0;0;0;0;0;0,18525262109942;0;0,189580843913182;0;0;0,225833813158389;0;0,237208265681774;-0,179797592825465;0;0;0;0;0;0;0;0;0;0;0;0;0;0;0;0;0;0;0,180874782880422;0;0;0;0;0;0,180403808569387;0;0;0;0;0,180377183137108;0;0;0;0;0
"91";0;0;0;0;0;0;0;-0,157363788661784;0;0;0;0;0;0;0;-0,171638206161396;0;0;0;0;0;0;0;0;0,164776852099725;0;0;0;0;0;0;0;0;0;0;-0,171716052059629;0;0;0;0;-0,15625499204382;0;0;0;0;0;0;0;0;0;0;0;0;0;0;0;0;0;0;0;0;0;0;0;0;0;0;0;0;0;0;0;0;0;0;0;0;0;0;0;0;0;0;0;0,168704527935059;0;0,16660102216588;0;0;0;0,35418654489331;0;0;0;0;0;0;0,173828282482027;0;0;0;0;0;0;-0,198808721351014;0;0,17597685276672;0;0;0;0;0;0;0;0,209685663217675;0;0,220246790392334;0,166941243072877;0;0;0;-0,186284377954725;0;0;0;0,169176006447243;0;0;0;0;0;0;0;0;0;0;0;0;0;0;0;0;0;0;0;0;0;0;0,163599826945332;0;0;0;0
"92";0;0;0;0;0;0;0;0;0;0,162778995458728;0;-0,170916518082954;0;0;0;0;0;0;0;0;0,158116539246426;0;0;0;0;0;0;0;0;0;0;0;0;0;0;0;0;0;0;0;0;0;0;0;0;0;0;0;0;0;0;0;0;0;0;0;0;0;0;0;-0,173499993999875;0;0;0;0;0,180740055027592;-0,209053154998121;0;0;0;0;0;0;0;0;0;0;0;0;-0,187105081009738;0;0;0;0;0;0;0;0;0;0;0;0;0;0;0;0;0;0;0;0;0;-0,174973030330836;0;0;-0,199120129062136;0;0;0;0;0,172275636995578;0;-0,176300666913506;0;0;0;0;0;0;0;0;0;0;0;0;0;0;0;0;0;-0,178601944262886;0;0;0,175893023997453;0;0;0;0;0;0;0;0;0;0;0;0;0;0;0;0;0;0,176900727530317;-0,185785409382192;0
"93";0;-0,18649221060519;0;0;0;0;0;0;0;0;0;0;0;0;0;0;0;0;0;0;0;0;0;0;0;0;0;0;0;0;0;0;0,178861653425665;0;0;0;-0,216368227820291;0;-0,197907335823853;0;0;0;0;0;0;0;0;0;0;0;0,208684677890564;0;0;0;0;0;0;0;0,175822718123751;0,184596416535994;0;-0,18130711770618;0;0;0;0;0;0;0;0;0;0;0;0;0;0;0;-0,206597536440059;0;0;0;0;0;0;0,187235681932511;0;0;0;0;0;0;0;0;0;0;0;0;0;0;0;0;0;0;0;0;0;0;0;0;0;0;0;0;0;0;0;0;0;0;0;0;0;0;0;0;0;0;0;0;0;0;0;0;0;0;0;0;0;0;0;0;0;0;0;0;0;0;0;0;0;0;0;0
"94";0;0;0;0;0;0;0;0,162007946461909;0;0;0;0;0;0;0;0;0;0;0;0;0;0;0;0,178904986246844;0;0;0;0;0;0;0;0;0,165915468384018;0;0;0;-0,200707279479237;0;0;0;0;0;0;0;0;0;0;0;0;0;0;0;0;0;0;0;0;0;0;0;0,177566510742758;0;0;0;0;0;0;0;0;0;0;0;0,169833121852486;0,162864913018189;0;0;0;0;0;0;0;0;0;0;0;0;0,171517791412352;0;0;0;0;0;0;0;0;0;0;-0,191168203753482;0;0,203911589571444;-0,215314218845153;0;0;0;0;0;0,1935311007234;0;0;0;0;0,193583992495445;0;0;-0,230602471691137;0;0;0;0;0;0;0;0;0;0;0;0;-0,188486355937882;0;0;0;0;0;0;0;0;0;0;-0,192279838288579;0;0;-0,181620358263262;0;0;0;0,194278195805093;0;0;0;-0,185463020919054;0;0;0
"95";0;0;0;0;0;0;0,167212192417494;0;0;0;0;0,172269108632132;0;0;0;0;0;0;0;0;0;0;0;0;0;0;0;0;0;0;0;0;0;0;0;0,174102169253546;0;-0,17270954426747;0;0;0;0;0;0;0,184613967888639;0,166932493395347;0;-0,167055941141103;0;0;0;0;0;0;0;0;0;0;0;0;0;0;0;0;0;0;0;0;0;0;0;0;0;0;0;0;0;0;-0,209909477742168;0;0;-0,155710700948121;0;0;0,171048797850243;0;0;0;0,184520291141715;0,180734646489623;0;0;0;0;0;0;0;0;0;0;-0,188095810223184;0;0;-0,156622905682027;0;0;0;0;0,181754324761971;0;0;0;0;0;-0,201451436811089;0;0;0;0;0;0;0;0;0;0,159822992477546;0;0;0;0;0;0;0;0;0;0;0;0;0;0;-0,177498626860076;0;0;0;0;0;0;0;0;0;0;0;0;0
"96";0;0;0;0;0;0;0;0;0,159962887393834;0;0;0,16544610069514;0;0;0;0;0;0;-0,156970947494183;0;0;0;0;0;0;0;0;0;0,155100172670473;0;0;0;0;0;0;0;0;0;0,173637063024186;0;0;0;0;0;0;0;0;0,160439409475165;0;0;0;0;0;0;0;0;0;0;0;0;0;0;0;0;0;0;0;0,176910173277499;0;-0,153002270106144;0;0;0;0;0;0;0;0;0;0;-0,167073106105117;0;0;0;-0,164274122375273;0;0;0;0;0;0;0;0;0;0;0,606761727947742;0;0;0,182530260411453;0;0;0;0;0;0;0;0;0;0;0;0;0;0;0;0;0;0;0;0;0;0;0;0;0;0;0;0;0;0;0;-0,154496449349981;0;0;-0,166533055552263;0;0;0;0;0;0;0;0;0;0;0;0;0;0;0;0;-0,166896474261843;0;0
"97";0;0;0;0;0;0;0;0;0;0;0;0;0;0,169811602692437;0;0;0;0;0;0;0;0;0;0;0;0;0;0;0;0;0;0;0;0;0;0;0;0;0;0;0;0;0;0;0;0;0;0;0;0;0;0;0;0;0;0;0;0;0;0;0;0;0;0;0;0;0;0,171511023120351;0;0;0;0;0;0;0;0;0;0;0;0;0;0;0;0;0;0;0;0;0,171803691186374;0;0;0;0;0;0;0;-0,30569549347274;0;0;0;0;0;0;0;0;0;0;0;0;0;0;0;0;0;0;0;0;0;0;0,162086144389187;0;0;0;0;0;0;0;0;0;0;0;0;0;-0,166635783437348;0;0;0;0;0;0,174686144341384;-0,163059330940597;0;0;0;0;0;0;0;0;0;0;0;0
"98";0;0;0;0,188409678679976;0;0;0;0;0;0;0;0;0;0;0;0;0;0;0;0;0;0;0;0;0;0;-0,191429661095462;0;0;0;0;0;0;0;0;0;0;0,186155948208093;0;0;0;0;0,209052736471718;0;0;-0,179929121616038;0;0;0;0;0;0;0;0;0;0;0;0;0;0;0;0;0;0;0;0;0,227112310496492;0;0;0;0;0;0;0;0;0;0;0;-0,226252104553315;0;0,187507220824303;0;0;0;0;0;0,182067122524579;0;0;0,194805849520543;0;0;-0,198834724102517;0;0;0;0;0,838234064634889;0;0;0;0;0;0;0;0;-0,176687744808727;0;0;0;0;0;0;0;0;0,178931688107584;0;0;0;0;0;0;0;0;0;0;0;0;-0,168263848155451;0,179042993563909;0;0;0;0;0;0;0;0;0;0;0;0;0;0;0;0;0;0;0;0;0;0;0
"99";0;0;0;0;-0,162405598754569;0;0;0;0;0;0;0;0;0;0;0;0;0;0;0;0;0;0;0;0;0;0;0;0;0;0;0,16787703607194;0;0;0,156705420685229;0;0;0;0;-0,166932248249749;0;0,168142670097562;0;0;0;0;0;0;0;0;0,187477222908849;0;0;0;0;0;0;0;0;0;0;0;0;0;0;0;0;0;0;0;0;0;0;0;0,165074721939312;-0,170389850942672;0;0;0;0;0;0;0,165329084607081;0;0;0;0;0;0;0;0;0;0;0;0;0;0;0;0;0,206878200147288;0;0;0;0;0;0;0;0;-0,211081980910207;0;0;0;0;0;0,233957394933961;0;-0,24574100361485;0;0;0;0;0;0;0;0;0;0;0;0;-0,198963993240972;0;0,211395074745017;0;0;0;0;0;0;0;0;0;0;0;0;0;0;0;0;0;0;0;0,206966430791935;0
"100";0;0;0;0;0;0;0;0;0;0;0;0;0;0;0;0;0;0;0;-0,17167437319588;0;0;0;0;0;0;0;0;0,15575606176074;0;0;0;0;0;0;0;0;0;0;0;0;0;0;0;-0,178051797505674;-0,16099881743008;0;0;0;0;0;0;-0,156797289417671;0;0;0;0;0;0;0;0;0;0;0;0;0;0;0,177658292706459;0;0;0;0;0;0;0;0;0;0;-0,202448169295701;0;-0,167779626450546;0;0;0;0;0;0;0;0;0,174310367991448;0;0;0;0;0;0;-0,151332855179977;0;0;0,0482626769226044;0,209678848105713;0,187097727383258;0;0;0;0;0;0;-0,202609709430011;0;0;0;-0,192632926686109;0;0;0;0;0;0;0;0;0,19950490048354;0;0,185282250218123;0;0;0;-0,183553144834904;0;0;0;0;0;0;0;0;0;0;0;0,197865691831234;0;0;0;0;0;0;0;0;0;0;0;0,198659346589886;0
"101";0;0;0;-0,178940012785437;0;0;0;0;0;0;0;0;0;0;0,178502566246596;0;0;0,169938378994475;0;0;0;0;0;0;0;0;0;0;-0,165320985893879;0;0;0;0;0;0;0;0;0;0;0;0;0;0;0;0;0;0;-0,171012068484405;0;0;0;0;0;-0,173304770903766;0;0;0;0;0;0;0;0;0,165258095977474;0;0;0;0;0;0;0;0;0;0;0;0;0;-0,18457395427182;0;0,214880439079081;0;0;0;0;0;0;0;0;0;0;0;-0,170151040149962;0;0;0;-0,172515410385564;0;0;0;0;0;0,238452788442373;0;0;0;0;-0,201235603294928;0;0;0;-0,194514536986442;0,214735818096498;0;0;-0,203972476871007;0;0;-0,24906776322309;0;0;0;0,188244675299794;0;0;0;0;0;0;0;0;0;0;0;-0,198598889074999;0;0;0;0;0;0;0;0,195024195514938;0;0;0;0;-0,199772991785715;0;0;0,18500811243775;0;0;0;0
"102";0;0;0;0;0;0;-0,185497207119106;0;-0,184773437858294;-0,182008289326604;0;0;0;0;0;0;0;0;0;0;0;0;0;0;0;0;0,197023525023423;0;0;0;0;0;0;0;0;0;0;0;0;0;0;0;0;0;0;0;0;-0,185323869427874;0;0;0,2114907643473;0;0;0,187808445443872;0;0;0;0;0;0;0;0;0;0,186424302706136;0;0;0;0;0;0;0;0;0,185546856066552;0;0;-0,192214708825768;0;0;0;0;0;0;0;-0,185479853915591;0;0;0,187387398929656;0;0;0;0;0;-0,204644975159842;0;0;0;0;0;0,183848052540481;0;0;0;0;0;0;0;0;0;0;0,173566519188532;0;-0,177621709142655;0;0;0;0;0;0;0;0;0;0;0;0;0;0;0;0;0;0;0;-0,191182725084846;-0,177211011708908;0;0;0;0;0;0;0;0;0;0;0;0;0;0;0;0;0;0;0;0
"103";0;0;0;0;0;0;0;0;0;0;0;0;0;0,191773766849434;0;0;0;0;0;0;0;0;0;0;0;0;0;0;0;0;0;0;0;0,185107391618934;0;0;0;0;0;0;0,166585572427081;0;0;0;0;0;0;0;0;0;0;0;0;0;0,172632444984347;0;0;0;0;0;0;0;0;0;0;0;0,221559457527969;0;0,18155936794672;0;0;0;0;0;0;0,18219119365625;0;0;0;0;0;0;0;0;0;0;0;0;0;0;0;0;0;0;0;0,170185434385627;0;0;0;0;-0,181400338329644;0;0;0;-0,188926689110803;0;0;0;0;0;0;0;0;0;0;0;0;0,158643223071257;0;0;0;0;0;0;0;0;0,179307681100444;0;0;0;0;0;0;0;0;0;0;0;0;0,175570379395021;0;0;0;0;0;0;0;0;0;0;0;0;0
"104";0;0,18524516811515;0;0,190062926373087;0;-0,183254175170374;0;0,173481381796163;0;0;0;0;0,173019211838802;0;0;0;0,18533544392997;0;0,177715346507654;0;0;0;0;0;0;0;0;0;0;0;0;0;0;0;0;-0,189303639936579;0;0;0,196583962284218;0;0;0;0;0;0,200733260557822;0;0;0;0;0;0;0;0;0;-0,178511831880392;0;0;0;0;0;0,190141806726867;0;0;0;0;0;0;0;0;0;0;0;0;0;0;0;0;0;0;0;0;0;0;0;0;0;0;0;-0,200631404565756;0;0;0;0;0;0;0,175981482822035;0;0;0,180195682993467;0;0;0;0;0;0;0;0;0;0;0;0,178805406374412;0;0;0,169843028235402;0;0;0;-0,157198258407159;0,160098240596023;0,161422803497355;0;0,175412493904579;0;0,162907384772209;0;0;0;0;0;0;0;0;0;0;0;0;0;0;0;0,173971237689648;0;0;0;0;0;0;0;0;0;0;0;0;0
"105";0;0;0;0;0;0;0;0;0,166707516891122;0;0;0;0;0;0;0;0;0;0;0;0;0;0;0;0;0;0,177759871800299;0;-0,161639772052999;0;0;-0,170863709787329;0;0;0;0;0;0,172862749163161;0;0;0;0;0,194124502034106;0;0;0;0;0;0;0;0;0;0;0;0;0;0;0;0;0;0,175028153582451;0;0;0;0;0;0;0;0;0,159453414124126;0;0;0;0;0;0;0;0;0,210095681462283;0;0;0;0;0;0;0;0;0;0;0;0;0;0;0;0;0;0;0;0;0;0;0;0;0;0,0640472106169909;0;0;0;-0,217244602975087;0;0;0;0;0;0,240787873774669;0;0,252915509579747;0,191703268349296;0,195239796485123;0;0;0;0;-0,198665547668983;0;0;0;0;0;0;0;0;0;0;-0,201925733512156;0;0;0,21688618867525;0;0;0;0,189642286050507;0;0,207734959841618;0;0,202859203310461;0;0;0;0;0;0;0
"106";0;0;0;0;0;0;0;0,177729646719096;0;0;0;0;-0,177256159003034;0;0;0;0;0,18492193276551;0;0;0;0;0;0,196266422088204;0;0;-0,197838330394003;0;0;0;0;0;0;0;0;0;0;0;0;0;0;0;0;0;0;0;0;0;0;-0,213854663388696;0;0;0;0;0;0;0;0;0;0;0;0;0;0;0;0;0,234715561127928;0,205194381842047;0;0;0;0;0;0;0;0;0;0;0;0;-0,19378457493168;0;0;0;0;-0,193802956045872;0;0;0;0,201327546627742;0;0;0;0;0;0;0;0;0;0;0;0;0;0;0;0;0,180876804231927;0;0;0;0;0;0;0;0;0;0;0;0;0;0;0;0;0;0;0;0,19394042469535;0,176161917004192;0;0;0;0;0;0;0;0;0;0;0;0;0;0;0;-0,185939237637625;0;0;0;0;0;0;0;0;0
"107";0;0;0;0,169744680351994;0;0;0;0;0;0;0;0;0;0;0;0,168989918932704;0;0;0;0;0;0;0;0;0;0;0;0;0;0;0;0;0;0;0;0;0;0;0;0;0;0;0;0;0;0;0;0;0;0,186427716966857;0;0;0;0;0;0;0;0;0;0;0;-0,160842126648656;0;0;0;0;0;0;0;0;0;0,152473621768003;0,162419328036759;0;0;0;0;0;0;0;0;0;0;0;-0,166101505818103;0;0;0;0;0;0;0;0;-0,166170846085094;0;0;0;0;0;0;0;0;0;0;0;0;-0,663472241722047;0;0;0;0;0;0;0;0;0;0;0;0;0;0;-0,189348742126127;0;0;0;0;0;0;0;0;0;0;0;0;0;0;0;0;0;0;0;0;0;0;0;0;0;0;0;0;0;0;0
"108";0;0;0;0;0,16920318363937;0;0;0;0,170649168879588;0;0;0;0;0;0;0;0;0;0;0;0;0;0;0;0;0;0;-0,179457287266595;0;0;0;0;0;0;0;0;0;0;0;0;0;0;0;0;0;0;0;0;0;0;0;0;0;0;0;0;0;0;0;0;0;0;0;0;0;0,186643062593888;0;0;0;0;0;0;0;0;0;0;0;0;0,215063208278393;0;0;0;0,172249033766232;0;0;0;0;0;0;0;0;0;0;0;0;0;0;0;0;0;-0,176751035894411;0;0;0;0;-0,192335265107849;0;0,799186201300472;0;0;0;0;0;0;0;0;0;0;0;0;0;0;0;0;0;0;0;0;0;0;0;0;0;0;0;0;0;0;0;0;0;0;0;0;0;0;0;0;0;0;0;0;0
"109";0;0;0;0;0;0;0;0;0;0,164690140083884;0;0;0;0,183073239643608;0;0;0,171099825019233;0;0;0;0;0;0;0;0;0;0;0;0;0;0;0;0;0;0;0;0;0;0;0;0;0;0;0;0;0,167566325167388;0;0;-0,189592415766935;0;0;0;0;0;0;0,16351192985018;0;0;0;0;0;0;0;0;0;0;0;0;0;0;0;0;0,16789201102204;0;0;0;0;0;0;-0,189301831695558;0;0;0;-0,167831384148019;0;0;0;0;0,185220902632822;0;0;0;0;0;0;0;0;0;0;0;0;0;0;0;0;0;0;0;0;0;0;0;0;0;0;0,194737657666767;0;0;0;0,187324405220844;0;0;0;0;0;0;0;0;0;0;0;0;-0,191903301511471;0;0;0;0;0;0;0;0;0;0;0,197677518247657;0;0;0;0;0;0;0;0;0
"110";0;0;0;0;0;0;-0,175137834079477;0;0;0,171843760195832;0;-0,180434441582486;0;0;0;-0,182271718216801;0;0;0;0;0;0;0;0;0;0;0;0,183459015952426;-0,169151239754581;0;0;0;0;0;0;0;0;0,180895753297317;-0,189367451835704;0;0;0;0,203145548702228;0;0;0;-0,178489250993564;0;0;0;0;0;0;0;0;0;0;0;0;0;0;0,173483548433263;0;0;0;0;0;0;0;0;0;0;0;0;0;0;0;0,197682662283974;0;0;0;0;0;0;0;0;0;0;0;0;0;0;0;0;0;0;0;0;0;0;0;0,195814355823032;0;0;0;0;0;0,180846107877904;0;0;0;0;0,178701403986159;0;0;0;0;0;0;0;0;0;0;0;0;0;0;0;0;0;0;0;0;0;0;0;0;0;0;0;0;0;0;0,179729054523655;0;0;0;0;0;0;0;-0,184291983521765;0
"111";0;0;0;0;0;0;0;0;0;0;0;0;0;0;0,188357008511744;0,187979032105266;0;-0,179320025318374;0;-0,192276327959907;0;0;0;0;0;0;0;0;0;0;0,183162242794168;0;-0,176502477364366;0;0;0;0;0,186559982807295;0;0;0;-0,184694326852639;0;0;0;0;0;0;0;0;0;0;0;0,182872262817504;0;0;0;0,17875301885487;0;0;0;0;0;0;0;-0,196779537195279;0,22760523716485;0;0;0,172088123910857;0,179319986795814;0;0;0;-0,18132437549182;0;0;0;0;0;0;0;0;0;-0,184766052863474;0;0;0;0;0;0;0;0,199266276834694;0;0;0;0;0;0;0;-0,186350280362509;0;0;0;0;0;0;0;0;0;0;0;0;0;0;0;0;0;0;0;0;0;0;0;0;0;0;0;0;0;0,179328050683517;0;0;0;0;-0,193216304812755;0;0;0;0;0,1891505305166;0;0,183718323127547;0;0;0;0;-0,183691208512785;0;0;0;0;0
"112";0;0;0;0;0;0;0,161473639716216;0;0;0,158436568358779;0,160165856961814;0;0;0;0;0;0;0;0;0;0;0;0;0;0;0;0;0;0;0;0;0;0;0;0;0;0;0;0,174593067525432;0;0;0;0;0;0;0;0;0;0;0;0;0;0;0;0;0;0;0;0;0;0;0;0;0;0;0;0;0;0;0;0;0;0;0;0;0,167321164146479;0;0;0;0;0;0;0;-0,161458533909634;0;0;0;0;-0,178187742062231;0;0;0;0;0,165247531728793;0;0;0;0,17541120579042;0;0;0;0;-0,17112243503794;0;0;0;0;0;0;0;0;0,301499036373571;0;0;0;0;0,22393101702824;0;0;0;0;0;0,191806204989062;0;0;0;0;0;0;0;0;0;0;0;0,178784744931956;0;0;0;0;0;0;0;0;0;-0,17684579872567;0;0;0;0,166336479039049;0;0;0;0
"113";-0,162575079686744;0,169935410917743;0;0,174355001115939;-0,164727549426784;0;0;0;0;0;0;0;-0,158719880036031;0,181915951071583;0;0;0;-0,165584017783384;0;0;0;0;0;0;0;0;0;-0,174710419286261;0;0;0;0;0;0;0;0;0;0;0;0;0;0;0;0;0;0;0;0;0;0;0;0;0;0;0;0;0;-0,165060444310932;0;0;0;0;0;0;0;0;0;0;0;0;0;0;0;0;0,167434833687379;0;0;0;0;0;0;0;0;0;0;0;0;0;0;0;0;0;0;0;0;0;0;0;0;0;0;0;0;0;-0,168244128944626;0;0,163233158423774;0;0;0;0;0;0,76808866346255;0;0;0;0;0;0,176638881160132;0;0;0;0;0;0;0;0;0;0;0;0;0;0;0;-0,182687834586756;0;0;0;0;0;0;0;0;0;0;0;0;0;0;0;0;0;-0,16790882830991
"114";0;0;0;0;0;0;0;0;0;0;0;0;0;-0,199924404190304;0;0;0,186848884307871;0;0;0;0;0;-0,202515546749876;0;0;0;0,194686330577166;0;0;0;0;0;0;0;0;0;0;0;0;0;0;0;0;0;0;0;0;0;0;0;0;0;0;0;0;0;0;0;-0,176073179985929;0;0;0;0;0,184212841689588;0;0;0;0;0;0;0;0;0;0;0;0;0,197647984772602;0;-0,23010118582867;0;0,190697160356992;-0,17068889561235;0;0;0;0;0,185164513170075;0;0;0;0;0;0;0,18758067594218;0;0;0;0;0;0;0;0;0;0;0;0;0;0;0;0;0;0;0;-0,220042356057093;0;0;0;0;0,177131806349721;0;-0,173423859738613;0;0;0;0;0;0;0;0;0;0;0,19738807179115;0;0;0,183197639873724;0;0;0;0;0;0;0;0;0;0;0;0;0;0;0;0;0;0
"115";0;0;0;0;0;0;0;0;0;0;0;0;0;0;0;0;0;0;0;0;0;0;0;0;0;0;0;0;0;0;0;0;0;0;0;0;0;0;0;0;0;0;0;0,153500697468212;0;0;0;0;0;0;0;0;0,158244113290527;0;0;0;0;0;0;0;0;0;0;0;0;0;0;0;0;0;0;0;0;0;0;0;0;0;-0,204316229932724;0;0;0;0;0;0;0;0;0;0;0;0;0;0;-0,16656053456967;0;0;0,152729256791478;0;0;0;0;0;0;0,178356385108847;0;0;0;0;0;0;0;0;0;0;0;0;0;0;0;0;0;0;0;0;0;0;0;0;0;0;0;0;0;0;0;0;0;-0,228752159392588;0;0;0;0;0;-0,219100261456738;0;0;0;0;0;0;0;0;0
"116";0;0;0;0;0;0,162640991916095;0;0;0;0;0;0;0;0;0;0;0;0;0;0,171772874425975;0;0;0;0;-0,16122055342559;0;0;0;0;0;0;0,164738714442345;0;0;0;0,168009988007029;0;0;0;0;0;0;0;0;-0,178153957896585;0;0;0;-0,182266147325614;0;0;0;0;0;0;0;0;0;0;0;0;0;0;0;0;0;0;0;0;0;0;0;0;-0,154781917786725;0;0;0;0;0;0;0;0;0;-0,161346009887804;0;0;0;0;0;0;0;0;0;0;0;0;0;0;0;0;0;0;0;0;0;0;0;0;0;0;0;0,157046286990303;0;0;0;0;0;0;0;0;0;0;0;0;0;0;0;0;0,172507013195631;0;0,168301523331747;0;0;0,181413663889745;0;0;0;0;0;-0,190177960711893;0;0;0;-0,186213231265846;0;-0,181842612188418;0;-0,172396399210918;0;0;0;0;0
"117";0;0;0;0;0;0;0;0;0;0;0;0;0;0,179407860950764;0;0;0;0;0;0;0;0;0;0;0;0;0;0;0;0;0;0;0;0;-0,156754474789456;0;0;0,169894298546406;0;0;0;0;0;0;0;0;0;0;0;0;0;0;0;0;0;0;0;0;0;0;0;0;0;0;0;0;0;0;0;0;0;0;0;0;0,165126395918296;0;0;0;0;0;0;0;0;0;0;0;0;0;0;0;0;0;0;0;0;0;0;0;0;0;0;0,183905603207789;0;0;0;0;0;0;0;0;0;0;0;0;0;0;0;0;-0,216293018940448;0;0;-0,236982603464267;-0,239992692791757;0;0;0;0;0;0;0;0;0;0,223413243077782;0;0;0;0;0;0,222422418232748;-0,235035463654151;0;0;0;0;0;0;0;0;0;0;0;0;0
"118";0;0;0;0;0;0;0;0;0;0;0;0;0;0;0;0;0;0;0;0;-0,149866295574041;0;0;0;-0,157106007300975;0,143329471247882;0;0;0;0;0;0;0;0;0;0;0;0;0;0;0;0;0,182388973760401;0;0;-0,156979948672422;0;0;0;0;0;0;0;0;0;0;0;0;0;0;0;0;0;0;0;0;0;0;0;0;0;0;0,15728505859648;0;0;0,162937289166045;0;0;0;0;0;0;0;-0,157228261960507;0;0;0;0;0;0;0;0;0;0;0;0;0;0;0;0;0;0,175806851955527;0;0;0;0;0;0;0;0;0;0;0;0;0;0;0;0;0;0;0;0;0;0;0;0;-0,181942893663524;0;0;0;0;0;0;0;0;-0,169867719485122;0;0;0;0;0;0;0;0;0;0;0;0;0;0;0;0;0
"119";0;0;0;0;0;0;0;0;0;0;0;0,187404743407274;0,173106238511481;0;0;0;0;0;0;0;0;0;0;0;0;0;0;0;0;0;0,184462024366866;0;0;0;0;0;0;0;0;0;0;0;0;0;0;0;-0,185384408819276;0;0;-0,208847898857622;0;-0,173873888285445;0;0,184169986593658;0;0,177205318276847;0;0;0;0;0;0;0;0;0,176177041583366;0;0,229220401341719;0;0;0;0;0;0;0;0;0;0;0;0;0;0;0;0;0;0;0;0;0;0;0;-0,180818534999919;0;0,200680338110308;0;0,183331137695865;0;0;-0,197604492088689;0;0;0;0;0;0,199338421964174;0;0;0;-0,187832312643976;0;0;0;0;0;0;0;0;0;0;-0,904001327930018;0;0;0;0;0;0;0;0;0;0;0;0;0,186062880158996;0;0;0;0;-0,164926600373566;0;0;0;0;0;0;0;0;0;0;0;0;0;0;0;0
"120";0;0;0;0;0;0;0;0;0;0;0;0;-0,173468971755554;0,198820544541474;0;0;0,18581721964116;0;0;0;0;0;-0,201397380404836;0;0;0;0;0;0;0;0;0;0;0;0;0;0;0;0;0;0;0;0;0;0;0;0;0;0;0,209285526504792;0;0;0;0;0;0;0;0;0;0,183838696822776;-0,19063607648024;0;0;0;0;0;0;0;0;0;0;0;0;0;0;0;0,196556694112281;0;0,228830708543953;0,20558489779106;0;0;0;0;0;0;0;0;0;0;0;0;0;0;0;0;0;0;0;0;0;0,203804961389264;0;0;0;-0,204647811891867;0;0;0;0;-0,198448341205333;0;0;0;0;0;0;0;0;0,790330009302124;0;0;0;0;0;0,167513575807715;0;0;0;0;0;0;0;0;0;0;0;0;0;0;0;0;0;0;0;0;0;0;0;0;0;0;0
"121";0;0,168117881979201;0;0;0;0;0;0;0;0;0;-0,169992284397191;0;0;0;0;0;0,163813028779643;0;0;0;0;0;0;0;0;0;0;0;0;0;0;0;0;0;0;0;0;0;0;0;0;0;0;0,182173985703005;0;0;-0,164848017628866;0;0;0;0;0;0;0;0;0;0;0;0;0,172561790128577;0,163443655462082;0;0;0;0;0;0;0;0;0;0;0;0;0;0;0;0;-0,207135173109944;0;-0,171663997210044;0;0;0;0;0;0;0;0;0;0;0;0;0;0;0;0;0;0;0;0,170235330861234;0;0;0;-0,166444688960663;0;0;0;0;0;0,179633370759119;0;0;0;0;0;0;0;0;0;0;0;0;0;0;0;0;0;0;0;0;0;0;0;0;0;0;0;0;0;0;0;0;0;0;-0,169853324519459;0;0;0;0;0;0;0,15539423696387
"122";0;0;-0,172847055150685;0;0;0;0;0;0;0;0;0;0;0;0;0;0,172177265147906;0;0;0;0;0;0;0;0;0;0;0;0;0;0;0;0;0;0;0;0;0;0;0;0;-0,172712394684904;0;0;0;0;0;0;0;0,193922875706687;0;0;0;0;0;0;0;0;0;0;0;0;0;0;0;0;0;0;0,174413689865689;0;-0,16768671167188;0;0;0;0;0;0,182128406097783;0;0,212033339294612;0;0;0;0;0;0;0;0;0;0;0;0;0;0,186338998271042;0;0;0;0;0;0;0;0;0;0;-0,185092980286476;0;0;0;0;0;0,178298298712947;0;0;0;0;0;0;0;0;0;0;0;0;0;0;-0,178996485678124;0;0;0;0,180321210325181;0;0;0,203860790163917;0,188962558498382;0;0;0;0;0;0;0;0;0;0;0;0;0;0;0;0;0;0;0;0
"123";0,173461545523884;0;0;0;0;0;0;0;0;0;0;0;0;0;0,185575502465787;0;0;0;0;0;0;0;0;0;0,177799487483561;0;0;0;0;0;0;0;0;0;0;0;0;0;0;0;0;0;0;0;0;0;0;0;0;0,204313918630367;0;0;0;0;0,174724272145399;0;-0,170376175648184;0;0;0;0;0;0;0;0;0;0,224244144587155;0;0;0;0;0;0;0;0,178646721760245;0;-0,191887461487649;0;0;0;0;0;0;0;0;-0,185156782482274;0;0;0;0;0;0;0;0;0;0;0;0;0;0;0;0;0;0,19501088757833;0;0;0;0,183754569960303;0;0;0;0;0;0;0,174572123552617;0;0;0;0;0;0;0;-0,879588426556438;0;0;0,184343232746798;0;0;0;0;0;0,20645017512212;0;-0,192039959129325;0;0;0;0,20580430411723;-0,190514027542388;0;-0,187918264634084;0;0;0;0;0,192494033050659;-0,180615999004495;0;0;0;0;0;0
"124";0;0;0;0;0;0;0;0;0;0;0;0;0;0;0;0;0;0;0;0;0;0;0;0;0;0;0;0,178690358758574;0;0;0;0;0;0;0;0;0;0;-0,184445216442749;0;0;0;-0,197865178712295;0;0;0;0;0;-0,192685568909209;0;0,194489458521483;0;-0,16585586715657;0;0;0;0;0;0;0;0;0;0;0;-0,165215289127909;-0,185845424962629;0;0;0;0;0;0;0;0;0;0;0;0;0;0;0;0;0;0;0,174499473382762;0;0;0;0;0;0;0;0;0;0;0;0,160075738671067;0;0;0;0;0;0;0;0;0;0;0;0;0;0;-0,166023990729039;0;0;0;0;0;0;0;-0,187421501392365;0;0;0,18296927658867;0,622880815295503;-0,166235874743915;0;0;0;0;-0,178194204869459;0;0;0;0;0;0;0;-0,188735305951158;0;0;0;-0,165027543236569;0;0;0;0;0;0;0;0;0;0;0
"125";0;0;0;0,170997923977212;0;0;0;0;0;0;0;0;0;0;0;0;0;0;0;0;-0,155900991931291;0;0;0;0;0;0;0;0;0;0;0,166998650823088;0;0;0;0;0;0;0;0,166058806426787;0;0;0;0,154272225042989;0;0,163301091934061;0;0;0;0;0;0;0;0;0;0;0;0;0;0;0;-0,162029641741741;0;0;0;0;0;0;0;0;0,162395784582327;0;0;0;0;0;0;0;0;0;0;0;0;0;0;0;0;0;0;0;0;0;0;0;0;0;0,15349690693922;0;0;0;0;0;0;0,179252842724472;-0,165004712149065;0;0;0;0;0;0;0;0;0;0;0;0;0;0,179343004841758;0;0;0;0;0;-0,645855700131506;0;0;0;0;0;0;0;0;0;0;0;0;0;0,167998961179844;0;-0,165709967147805;0;0;0;0;0;0;0;0;0;0;0;0
"126";0;0;0;0;0;0;0;0;0;0;0;0;0;0;0;0;0;0;0;0;0;0;0;0,166636430702562;0;-0,144151090695537;0;0;0;0;0;0;0;0;0;0;0;0;0;0;0;0,161710096877425;0;0;0;0;0;0;0;0;0;0;0;0;-0,155273721078921;0;0;0;0;0;0;0;0;0;0;0;0;0;0;0;0;0;0;0;0;0;0,170526280108244;0;0;0;0;0;0;0;0;0;0;0;0;0;0;0;0;0;0;0;0,148401112489627;0;0;0;0;0;0;0;0;0;0;0;0;0;0;0;0;0;0;0;0;0;0;0,173752497049263;0;0;0;0;0;0;0;0;0;0;0;0;0;0;0;0;0;0;0;-0,180535484960552;0;0,161375841007021;0;0;0;0;-0,161970901006718;0;0;0;0;0;0
"127";0;0;-0,192434946392925;0;0;0;0;0,179428800471968;0;0;0;0;0;0;-0,196098238683283;0;0;0;0,183807917133121;-0,200178637106972;0;0;0;0;0;0;0;0;0;0;0;0;0,183756501591658;0;0;0;0;0;0;0;0;0;0;0;0,207614948554171;0;0;0,187869374253415;0;0;0;0;0;0;0;0;0;0;0;0;0;0;0;0;0;0;0,236959518925122;0;0;0;0;0;0,188095423711613;0;0;0;0;0;0;0;0;0;0;0;0;0,19565577591111;0;0,21781870242391;0;0;0;0;0;0,192440001326806;0;0;0;0;0;0;0;0;0;0;-0,189689023942308;0;0;0;0;0;0;0;-0,189037908656756;0,207751387577395;0;0;0;0;0;0;0;0;0,201696396897891;0;0;0;0;0;0;0;0;0;0;0,192076674938254;0;0;0;0;0;-0,201356113739475;0;0;0;0;0;0;0;0;0;0;0;0;0
"128";0;0;0;0;0;0;0;0;0;0;0;0;-0,167446560178766;0;0;0;-0,179366107586893;0;0;-0,187309734386875;0;0;0;0;0;0;0;0;0;0;0;0;0;-0,185246600718767;0;0;0;0;0,190252330483813;0;0;0;0;0;-0,194267986986271;0;0;0;0,198752124032205;0,202019653162022;0;0;-0,171077710007976;0;0;0;0;0;0;0;0;0;0;0;0;0;0;0;0;-0,167643001730299;0;0;0;0;0;0;0;0;0;0;0,183060270912554;0;0;0,175939759740649;0;0;-0,177749190815689;0;0;0,190185804214953;0;0;0;0;0;0;0;0,191143847620076;0;0;0;0;0;0;0;0;0;0;0;0,18574271000317;0;0;0;0;0;0;0;0;0;0;0;0;0;0;0;0;0;0;0,165903319444296;0;0;0;0;0,174469017081229;0;0;0;0,18697397569346;0;0;0;0;0;0;0;0;0;0,165796939843252;0;0,166946473281974;0;0;0
"129";0;-0,17074918848993;0;0;0;-0,168913996603045;0;0;0;0;0;0;0;0;0;0;0;0;0;0;0;0;0;0;0;0;0;0;0;0;0;0;0;0;0;0;0;0;0;0;0;0;0,194384583848357;0;0;0;0;0;0;0;0;0;0;0;0;0;0;0;0;0;-0,175262650718318;0;0;0;0;0;0;0;-0,173051356109273;0;0;0;0;0;0;0;0;0;0;-0,189005957318107;0;0;0;0;0;0;0;0;0;0;0;0;0;0;0;0;0;0,182049790036535;0;0;-0,172899778742553;0,187369559960123;0;0;0;0;0;0;0;0;0;0;0;0;0;0;0;0;0,183739603745499;0;0;0;0;0;0;0;0;0;0;0;0;0;0;0;0;0,170524643005084;0;0;0;-0,178839622216603;0;0;0;0;0;0;0;0;0;0;0;0;0
"130";0,175533506068205;0;0;0;0;0;0;0;0;0;0;-0,185526195173732;0;0;0;0;0;0;0;0,191699727751876;0;0;0;0;0;0;0;0;-0,173924588040696;0;0;0;0;0;0;0;0;0;0;0;0;0;0;0;0;0;0;0;0,203410293606986;0;0;0;0;0;0;0;0;0;0;0;0;-0,178379151916776;0;0;0;0;0;0;0,185954330453793;0;0;0;0;0;0,180780618110249;0,186601450611281;0;0;0;0;0;0,167693523952857;0;0;0;0;0;0;0;0;0;-0,180068407045048;0;0;0;0;0;0;0;0,17504217385632;0;0;0,190840738965096;0;0;-0,202172778503965;0;0;0;0;0;0;0;0;-0,176657349710651;0;0;0;0;0;0;0;0,193153200224849;0;0;0;0;-0,190984259800492;0;-0,50718748383224;0;0;0,180886341033017;0,181526513272973;0;0;0;-0,194537313548441;0;0;0;0;0;0;0;0;0;0,172503639354271;0;0;0;0;0,166466400679081
"131";0;0;0;0;0;0;0;0;0;0;0;0;0;0;0;0;0;0;0;0;0;0;-0,178025965066342;0;0;0;0;0;0;0;0;0;0;0;0;0;0;0;0;0;0;0;0;0;0;0;0;0;0;0;0;0;0;-0,163138878542271;0;0;0;0,159464134050392;0;0;0;0;0;0;0;0;0;0;0;0;0;0;0;0;0;0;0;0;0;0;0;0;0;0;0;0;-0,16277313856726;0;0;-0,17416191950548;0;0;0;0;0;0;0;0,175039244072866;-0,15969870280726;0;0;0;0;0;0;0;0;0;-0,163012427482185;0;0;0;0,161981952357638;0;0,158068622211709;0;0;0;0;0;0;0;0;0;0;0;0;0;0;0;0;0;0;0;0;0;0;-0,178368307591224;0;0;0;0;0,158189313274402;0;0;0;0;0;0;0;0;0;0
"132";0;0;0;0;0;0,182556255450781;0,181119647560009;0;0;0;0;0;0;0;-0,18887620700944;0;0;0;0;0;-0,172622854249459;0;0;0;0;0;0;-0,189725038485577;0;0;0;0,1849108424762;0;0;0;0;0;0,187074227876109;-0,195835276347286;0;0;0;0;0;0;0;0;0;0;0;0;0;0;0;0;-0,176441687364599;0,173406540160848;0;0;0;0;0;0;0;0;0;0;0,199526829520375;0;0;0;0;0;0;0;0;0;0;0;0,204270933846709;0;0;-0,182104360642952;0;0,185275353036745;0;0;0;0;0;0;0;0;0;0;0;0;0;0;0;0;0;0,191942382534713;0;0;0;0;-0,187022886822851;0;0,191193321261627;0,197179989454003;0;0;0;0;0;0;0;0;0;0;0;0;0;0;0;0;0;0;0,196588684096007;0;0;0;0;0;0;0;0;0;0;0;0,180728471232463;0;0;0;0;0;0;0;0;0;0;0
"133";0;0,162851023581672;0;0;0;0;0;0;0;0;0;0;0;-0,174332110522748;0;0;0;0;0;0;0;0;0,176591561303181;0;0;0;0;0;0;0;0,162081028580656;0;0;0;0,152319626794003;0;0;0;0;0;0;0;0;0;0;0;0;0;0;0;0;0;-0,15540147303517;0;0;0;0;0;0,153534078031717;0;0;0;0;0;0;0;0;0;0;0;0;0;0;0;0;0;0;0;0;-0,180263308332519;0;0;0;0;0;0;0;0;0;0;0;0;0;0;0;0;0;0;0;0;0;0;0;0;0;0;0;0;0;0;0;0;0;0;0;0;-0,158461555106463;0;0;0;0;0;0;0;0;0,15235165756664;0;0;0,161446260108497;0;0;0;0;0;0;0;0;-0,19158669577533;0;0;0;0;0;0;0;0;0;0;0;0,171065107156283;0;0;0
"134";0;0;0,160642084379182;0;0;0;0;0;0;-0,154024988366553;0;0;0;0;0;0;0;0;0;0;0;0;0;0;0;0;0;0;0;0;0;0;0;0;0;0;0;0;0;0;0;0;0;0;0;0;0;-0,15683080665327;0;0;0;0;0;0;0,154128046937101;0;0;0,155353370871573;0;0;0;0;0;0;0;0;0;0;0;0;0;0;0;0;0;0;-0,169268066237518;0;0;0;0;0;0;0;-0,160579269199816;0;0;0;0;0;0;0;0;0;0;0;0;0;0;0;0;0;0;0;0;0;0;0;0;0;0;0;0;0;0;0;0;0;0;0;0,156118480388349;0;0;0,161401143091547;0;0;0;-0,166482732423963;0;0;0;0;0;0;0;0;0;0;0;0;0;0;0;0;0,177061320625197;0;0;0;0;0;0;0;0
"135";0;0;0;0;0;0;0,163375598734389;0;0;0;0;0;0;0;0;0;0;0;0;0,173917352491225;0;0;0;0;0;0;0,17352733696305;0;0;0;0;0;0;0;0;0;0;0;0;0;0;0;0;0;0;0;0;0;0;0;0;0;0;0;0;0;0;0;0;0;0;0;0,157731037895026;0;-0,158232391255104;0;0;0;0;0;-0,162198111869457;0,153412385823057;0;0;0;0;0;0;0;0,184258784570468;0;0;0;0;0;0;0;0;0;0;0;-0,163364971812175;0;0;-0,164657801314076;0;0;0;0;0;0;0;0;0;0;0;0;0;0;0;0,177862530484523;0;0;0;0;0;-0,161973802739733;0;0;0;0;0;0;0;0;0;0;0;0;0;0;0;0;0;0;0,178925816718849;0;0;0;0;0;0;0;0;0;0;0;0;0;0;-0,179393260408376;0;0
"136";0;0;0;0;0;0;0;0;0;0;0;0;0;0;0;0,175358045664129;0;0;0;0;0;0;0;0;0;0;0;0;0;-0,171286748534744;0;0;0;0;0;0,175437578682345;0;0;0;0;0;0;0,195440119587935;0;0;0;0;0;0;0;0;0;-0,16382311795535;0;0;0;0;0;0;0;0;0;0;0;0;0;0;0;0;0;0;0,158219357092042;0;0;0;0;0;0,190184443636877;0;0;0;0;0;0;0;0;0;0;0;0;0,167489742978421;0;0;0;0;0;0;0;0;0;0;0;0;0;0;0;0;0,173986509556645;0;0;0;0;0;0;0;0;0;0,159692605168115;0;0;0;0;0;0;0;0,160608024369139;0;0;0;0;0;0,183941247103373;0;0;0;0;0;0;0;0,187992524228874;0;0;0;0;0;0;0;0;0;-0,171596854437413;0;0;0
"137";0;0;0;0;0;0;0;0;0;0;0;0;0;0;0;0;0;0;0;0;0;0;0;0,170061077653961;0;0;0;0,169062674512096;0;0;0;0,164772777619902;0;0;0;0;0;0,166700555443159;0;0;0;-0,165033499736853;0;0;0;0;-0,16448289547382;-0,161243655041863;0,182303834666808;0;0;0;0;0;0;0;0;0;0;0;0;0;-0,155818356311484;0;0,156313630149412;0;0;0;0;0;0;0;0;0;0;0;0;0;0;0;0;0;0;0;0;0;0;0;0;0;0;0;0;0;0;0;0;0;0;0;0;0;0;0;0;0;0;0;0;0;0;0;0;0,178307897208473;0;0;0;0;0;0;0;0;0;0;-0,159122640934195;0;0;0;0;0;0;0;0;0;0;0;0;0;0;0;0;0;0;0;0;0;0,16078888444017;0;0;0;0;0;0
"138";0;0;0;0;0;0;0;0;0;0;0;0;0;0;0;0;0;0;0;0;0;0;0;0,173232632889649;0;0;0;0;0;0,167128613754181;0;0;0;0;0;0;0,194343663604402;0;0;0;0;0;0;0;0;0;0;0;0;0;0;0;0;0;0;0;0;0,162703433622106;0;0;0;0;0;0;0,159228802268445;0;0;0;0;0;0;0;0;0;0;0;0;0;0;0;0;0;0;0;0;0;0;0;0,181421861666006;0,177699784835653;0;0;0;0;0;0;0;0,178594931072547;0;0;0;0;0;0;0;0,184573920143989;0,160902240796707;0;0;0;0;0;0;0;-0,161279573835915;0;0;0;0;0;0;0;0;0;0;0;0;0;0;0;0;0;0;0;0,161892898972765;0;0;0,753790904069319;0;0;-0,188138218642496;0;0;0;0,189752080986471;0;0;0;0;0;0;0;0
"139";0;-0,186703983212359;0;0;0;0;0;0;0;0;0,181759753619249;0;0;0;0;0;0;0;0;0,19506760043784;0;0;0;0;0;0;0;0;0;0,186280244803866;0;0;0;0;0;0;0,216613926359468;0;0;0;0;0;0;0;0,202314045168796;0;0,186750387148235;0;0;0;0;0,175155053000873;0;0;0;0;0;0;0;0;0;0;0;0;0;0,199636182692004;0;0;0;0;0;0,172069006061128;0;0;0;0;0;0;0;0;0;0,170639644145916;0;0;0;0;0;0,212257272935726;0;0;0,18215087034493;0;0;0;0;0;0;0;0;0;0;0,204877361272876;0,194193520524398;0;0;0;0;0;0;-0,193435674113469;0;0;0;0;0;0;0;0;0;0;0;0;0;0;0;0;0;0;0;0;0;0;0;0;0;0;0;0;0;0;0;0;0,169158740084679;-0,182689120948854;0;0;0;0;0;-0,170306443274259;0;0;0
"140";0;0;0;0;0;0;0;0;-0,176797311497325;0;0;-0,182857575761313;0;0;0;0;0;0;0;0;0;0;0;0;0;0;0;0;0;0;0;0;0;0;0;0;0;-0,183325082635857;0;0;0;0;0;0;0;0;0;0;0;0;0;0;0;0;0;-0,172905628336718;0;0;0;0;0;0;0;0,178376913360704;0;0;0;-0,195528122313659;0;0;0;0;0;0;0;0;0;0;0;0,200177150282569;0,184655806506969;0;0;0,177473233649212;0;0;0;0;0;0;0;0;0;0;0;0;0;0;0;0;0;0;0;0;0,179041492557267;0;0;0;0;0;0;0;0;0;0;0;0;0;0,194599528997485;-0,195007300081042;0;0;0;0,182491527604979;0;0,169182075568365;0;0;0;0;0;0;0;0;0;0;0;0;0,196033407612894;0;0,184036671881838;0;0;0,193048985745005;0,185615350880734;0;0;0;0;0;0;0;0
"141";-0,17111478757329;0;0;0;0;-0,176939356029131;0;-0,16750332672922;0;0;0;0;0;0;0;0;0;0,174281778505847;0;0;0;0;0;0;0;0;0;0;0;-0,178455800795125;0;0;0;0;0;0;0;0;0;0;0;0,179505081524879;0;0;0;0;0;0;0;0;0;0;0;0;0;-0,171012921260332;0;0;0;0;0;0;0;0;0,170020577447369;0,191250740987023;0;0;0;0;0;0;0;0;0;0;0,189291419670394;0;-0,220372498021987;0;0;0;0;0;0;0;0;0;-0,19371777745353;0;0;0;0;0;0;0;0;0;0;0;0;0;0;0,192372588988894;0;0,197083467548159;0;0;0;0;0;0;0;0;0;0;0;0;0;0;0;0;0;0;0;0;0,198967650180012;0;0;0;0;0;0;0;0;0;0;0;0;0;0;0;0;0;0,173261108034808;0,175970491155675;0;0;0;0;0;0;0
"142";0;0;0;0;0;0;0;0;0,159051163217055;0;0,158380967881588;0;0;0;0;0;0;0;0;0;0;0;0;0;0;0;-0,169595918110983;0;0;0;0;0;0;0;0,152168312729763;-0,166253549667032;0;0;0;0;0;0;0;0;0;0;0;0;0;0;0;0;0;0;0;0;0;0;0;-0,161035423553686;0;0;0;0;0;0;0;0;0;0;0;0;0;0;0;0;0;0;0;0;0;0;0;0;0;0;0;0;-0,176202017007777;0;0;0;0;0;0;0;0;0;0;0;0;0;0;0;0,161070083103509;0;0;0;0;0;0;0;0;0;0;0;0;0;0;0;0,158800406149556;0;0;0;0;0;0;0;0;0;0;0;0;0;0;0,16216168476382;0;0;0;0;0;0;0;0;0;0;0;0;0;0;0;0;0
"143";0;0,179012260439885;0;0;0;0;0;0;0;0;0;0;0;0;0;0;0;0;0;0;0;0;0;0;0;0,160148496731157;0;0;0;-0,178605978961395;-0,178165851601748;0;0;0;0;0;0;0;0,189969540435472;0;0;0;0;0;0;0;0;0,175530502272377;0;0;-0,200314617898145;0;0;0;0;0;0;0;0;0;0;0;0;0;0;0;0;0;0;0;0;0;0;0;-0,176378118562129;0;0;0;0;0;0;0;0;0;0;0;-0,177484985367402;0;-0,193880799223975;0;0;0,175683251772688;0;0,179800940011791;0;0;0;0;0;0;0;0;-0,186193248123217;0;0;0;0;0;0;0;0;0;0;0;0;0;0,174187183774139;0;0;0;0;0;0;0;0;0;0;0;0;0;-0,170633979612655;0;0;0;0;0;0;0;0;0;-0,185899866387708;-0,169090993349064;-0,81436731107533;0;0;0;0;0;-0,158284633105697;0;0;0;0
"144";0;0;0;0;0;0;0;0;0;0;0;0;0;0;0;0;0;0;0;0;0;0;0;0;0;0;0;0;0;-0,159653275792114;0;0;0;0;0;0;0;0;0;0;0;0;0;0;0;0;0;0;0;0;0;0;0;0;0;0;0;0;0;0;0;-0,155567464780838;0;0;0;0;0;0;0;0;0;0;0;0;0;0;0;0;0;0;0;0;0;0;0;0;0;-0,181917137646935;0;0;0;0;0;0;0;0;0;0;0;0;0;0;0;0;0;0;0;0;0;0;0;0;0;0;0,154065852057699;0;0;0;0;-0,172551138499373;0;0;0;0;-0,154840220221197;0;0;0;0;0;-0,152527222016982;0;0;0;0;0,159497549259236;0;0;0;0,16801231780129;0;0;0;0;0;0;0;0;0;0;0;0;0
"145";-0,166326014818863;0;0;0;0;0,171987578457159;-0,170634139695413;-0,162815623353652;0;0;0;0;0;0;0;-0,177584574984607;0;0;0;0;0;0;0;0;0;0;0;-0,17874134118961;0;0;-0,173034134049669;0;0;0;0;0;0;0;0;0;0;0;0;0;0;0;0;0;0;0;0;0;0;0;0;0;0;0;0;0;0;0;0;0;0;0;0,215019616036517;-0,187975679944288;0;0;0;0;0;0;0;0;0;0,192599224426959;-0,214205212135601;0;0;0;0;0;0;0;0;0;0;-0,184433326727226;0;0;0;-0,174622126948325;0;0;0;-0,185362392558849;0;0;0;0,190778961733145;0;0;0;0;0;0;0;0;0;0;0;0;0;0;0,169170063937285;0;0;0;0;0;0;0;0;0;0;0;0;0;0;0;0;0;0;0;0;0;0;0;0;0;0;0;0;0;0;0;0;0;0;0;0
"146";0;0;0;0;0;0;0,171650694005225;0;0;0;0;-0,17684184164356;0;0;0;0;0;0;0;0;0;0;0;0;0,171501179635575;-0,156462339141899;0;0;0;0;0;0;0;0;0;0;0;0;0;0;0;0;0;0;0;0;0;0;0,193888797735716;0,197076372699412;0,195703951772168;0;0,166891557382558;0;0;0;0;0;0,16488609080436;0;0;0;0;0,172508586171875;0;0;0,216300597191672;0;0;0;0;0;0;0;0;0;0;0;0;0;0;0;0;0;0;0;0;-0,198828540957221;0;0;0;0;0;0;0;0;0;0;0;0;0;0;0;0;0;0;0,167994176343798;0;0;0;0;0;0;0;0;0;-0,170177896003562;0;0;0;0;0;0;0;0;0;0;0,182044418020991;0;0,186311007741294;0;0;0;0;0;0,174324780038121;0;0;0;0;0;0;0;0;0;0;0;0;0;0;0;0;0
"147";0;0;-0,191592311855406;0;0;0;0;0;0;-0,183700328084602;0;0;0;0;0;-0,194847775670254;0;0;0;0;0;0;0;0,197275165427195;0;0;0;0;0;0;0;0;0;0;0;0;0,221316144353172;0;0;0;0;0;0;0;-0,206705843792089;0;0;0,187046731452534;0;0;0;0;0;0;0;0;0;0;0;0;0;0;0;0;0;-0,203969850735538;0;0;0;0;-0,185872329318185;0;0;0;0;0;0;0;0;0;0;0;0;0;0;0;0;0,216864917443478;0;0;0;0,187209502562937;0;0;0;0;0;0;0;0;0;0;-0,198409040190271;0;0;0;0;0;0,189407479234269;0;0;0,182215347051616;0;-0,206841685375838;0;0;0,185615280330693;0;0;0;0;0;0;0,192497615182975;0;0;0;-0,198558252729231;0;0;0;0;0;0;0;0;0;0,185522567959115;0;0;0;0;0;0,177224504186956;0;0;0;0;0;0;0;0;-0,154734774793194
"148";0;0;0;0;0;0;0;0;0;0;0;0;0;0,186311469028849;0;0;0;0;0;0;0;0;0;0;-0,170667205569933;0;0;0;0;0;0;0;0;0;0;0;0;0;0;0;0;-0,174667453752789;0;0;0;0;0;0;0,192945957404974;0;0;0;0;0;0;0;0;0;0;0;0;0;0;0;0;0;0;0;0;0;0;0;0;0,163851300718972;0;0;0;-0,192804486884405;0;0;0;0,159066618291271;0;0;0;0;0;0;0;0,184629886386236;0;0;-0,188448306922196;0;0;0;0;-0,185559942368969;0;0;0,176233507177553;0;0;0;0;0;0;0;0;0;0;0;0;0;0;0;0;-0,161892582852146;0;0;0,169881251981065;0;0;0;0;0;0;0;0;0;0,165895817943074;0,186475282028624;0;0;0;0;0;0;0;0;0;0;0,180889900381033;0;0;0;0;0;-0,15826127219767;0;0;0;0
"149";0;0;0;0;0;0;0;0;0,182291604894397;0;0;0;0;0;0;0;0;0;0;0;0;0;0;0;0;0;0;0;0;0;0;0;0;0,192668238681866;0;0;0;0;0;0;0;0;0;0;0;0;0;0;0;-0,210113279287316;0;0;0;0;0;0;0;0;0;0;0;0;0,176682881397578;0;0;0;-0,230609215936125;0;0,188975293382662;0;0;0;0;0;0;0;0;0;0;0,206398014082632;0,19039431672429;0;0;0;0,187204631638584;0,190412376261166;0;0;0;0;0,181914089404662;0;-0,201896232423145;0,187282781557068;0;-0,177136783170107;0;-0,198801750277429;0,181378649132546;0;0;0;0;0;0;0;0;-0,188970362553905;0;0;0;0;0;0;0;0;0;0;0;0;0;0;0,196291114012863;0;0;0;0;0;-0,184852856500308;0;0;0;0;0;0;0;0;0;0;0;0;0;0;0;0;0;0;0;0;0;0;0;0
"150";0;0;0;0;0;0;0;0;0;0;0;0,157458698290088;0;0;0;0;0;0;0;0;0;0;0;0;0;0;0;0;0;0;0;0;0;0;0;0;0;0;0;0;0;0;0;0;0;-0,152580885343058;0;0;0;0;0;0;0;0;0;0;0;0;0;0;0;-0,151392901884306;0;0;0;0;0;0;0;0;0;0;0;0;0;0;-0,164802893374204;0;0;0;0;0;0;0;0;0;0;0;0;0;0;0;0;0;0;0;0;0;0;0;0;0;0;0;0;0;0;0;0;0;0;0;0;0;0;-0,148646000927158;0;0;0;0;0;0;0,163931845039398;0;0;0,145682722097238;0;0;0;0;0;0;0;0;0;0;0;0;0;0;0;0;0;0;0;0;0;0;0;0;-0,172045151213252;0;0
"151";0;0;0;0;0;0;0;0;0;0;0;0;0;0;0,17863253473427;0;0;0;0;0;0;0;0;0;0;0;0;0;-0,165441356816098;0;0;0;0;0;0;0;0;0;0;0;0;0;0;0;0;0;-0,174574563593553;0;0;0;0;0;0;0;0;0;0;0;0;0;0;0;0;0;0;0,186620226084328;0;0;0;0;0;0;0;0;0;0;0;0;0;0;0;0;0;0;0;0;0;0;0,189027531283574;0;0;0,171285508948714;0;0;0;0;0;0;0,169773745929436;0;0;0;0;0;0;-0,192311732135022;0;0;0;0,180823980648453;0;0;0;0;-0,168040827101613;0;-0,169826890862083;0;0;0,188202873274608;0;0;0,183732086869127;0;0;0;0;0;0,173025667816502;0;0,16636263130941;0;0;0;0;0;0;0;0;0;0;-0,164858269426343;0;0;0;0;0;0;0;0;0;0;0
"152";0;0;0;0,179935399770766;0;0;0;0;0;0;-0,170730153982327;0;0;0;0,179495519854479;0;0;0;-0,16824576222974;0;0;0;0;0;0;0;0;-0,180302193439736;0;0;0;0;0;0;0;0;0;0;0;0;0;0;0;0;0;0;0;0;0;0;0;0;0;0;0;0,167678570524912;0;0;0;0;0;0;0,166177374764793;0,172984454784329;0;0;0;0;0;0;0;0;0,172170265720202;0;0;0,178357414377281;0;0,194281090137592;-0,216075751346762;0;0;0;0;0;0;0;0,173878118715007;0;0;0;0;0;0;0;0;0;0;0;0;0;0;0,19244493206612;0;0;0;0;0;0;0;0;0;0;0;0;0;0;0;0;0;0;0;-0,175230277877725;0;0;0;0;-0,195088247817822;0;0;0;0;0;0;0;0,169494767538539;0;0;0;0;0,184137649842661;0,182121991727659;0;0;0;0;0;0;0;0;0;0;0;0
"153";0;0;0,185211359879359;0;0;0;0;0;0;0;-0,179520475131751;0,186459771328702;0;0;0;0;0;0;0;0;0;0;0,199962842105119;0;0;0;0,192232313054507;-0,18958534669247;0;0;0;0;0;0;0;0;0;0;0;0,183734809886899;0;0;0;0;0;0;0;0;0;0,207794801537347;0;0;0;0;0,177701038174961;0;0;0,179113768301523;-0,173853780875191;0;0;0;0;0;0;0;0,228064577453973;0;0;0;0;0;0;0;0;0;0;0;0;0;-0,188293426249671;0;0;0;0;0;0;0;0;0;0,179906773302981;0;0;0;0;0;0;-0,19660808866672;0;0;0;0;0;0;0;0;0,177130906433076;0;0;0;0;0;0;0;0;0;0;0;0,198433034707337;0;0;0;0;0;0;0;-0,205132685257822;0;0;0;0;0;0;0;0;0;0;0;0;0;0,191498840270914;0;0;0;0;0;0;0;0;0;0;0;0
