"";"1";"2";"3";"4";"5";"6";"7";"8";"9";"10";"11";"12";"13";"14";"15";"16";"17";"18";"19";"20";"21";"22";"23";"24";"25";"26";"27";"28";"29";"30";"31";"32";"33";"34";"35";"36";"37";"38";"39";"40";"41";"42";"43";"44";"45";"46";"47";"48";"49";"50";"51";"52";"53";"54";"55";"56";"57";"58";"59";"60";"61";"62";"63";"64";"65";"66";"67";"68";"69";"70";"71";"72";"73";"74";"75";"76";"77";"78";"79";"80";"81";"82";"83";"84";"85";"86";"87";"88";"89";"90";"91";"92";"93";"94";"95";"96";"97";"98";"99";"100";"101";"102";"103";"104";"105";"106";"107";"108";"109";"110";"111";"112";"113";"114";"115";"116";"117";"118";"119";"120";"121";"122";"123";"124";"125";"126";"127";"128";"129";"130";"131";"132";"133";"134";"135";"136";"137";"138";"139";"140";"141";"142";"143";"144";"145";"146";"147";"148";"149";"150";"151";"152";"153";"154";"155";"156";"157";"158";"159";"160"
"1";0;0;0;0;0;0;0;0;0;0;0;0;0,217266249017864;0;0;0;0;0;0;0;0;0;0;0;0;0;0;0;0;0;0,217535501535471;0,20743764547675;0,219695892629261;0;0;0;0;0;0;-0,210701609463146;0;0;0;0;0;0;0;0;0,226525360987895;0;0;0;0;0;0;0;0;0,24124669540054;0;0;0;0;0;0;0;0,216001183004296;0;0;0;0;0;0;0;0;0;-0,196778855302254;-0,218813944882411;0;0;0;0;0,237586523526412;0;0;0;0;0;0;0;0;0;0;0;0;0;0;0;0;0;0;0;0;0;0;0;0;0;0;0;0;0,211922081449507;0;0;0;0;0,212130043572749;0;0;0;0;0;0;0;0;0;0;0;0;0;0;0;0;0;0;0,221364541460867;0;0;0;0;0;0;0;0;0;0;0;0;0;0;0;0;0;0;0;0;-0,246547279915968;-0,224066683552892;0;0;0
"2";0;0;0;0;0;0;0;0;0;0;0;0;0,183346640121931;0;0,16542737782712;0;-0,194869157828646;0,183508579480364;0;0;0;0;0;0;0;0;0;0,180139862039468;0;0;0;0;0;0;0;0;0;0;0;0;0;0;0;0;0;0;0;0;0;0;0;0;0;0;0;0;0;0;0;0;0;0;0;0;0;0;0;0;0;0;0;-0,182296089442444;0;0;0;0;0;0;0;0;0;0;0;0;0;0;0;0;0;0;0;-0,181291818199483;0;0;0,164671728858964;0;0;0;0;0;0;0;0;0;0;0;0;0;0;0;0;0;0;0;0;0,179012299120534;0,176289475942901;0;0;0;0;0;0;0;0;0;0;0;0;0;0;0;0;0;0;0;0;0;0;0;0;0;0;0;0;0;0;0;0;0;0;0;0;0;0;0;0;-0,172936164440628;0;0
"3";0;0;0;0;0;0;0;0;0;0;0;0;0;0;0;0;0;0;0;0;0;0;0;0;0;0;0;0;0;0;0;0;0;0;0;0;0;0;0;0;0;0;0;0;0;0;0;0;0;0;0;0;0,170211091388229;0;0;0;0,163718728027532;0;0;0;0;0;0;0;0;0;0;0;0;0;0;0;0;0;0;0;0;0;0;0;0;0;0;0;0;0;0;0;0;0;0;0;0;0;0;0;0;0;0;0;0;0;0;0;0;0;0;0;0;0;0,160044994766408;0;0;0;0;0;0;0;0;0;0;0;0;0;0;0;0;0;0;0;0;0;0;0;0;0;0;0;0;0;0;0;0;0;0;0;0;0;0;0;0;0;0;0;0;0;0;0;0;0
"4";0;0;0,186475451332242;0;-0,191253547828166;0,205280686461142;0;0;0;0;0;0;0;0;0;0;0;0;0;0;0;0;0;0;0;0;0;0;0;0;0;0;0;0;0;0;0;0;0;0;0;0;0;0,190995432562779;0;0;0;-0,212317483624454;0;0;0;0;0;0;0;0;0;0,223120338045043;0;0;0;0;0,203376027900918;0;0;0;0,201936766398588;0;-0,177758965726426;0;0;0;0;0;0;0;0;0;0;-0,204319451544488;0;-0,219735177537445;0;0;0;0;0;0;0;0;0;0;0;0,203866256578139;0;0;0;0;0,196106857800901;0;-0,202159864336148;0;0,190767785623735;-0,202493782658478;0;0;0;0;0;0,201252587176761;0;0;0;0;0;0;0;0;0;0;0;0;0;0,214236573087003;0;0;0;0;0;0;0;0;0;0;0;0;0;0;0;0;0;0;0;0;0;0;0;0;0;0;0;0;0;0;0;-0,228022656839317;0;0;0;0
"5";0;0;0;0;0;0;-0,182153279219341;0;0;0;0;0;0;0;0;0;0;0;0;0;0;0;0,18282686869486;0;0;0;0;0;0,200110091291315;0,199196418344036;0;0;0,194346184465179;0;0;0;0,187650659505707;0;0;0;0;0;0;0;0;0;0;0;0;0;0;0;0;0;0;0,185849442577285;0;0;0,182809799880573;0;0;0;0;0;-0,178088499082801;0;0;0,186725736167427;0;0;0;0;0;0;0;0;0;0;0;0;0;0;0;0;0;0;0;0;0;0;0;0;0;0;0;0;0;0;0;0;0;0;0;0;0;0;0;-0,192018580495325;0;0;0;0;0;0;0;0;0;0;0;0,174933549206048;0;0;0;0;0;0;0;0;0;0;0;0;0;0;0;0;0;0;0;0;0;0;0;0;0;0;0;0;0;0;0;0;0;0;0;0;0;0;0;0
"6";0;0,182799270724046;0;0;0;0;0;0;0,188428333858942;0;0;0,187640069884972;0;0;0;0;0,219257819739886;0;-0,203891322506638;0;0;-0,213853330945962;0;0,227507525285951;0;0;0;0;0;-0,213806112161661;0;0;0;0;0;0;0;0;0;0;0;0;0;0;0;0;0,184912117209131;0,217971967525973;0;0;0;0;0;-0,190256575947168;0;0;0;0;0;0;0;0;0;0;0;0;0;0;0;0;0;0;-0,202573163986476;0;-0,208178095960831;0;-0,207762741870026;0;0;0;0;0;0;0;0;0;0;0;0;0;0;0;0;0;0;0;0;0;0;0;-0,207543828383329;0;0;0;0;0;0;-0,20610182903791;0;0;0;0;0;0;0;0;0;0;0;-0,187763727647896;0;0;0;0;0;0;0;0;0;0;0;0;0;0;0;0;0;0;0;0;0,181880690266075;0;0;0;0;0;0;0;0;0;-0,206713181000824;0;0;0;0;0;0;0;0;0
"7";0;0;0,186631017247323;0;0;0;0;0;0;0;0;0;0,191380439038769;0;0;0;0;0;-0,189152179851399;0;0;0;0;0;0;0;0;0;0;0;0;0;0;0;0;0;0;0;-0,17795423080087;0;0;0;0;0;0;0,189518331560715;0;0;0,199536390190611;0;0;0;0;0;0;0;0;0,212503776776721;0;-0,198738197433868;0;0;0;-0,191165664835124;0;0;0;0;0;0;0;0;0;0,180331398647727;0;0;0;0;0;0;0;0;0;0;0;0;0;0;0;0;0;0;0;0;0;0;0;0;0;0;0;0;0;0;0;0;0;0;0;0;0;0;0;0;0;0;0;0;0,193243771975067;0;0;0;0;0;0;0;0;0;0;0;-0,17420573060457;0;0;0;0;0,181437402786547;0;0;0;0;0;0;0;0;0;0;0;0;0;0;0;0;0;0;0;0;0;0;0;0
"8";0;0;0;0;0;0;0;0;0;0;0;0;0;0;0;0;0;0;0;0;0;-0,192563425560866;0;0;0;0;0;0;0;0;0;0;0;0;0;0;0,181362072557384;-0,183260109425309;0;0;0;0;0;0;0;0;0;0;0;0;0;0;0;0;0;0;0;0;0;0;0;0;0;0;0;0;0,186675819986865;0;0;0;0;0;0,182406241751716;0;0;0;0;0;0;0;0;-0,20312915363712;0;0;0;0;0;0;0;0;0;0;0;0;0;0,183902448375921;-0,176129793669654;0;0,181286494470116;0;0;0;0;0;0;0;0;-0,185583614893183;0;0;0;0;0;0;0;0;0;0;0;0;0;0;0;0;0;0;0;0;0;0;0;0;0;0;0;0;0;0;0;0;0;0;0;0;0;0;0;0;0;0;0;0;0;0;0,198230249868923;0;0;0;0;0
"9";0,212810767069953;0;0;0;0;0;0;0;0;0;0;0;0;0;0;0;0;0;0;0;0;0;0;0;0;0;0;0;0;0;0;0;0;0;-0,18222343463048;0;0;0;0;0;0;0;0;0;0;0;0;0;0;0;0;0;0;0;-0,182206338363164;0;0;0;0;0;0;0;0;0;0;0;0;0;0;0;0;0;0,181119471386291;0;0;0;0;0;-0,159830774098393;0;0,180263049014802;-0,201696195133375;0;0;0;0;0;0;0;0;0;0;0;0;0;0;0;0;0;0;0;0;0;0,185870218679118;0;0;0;0;0;0;0;0;0;0;0;0;0;0;0;0;0;0;0;0,196648994186187;0;0;0;0;0;0;0;0;0;0,182800510793955;0;0;0;0;0;0;0;0;0;0;0;0;0;0;0;0;0;0;0;0,174559184309541;0;-0,209303320497494;0;0;0;0
"10";0;0;0,194154658693059;0,183936449176938;0;0;-0,184089896946221;0;0;0;0;0;0;0;0;0;0;0;0;0;0;0;0;0,207728127567079;0;0;0;0;0;0;0;0;0;0;0;0;0;0;0;0;0;0;0;0;0;0;0;0;0;0;0;0;0;0;0,186071470584994;0,182137509543805;0;-0,209147937099912;0;0;0;0;0,190640069227863;0;0;0;0;0;0;0;0;0;0;0;0;0;0;0;0;0;0;0;0;0;0;0;0;0;0;0;0;0;0;0;0;0;0;0;-0,183826114282437;0;0;0;0;0;0;0;0;-0,18818343252771;0;0,188649604123235;0;0;0;0;0;0;0;0;0;0;0;0;0;0,20082049760724;0;0;0;0;0;0;0;0;0;0;0;0;0;0;0;0;0;0;0;0;0;0;0;0;-0,19835735708976;0;0;0;0;0;0;0;0;0,177663144913281;0;0
"11";0;0;0;0;0;0;0;0;-0,171982189947902;0;0,716728864703327;0;0;0;0;0;0;0;0,224168815813557;0;0,196636948484855;0;0;0;0,238838699232457;0,251871681603479;0;0;0;0;0;0;0;0;0;0;0;0;0;0;0;0;0;0;0;0;0;0;0;0,234005434507577;-0,216990723340545;0;0;0;0;0;0;-0,251843357202492;0;0;0;0;0;0;0;0;0;0;0;0;0;-0,225509992320931;0,222719563187763;0;0;0;0;0;0;0;0;0;0,227114969431838;0;0;0,198173513538118;0;-0,211244255464241;0;0;0;0,224267655192467;0;0;0,203707717614995;0;0;0;0;0;0,228184572379671;0;0;0;0,213747577677909;0;0;0;0;0;0,221230671653229;0;-0,22244343183739;0;0;0;0;0;0;0;0;0;0;0;0;0;-0,218246120458051;0;0;0;0;0;0;0;0;0;0;0;0;0;0;0;0;0;0;0;-0,202142917387117;0;0;0,217775038016602;0;0;0;0;-0,242040810870399;0;0;0;0;0
"12";0;0;0;0;0;0;0;0;0;0;0;0,187234350014478;0;0;0;0;0;0;0;0;0;0;0;0,202562185958633;0;0;-0,175378845673301;0;0;0;0;0;0,18572793000774;0,176194980580302;0;0;0;0;0;0;0;0;0;0;0;0;0;0;0;0;0;0;0;0;0;0;0;0;0;0;0;0;0;0,183467816540508;0;0;0;0;0;0;0;0;0;0;0;0;0;0;0;0;0;0;0;0;0;0;0;0;0;0;0;0;0;0;0;0;0;0;0;0;0;-0,209514251262673;0;0;0;0;0;-0,183503543311451;0;0;0;0;0;0;0;0;0;0;0;0;0;0;0;0;0;0;0;0;0;0;0;0;0;0;0;0;0;0;0;0;0;0;0;0;0;0;0;0;0;0,176357629272615;0;0;0;-0,173828940011887;0;0;0;0;0;0
"13";0;0;0;0;0;0;0;0;0;0;0;0,170721487370937;0;0;0;0;0;0;0;0;0;0;0;-0,222698723580448;0;0;0;0;0;-0,209286915728411;0;0;0;-0,193710376350936;0;0;0;0;0;0;0;0;0;0;0;0;0;0;0;0;0;0;0;0;0;0;0;0;0;0;0;0;0;0;0;0;0;0,196184518449038;0;0;0;0;0;0;0;0;0;0;0;0;0;0;0;0;0;0;0,188131762840296;0;0;0;0;0;0;0;0;0;0;0;0;0;0;0;0;0;0;0;0,216015024233057;0;0;0;-0,196965809141383;0;0;0;0;0;0;0;0,203898889119497;0;0;0;0;0;0;-0,182850324084046;-0,194308607331664;0;0;0;0;0;0;0;0;0;0,210853528090188;0;0;0;0;0;0;0;0;0,193097714944638;0;0;-0,212652618372138;0;0;0;-0,184616256191463;0;0;0;0;0;0;0
"14";0;0;0;0;0;0,179682031486371;0;0;0;0;0;0;0;0;0;0;0;0;0;0;0;0;0;0;0;0;0;0;0;0;0;0;0;0;0;0;0;0,192044172435297;0;0;0;0;0;0;0;0;0;0;0;0;0;0;0;0,179527363078911;0;0;0,194229916650911;0;0;0,202143468894147;0;0;0;0;0;0;0;0;0;0;0;0;0;0,183421279572161;0;0;0;0;0;0;0;0;0;0;0;0,17008269550757;0;0;0;0;0;0;0;0;0;0;0;0;0;0;0;0;0;0;0;0;0;0;0;0;0;0;0;0;0,196970408087874;0;0;0;0;0;0;-0,187686929015891;0;0;0;0;0;0;0;0;-0,177190651522162;0;0;0;0,198331503339038;0;0,203259047594112;0;0;0;-0,171623821967173;0;0;0;0;0,186142759799867;0;0;0,204993338599613;-0,186905731340343;0;0;0;0;0;0;0;0;0;0
"15";0;0;0;0,165052537938626;0,184188249951516;0;0;0;0;0,171849532691579;0;0;0;0;0,275088875554502;0;0;0;0;0;0;0;0;0;0;-0,202329532656465;0;0,179010374133863;0;0;0;0;-0,184234517470675;0;0;0;0;0;0;0;0;0;0;0;0;0;0;0;0;0;0,174309518897794;0;0;0;0;0;0;0;0;0,189201741759898;0;0;-0,184404297712657;0;0;0;0;0,177010554628749;0;0;0;0;0;0;0;0;0;0;0;0;0;0;0;0;0;0;0;0;0;0;0;0;0;0;0;0;0;0;0;0;0;-0,20782957621398;0;0;0;0;0;0;0;0;0;0;0;0;0;0;0;0;0;0;0;0;0;0;0;0;0;0;0;0;0;0;0;0;-0,185633827711025;0;0;0,173675453022444;0;0;0;0;0;0;0;0;0;0;0;0;0;0;0;0;0;0;0;0;0;0
"16";0,20334793094752;0;0;-0,182206026187663;0;0;0,182358030362983;0;0;0;0;0;0;0;0,170232820053077;0;0;0;0;0;0;0;0;0;0;0;0;0;0;0;0;0;-0,211653014149949;0,200789395091834;0;-0,192449100313533;0;0;0;0;0,218045602951185;0;0,201048179872725;0;0;0;0;0;-0,2182324615208;0;0;0;0;0;0;0;0,208850248418285;0;0;0;0;0;0;0,209077419689597;0;0;0;0;0;0;0;0;0;0;0;0;0;0;0;0;0;0;0;0;0;0;0;0;0;0;0;0;0;0;0;-0,207223772205009;0,198465439499252;0;0;0;0;0;0;-0,210929064820516;0;-0,215846229241579;0;0;0,244612000613952;0;0;0;0;0;0;0;0;0;0;0;0;0;0,198394107972965;0;0;0;0;0;0;-0,206862426041321;0;0;0;0;0,213260575176877;0;0,218559032075326;0;0;0;0;0;0;0;0;0;0;0;-0,22042386893246;0;0;0;0;0;0;0;0;0;0;0,199394059675063
"17";0;0;0;0;0;0;0;0;0;0;0;0;0;0;0;0;0;0;0;0;0;-0,222488789428456;0;0;0;0;0;0;0;0;0;0;0;-0,205884208606568;0;0;0;0,211739689288377;0;0;-0,223578274057824;-0,208426978059425;0;0;0;0,212535132695309;0;0;0;0;0;0;0;0;0;0;0;-0,238312135947786;0;0;0;0;0;0;0;0;0;0;0;0;0;0;0;0;0;0;0;0;0;0;0;0;0;0;0;0;0;0;0;0;0;0;0;0;0;-0,212481851072777;0;0;0;0,202282047225885;0;0;0;0;0,202263193899259;0;0;0,214424279663066;0;0;0;-0,192126531004779;-0,210491830944349;0;0;0;0,206362358903217;0;0;0;0;0;0;0;0;0;0;0;0;0;0;0;0;0;0;0;0;0;0;0;0;0;0;0;0;0;0;0;0;0;0;-0,215499579580595;0;0;0;0;0,221341104231792;0;0;0
"18";0;0;0;0;0;0;0;0;0,184152633031813;0;0;0,167749051133859;0;0;0;0;0;0,288318266160786;0;-0,196651990650136;0;0;0;0;0;0;0;0;0,210432570467985;0;0;0;-0,204371338265578;0;0;0;0;0;-0,187932152891518;0;0;-0,196275999215344;0;0,192107025129147;0;0;0;0;0;0;0;0;0,209662143672867;0;0;0;0;0;0;0;0;0;0,204559675476982;0;0;-0,200934347516593;0;0;0;0;0;0;0;0;0;0;0;0;0;0;0;0;0;0;0;0;0;0;0;0;0;0;0;0;0;0;0;0;0;0;0;0;0;0;0;0;0;0;-0,236196409118353;0;0;0;0;0,18466498059793;0;0;0;0;0;0;0;0;0;0;-0,216933544966747;0;0;0;0;0;0;0;0;0,200308580522312;0;0;0,211039762673159;0;0;0;0;0;0;0,209427154578936;0;0;0;0;0;0;0;0;0;0;0;0;0;0;0;0,19253413886716
"19";0;0;0;0;0;0;0;0;0;0;0;0;0;0;0;0,167464181074777;0;0;0,15366364014335;0;0;0;0;0;0;0;0;-0,196090960710674;0;-0,206850169867076;0;0;0;0;0;0;0;0;-0,185580130331663;0;0,207908981469767;0;0;0;0;0;0;0;0;0;0;0;0;0;0;0;0;0;0;0;0;0;-0,201999554900722;0;0;0;0;0;0;0;0;0;0;0;0;0;0;0;-0,172946962066632;0;0;0;0;-0,194086539840404;0;0;0;0;0;0;0;0;0;0;0;0;0;0;0;0;0;-0,22765999714305;0;0;0;0;0;0;0,23324034612298;0;0;0;0;0;0;0;0;0;0;0;0;0;0;0;0;0;0;0;0;0;0;0;0;0,197801663568123;0;0;0;0;0;0,186979703387831;0;0;0;0;0;0;0;0;0;0;0;0;0;0;0;0;0;0;0;0
"20";0;0;0;0;0;0;0;0,159450085901815;0;0;0;0;0;0;0;0;0;0;0;0;0;0;0;0;0;0,218189012911507;0;0;0;0;0;0;0;0;0;0;0;0;0;0;0;0;0;0;0;0;-0,176114600448299;0,207601570676682;0;0;0;0;0;0;0;0;0;0;0;0,204032207922023;0;0;0;0;0;0;0;0;0;0;0;0;0;0;0;0;0;0,191974025367494;0;0;0;0;0;0;0;0;0;0;0;0;0;0;0;0;0;0;0;0,183140140200246;0;0;0;0;0;0;0;0;0;0;0;0;0;0,175883548090122;-0,192696187647074;-0,179518477498513;0,198810812327138;0,191833673785685;0;0;-0,198391421338985;0;0;0;0;-0,209478034074293;0;0;0;0;0;0;0;-0,207794692166195;-0,179988660335673;0;0;0;-0,205158210095182;0;0;0;0;0;0;0;0;0;0,175110450412533;0;0;0;0;0;0;0;0;0;0;0;0;0
"21";0;-0,18213846429715;0;0;0;0;0;0;0;0;0;0;0;0;0;0;0;0;0;0;0;0;0;0;0;0;0;0,172007547078628;0;0;0;0;0;0;0;0,160965102731654;0;0;0;0;0;0;0;0;0;0;0;0;0;0;0;0;0;0;0;0;0;0;0;0;0;0;0;0;0;0;0,175936511938818;0;0;0;0;0;0;0;0;0;0;0;0;0;0;0;0;0;0;0;0;0;0;0;0;0;0;0;0;0;0;0;0,170857229934397;0;0;0;0;0,176421809884339;0;-0,180534543458542;0;0;0;0;0;0;0;0;0;0;0;0;0;0;0;0;0;-0,186652663954494;0;0;0;0;0;0;0;0;0;0;0;0;0;0;0;0;0;0;0;0;0;0;0;0;0;0;0;0;0;0;0;0;0;0;0;0
"22";0;0;0;0;0;0;0;0;0;0;0;0;0;0;0;0;0;0;0;0;0;0;0;0;0;0;0;0;0;0;0;0;0;0;0,206811192744049;0;0;0;0;0;0;0;0;0;0,223033164811966;0;0;0;0;0;0;0;0;-0,193060185098557;0;0;0;0;0;0;0,203794614761116;0;0;0;0;0;0;0;0;-0,210390554642414;0;0;0;0;0;0;0;0;0;0;-0,20458628853105;0;0,209614994985851;0;0;0;0;0;-0,183139899486434;0;0;0;0;0;0;0;0,198485179384748;0;0;0;0;0;0;0;0;0;0;0;0;0;0;0;0;0;0;0;0;0;0;0;0;0;0;0;-0,224685153215516;0;0;0;0;0,206883001112799;0;0,221389745518279;0;0;0;0;0;0;0;0;0;0;0;0;0;0;0;0;0;-0,200994736789438;0;0;0;0;0;0;0;0;0;0
"23";0;0;0;0,169836347999675;0;0;0;0;0;0;0;-0,166988940153551;0;0;0;0;0;0;0;0;0;0;0;0;0;0;0;0;0;0;0;0;0;0;0;0;0;0;0;0;0;0;0;0,182580126052598;0;0;0;0;0;-0,19818241829999;0;0;0;0;0;0;0;0;0;0;-0,187005894847764;0,176311842397014;-0,194415229264822;0;-0,177987744497297;0;0;0;0;0;0;0;0;0;0;0;0;0,187684373754516;0;0;0;0;0;0;0;0;0;0;0;0;0;0;0;0;0;0;-0,182133853872305;0;0;0;0;0;0;0;0;-0,198084390283589;0;0;0,224483045953205;0,192385347869859;0;0;0;0;0;0;0;0;0,193958373279913;0;0;0;0;0;0;0;0;0;0;0;0;0;0;0;0;0;-0,200573958422771;0;0,180413400805322;0;0;0;0;0;0;0;0;0;0;0;0;0,19287233938901;0;0;0;0;0;0;0;0
"24";0;0;0;0;0;0;0;0;0;0;0;0;0;0;0;0;0;0;0,165687489225121;0;0,179069896497922;0;-0,173308361520548;0;0;0;0;0;0;0;0;0;0;0;-0,220015757783654;0;0;0;0;0,215969943311033;0,231990539260783;0;0;0;0;0;0;0;0;0;0;0;0;0;0;0;0,2222071030075;0;0;0,231260535912116;0,216806576104354;-0,204408352516724;0;0;0;0;0;0;0;0;0;0;0;0;0;0;0;0;0;0;0;0,243527081488381;0;0;0;0;-0,207478429802333;0;0;0;0;0;0;0;0;0;0;0;0;0;0;0;0;0;0;0,229650506322619;0;0;-0,260255970145814;0;0;0;0;0;0;0;0;0;0;0;0;0;0;0,237433113699144;0;0;0;0;0;-0,2200921510023;0;0;0;0;0;0;0;0;0;-0,208637077210981;0;0;0;0;0;0;0;0;0;-0,21382793038665;0;0;0;0;0;0;0;0;0;0
"25";0;0;0;0;0;0;0,181869957711517;0;0,196143416543072;0;0;0;0;0;0;0,187421710245988;0;0;0;0;0;0;0;0;0;0;0;0;0;0;0;0;0;0;0,210080751671992;-0,195511047412375;0;0;0;0;0;0;0;0;0;0;0;0,224680773053424;0;0;0;0;0;0;-0,210061041821304;0;0,212173144764358;0;0,202256892041809;0;0;-0,195178112592156;0;0;0;0;0;0;0;0;0;0;0;0;0;0;0;0;0;0;0;0;0;0;0;0;-0,198109557822939;0;0;0;0;0;0;0;0;0;0;0;0;0,200415123906719;0;-0,242558347768294;0;-0,214285036020363;0;0;0;0;0;0;0;0;0;0;0;0;0;0;0;0;0;0;0;0;-0,228237288566242;0;0;0;0;-0,210153695287291;-0,193559768775848;-0,224889782481511;0;-0,21074604806727;0;0;-0,222036399301769;0;0;0;0;0;0;-0,220339763131454;0;0;-0,189516636315316;0;0;0;0;0;0;0;0;0;0;0;0;0
"26";0;0;0;0;0;0;0;0;0;0,173585587658748;0;0;0;0;0;0;0;0;0;0;0;0;0,16027895724452;0;0;-0,494366060011089;0;-0,220323954704375;0;0;0;0;0;0;0;0;0;0;0;0;0;0;0;0,21314628978695;0;0;0;0;0;-0,231360598083271;0;0;0,23262401779741;0;0,221523681099165;0;0;0;0;0;0;0;-0,226962735166139;0,223994416766774;0;0;0,225356554090818;0;0;0;0;0,222961175268924;0;0,211299589283841;0;0;0,2258434906404;0;0;0;0;0;0;0;0;0;0,208920026909125;0;0;0;0;0;0;0;0,201405319841226;0;0;0;0;0;0;0,255794304422585;0;0;0;0;0;0;0;0;0;0;0;-0,204889204033882;0;0;0;0;0;0;0;0;0;0;0,240691771729368;0;0;0;0;0;0;0;0;0;0;0;-0,234152511502701;0;0;0;0;0;0;0;0;0;0;0;0;0;0;0;0;0;0;0;-0,231264977088171;0;0;0
"27";0;0;0;0,17842787819894;0;0,17788017932933;0;0,179996110456661;0;0;0;-0,175436428215855;0;0;0;-0,18402795413656;0;0;0;0;0;0,172366515550489;0;-0,182075530853415;0;0;-0,445481216767803;0;0;0;0;0;0;0;0;0;0;0;0;0;0;0;0,185200399461796;0;0;0,190937062967987;0;0;0;0;0;0;0;0;0;0;0;0;0;0,200225948619741;0;-0,176977261282543;0;0;0;0;0;0;0;0;0;0;0;0;0,194574827148901;0;0,194186614114043;0;0;0;0;0;0;0;0;0;0;0;0;0;0;0;0;0;0;0;0;0;0;0;0;0;0;0;0;0;-0,2062593372714;0;0;0;0;0,172602407343499;0;0;0;-0,188254980437344;0;0;0;0;0;0;0;0;0;0;0;0,180409734055934;0;0;0;0;0;0,19109344750659;0;0;0;0;0;0;0;0;0;0;0;-0,184377021248912;0;0;0;0;0;0;0;0;0;0;0;0;0;0,183676666585633
"28";0;0;0;0;0;0;0;0;0;0;0;0;0;0;0;0;0;0;0;0;0;0;0;0;0;0;0;0,739850793266669;0;0;0;-0,189425777269116;0;0;0,196010722266358;0,182416815007336;0;0;0;0;0;0;0;0;0,211385520987007;0;0;0;0;0;0;0;0;0;0;0;0;0,220299178024439;0;0;0;0;0;0;0;0;0;0;0;0,199403156213681;0;0;0;0;0;0;0;0;0;0;0;0;0;0;0;0;0;0;0;0;0;0;-0,174821368759561;0;0,178192679951195;0;0;0;-0,193627259428821;0;0;0;0;0;0;0;0;0;0;0;0;0;0,194581686549354;0;0;0;0;0;0;0;0;0;0;0;0;0,179652226691839;0;0;0;0;0;0;0;0;0;0;0;0;0;0;0;0;0;0;0,181323973686236;0;0;0;0,208933271481895;0,190498023859824;0;0;0;0;0;0;0;0;0;0
"29";0;0,1840595716764;0;0;0;0;0;-0,178891973366862;0;-0,184636089814332;0;0,174360261254226;0;0;0,165680349682104;0;-0,173342187278982;0;0;0;0;0;0;0;0;0;0;0;0;0;0;0;0;0;0;0;0;0;0;-0,203894320696151;0;0;-0,201945835502777;0;0;0;0;0;0,219206842874904;0;0,201145034774245;0;0;0;0;0;0;0,233452564525797;0;0;0;0;-0,212793937534079;0;0,194813508836792;-0,209022677095066;0;0;0;0;0;0;0;0;0;0;0;0;0;0;0;0;0;0;0;0;0;0;0;0;0;0;0;0;0;0;0;0;0;0;0;0,239825613649873;0;0;0;0;0;0;0,245704163396368;0;0;0;-0,206199560715847;0;0;0;0;0;0;0;0;0;0;0;0;0;0;-0,196722008066052;0;0;0;0;0;0;-0,214212757664164;0;0;0;0;0;0;0;0;0;0;0;0;0;0;0;0;0;0;0;0,224365846474028;0;0;-0,198308993035443;0;0
"30";0;0;0;0;0;0;0;0;-0,184614498880165;0;0;0;0;0;0;0;0,167187847530713;0;0;0;0;0;0;0;0;0;0;0;0;0,43378482805565;0;0;0;-0,200765027445189;0;0;0;0;-0,194604486708233;0;0;0;0;0;0;0;0;0,221135151583217;0;0;0;0,203167025728244;0;0;0;0;0;0;0;0;0;0;0;0;0;0;0;0;0;0;0;0;0;0;0,211199152483305;0;0,210777770821831;-0,204488843997217;0;0,212804956602671;0,204541115908364;0;0;0;0;0,182863190804418;0;-0,194924124337456;0;0;0;0;0;0;0;0;0;0;0;-0,197252431538251;0;0;0;-0,210903466631348;0;0;0;0;0;0;0;0;0;0;0;0;0;0;0;0;0;0;0;0;0,224635542766437;0;0;0;0;0;0;0;0;0;-0,213234694037404;0;0;0;0;0;-0,184520121869599;0;0;0;0;0;0;0;0;0;0;0;0;0;0;0;0;0;0;0
"31";0;0,176170796704109;0;0;0;0;0;-0,171224681145181;0;0;0;0;0;0;0,158579306340166;0;0;0;0;0;0;0;0;0;0;0;0;0;0;0;-0,313779561314732;0;0;0;0;0;0,197400625485203;0;0;0;0,210618891941365;-0,196345818280222;0;0;0;0;0;-0,213629135312647;0;0;0;0;0;0;0;0;0;0;0,19230824413997;0;0;0;0;0;0;0;0;0;0;0;0;0;-0,198537134619483;0;0;0;0;0;0;0;0;0;0;0;0;0;0;-0,188307792025164;0;0;0;0;0;0;0;0;0;0;0;0;-0,203408764439968;0;0;0;0;0;0;0;0;0;0;0;0;0;0;0;0;0;0;0;0;0;0;0;0;0;0;0;0;0;0;0;0;0;0;0;0;0,192726700893421;0,189894766844307;0;0;0;0;0;0;0,193337016014767;0;0,208645708517145;0;0;0,202594666718649;0;0;0;0;0;0;0;0;0,192602626881929
"32";0;0;0;0;0;0;0;0;0;0;0;0;0;0;0;0;0;0;0;0;0;0,170069528076427;0;0,179649159279053;-0,181089585797332;0;0;0;0;0;0;0;0;0,184947383941577;0;0;0;0;0;0;0;0;0;0;0;0;0;0;0;0;0;0;0;0,177810312668452;0;0;0,19237224686515;0;0;0;0;0;0;0;0;0;0;0;0;0,19377175197651;0;0;0;0;0;0;0;0;0;0;0;0;0;0;0;0;0;0;0,168673632904308;0;0;0;0,169884186141822;0;0;0;0;0;0;0;0;0;0;0;0;0;0;0;0;0;0;0;0;0;0;0;-0,185376910067426;0;0;0;0;0;0;0;0;0;0;0;0;0;0;0;0;0;-0,196434604819643;0;0;0;0,181079975656831;0;0;-0,197382787370725;0;0;0;0;0;0;0;0;0,193190354464561;0;0;0;0;0,218781278971062;0;0;0;0
"33";0;0;0;0;0;0;0;0;0;0;0;0;0;0;0;0;0;0;0,152391414272989;0;0;0;0;0;0;0,156475796802362;0;0;0;0;0;0;0;0;0;0;0;0;0;0;0;0;0;0;0;0;0;0;0;0;0;0;0;0;0;0;0;0;0;0;0;0;0;0;0;0;0;0;0;0,205222431632288;0;0,203021002426321;0;0;0;0;0;0;0,17694113332943;0;0,19956074398077;0;0;0;0;0;0;0;0;0;0;0;0,179923262396488;0;0;0;0;0;0;0;0;0;0;0;0;0;0;0;0;0;0;-0,18278765439007;0;0;0;0;0;0;0,206179048304642;0;0;0;0;0;0;0;0;0;0;0;0;0;0;0;0,208042642163351;0;0;0;0;0;0;-0,209046856280112;0;0;0;0;0;0,210717813195491;0;0;0;0;0;0;0;0;0;0;0;0
"34";0;0;0;0;0;0,17824066745659;0;0,180360886684216;-0,192982033563514;0;0;0;0;0,182406413482727;0;0;0,174765530330999;0;0;0;0;0;0;0;0;0;-0,180577241211726;0;0;0;0,171777492691982;0,178170836117098;0;0;0;0;0;0;0,180120712413534;0;0;0;0;0;0;0;0;0;0;0;0;0;0;0;0;0;0;0;0;0;0;0;0;0;0;0;0;0;0;0;0;0;0;0;0;0;0,195090271984765;-0,189269409377088;0;0;-0,189317790861165;0;0;0;0;0;0;0;0;0;0;0;0;0;0;0;0;0;0;0;0;0;0;0;0;0;0;0;0;0;0;0;0;0,176989340841164;0;0;0;0;0;0;0;0;0;0;0;0;0;0;0;0;0;0;0;0;0;0;0,202267849409541;0;0;0;0;0;0;0,200722269718646;-0,177037122732865;0;0;-0,199902195659834;0;0;0;0;0;0;0;0;0;0;0;0
"35";0;0;-0,170361408286425;0;0;0;0;0;0;0;0;0;0,158628301682664;0;0;0;0;0;0;0;0;0;0;0;0;0;0;0;0;0;0;0;0;0;0;0;0;0,196819524280189;0;0;0;0;0,191623301333262;0;0;0;0;0;0;0;0;0;0;0;0;-0,192911391694741;0;0;0;0;0;0;0,201916898719228;0;0;0;0;0;0;0;0;0,198356919747819;0,195902478940415;0;0;0;0;0;0;0;0;0;-0,199768645732592;0,194007121584901;0;0;0;0;0;0;0;0;0;0;0;0;0;0;0;0;0;0,227566840967275;0;0;0;0;0;0;0;-0,199808692702711;0;0;0;0;0;0;0;0;0;0;0;0;0;0;0;0;0;0;0;0;0;0;0;0;0;0;0;0;0;0;0;0;0;0;0;0;0;0;0;0;0;0;0;0;0;0;0;0;0;0
"36";0;0;0;0;0;0;0,170182536249067;0;0;0;0;0;0;0;0;0;0;0;0;0;0,168905929044544;0;0;0;0;0;0;0;0;0;0;0;0;0;0;0;0,181272425603988;0,183169524275628;0;0;0;0;0,178333674332897;0;0;0;0;0;0;0;0;0;0;0;0;0;0;0;0;0;0;0;0;0;0;0;0;0;0;0;0;0;0;0;0;0;0;0;0;0;0;0;0;0;0;0;-0,172974953863484;0;0;0;-0,176047178632211;0;0;0;0;0;0;0;0;0;0;0;0;0;0;0;0;0;0;0;0;0;0;0;0;0;0;0;0;0;0;0,179013635585203;0;0,197948200817312;0;0;0;0;0;0;0;0;0;0;0;0;0;0;0;0;0;0;0;0;0;0;0;0,191598752951268;0;0;0;0;0;0;0;0;-0,191475414463097;0,175122063266222;0;0
"37";0;0;0;0;0;0;0;0;0,198162854511903;0;0;0;0;0;0;0;0;-0,177299977439391;0,168735521013043;0;0;0;0;0;-0,188844562010494;0;0;0;0;-0,177744656416524;0;0;0;0;0;0;0;0;0;0;0;0;0;0;0;0;0;0;0;0;0;0,19139112381967;0;0;0;0,190645062821648;0;0;0;0;0;0;0;0;0;0;0;-0,191543968108777;0;0;0;0;0;0;0,19895769502286;0;0;0;0;0;0;0;0,19742175763135;0;0;0,172264133256161;0;0;0,17248670998695;0;-0,186944080633787;0;0;0;0;0;0;0;0;0;0;0;0;-0,198679147619309;0;0;0;0;0,230405913100634;0;0;0;0;0;0;0;0;0;0;0;0;0;0;0;0;0;0;0;0;0;0;-0,20851157468351;0;0;0;0;0;0;0;0;0;0;0;0;0;0;0;0;0;0;0;0;0;0;0;0;0;0;0;0
"38";0;0;0;0;-0,195584494579478;0;0;0;0;0;0;-0,172326383163795;0;0;0;0;0;0;0;0;0;0;-0,168493712872874;0;0;0,165401930054859;0;0,189938207443143;0;0;-0,168391053660969;0;0;0;0;0;0,182137923527043;0;0;0;0;0;0;0;0;0;0;0;0;0;0;0;0;0;0;0;0;0;0;0;0;0;0;0;0;0;0;0;0;0;0;0;0;0;0;0;0;0;0;0;0;0;0;0;0,179694307727914;0;-0,185604005201529;0;0;0;0;0,196986910005728;0;0;0;0;0;0;0;0,187764033743861;0;0,227246990683292;0;0;0;0;0;0;0;0;-0,194319356351506;0;0;0;0;0;0;0;0;0;0;-0,192083576310841;0;0;0;0;0;0;0;0;0;0,210693743482961;0;0;0;0;0;0;0;0;0;0;0;0;0;0,190503234264658;0;0;0;0;0,199625193613856;0;0;0;0;0,226068507895911;0;0,187907876923146;0;0
"39";0;0;0;0;0;0;0;0;0;0;0;0;0;0;0,168741893482023;0;0;0;0;0;0;0;0;0;0;0;0;-0,195731168428212;0;0;0;0;0;0;0;0;0;0;-0,0335269961506128;0,182093002834896;0;0;0,180352858633579;0;0;0;0;0;0;0,193723461832229;0;0;0;0;0;0;0;0;0;0;0;0;0;0;0;0;0;0;0;0;0;0;0;0;0;0;0;0;0;0;0;0;0;0;0;0;0;0;0;0;0;0;0;0;0;-0,185892753257785;0;0;0;0;0;0;0;0;0;0;0;0;0;0;0;0;0;0;0;0;0;0;0;0,17090093202628;0;0;0;0;0;0;0;0;0;0;0;0;0;0;0;0;0;0;0;0,175910366551931;0;0;0;0;0;0;0;0;0;0;0;0;0;0;-0,20037561899006;0;0;0;0;0,178869008810315
"40";0;0;0;0;0;0;0;0;0;0;0;0;0;0;0;0;0;0;0;0;0;0;0;0;0;0;0;0;0;0;0;0;0;0,167903716151111;0;0;0;0;0;0;0,204002285613845;0;0;0;0;0;0;0;0;0;0;0;0,20314783146358;0;0;0;0;0;0;0;0;0,179747722665092;0;0,195611701908392;0;0;0;0;0;0;0;0;0;0;0;0;0;0;0;0,199123330717588;0;0;0;0,190439573386504;0;0;0;0;0;0;0;0;0;0;0;0;0;0;0;0;0;0;0;0;0;0;0;0;0;0;0;0;0;0;0;0;0;0;0;0;0;0;0,185616453306172;0;0;0;0;0;0;0;0;0;0;0;0;0,185657184722608;0;0;0;0;0;0;0;0;0;0;0;0;0;0,188030885509169;0;0,196630942646484;0;0;0;0;0;0;0;0
"41";0;0;0;0;0;0;0;0;0;0;0;0;-0,178700465243826;0;0;0;0,177725620680946;0;0;0;0;0,17564120336281;0;0;0;0,17158609017124;0;0;0;0;0;0;0;0;0;0;0;0;0;0;0;0;0;0;0;0,208311441695216;0;0;0;0,217032112028127;0;0;0;0;0;0;0,209893822252281;0;0;0;0;0;0;0;0;0;0;-0,204370063275949;0;0;0;0,209152877239155;0;0;0;0;0;0;0;0;0;-0,23003238539055;0;0;0;0;0;0;0;0;0;0;0;0;0;0;0,199457122971895;0;0;0;0;0;0;0;0;0,21692476028815;0;0;0;0;0;0;0;0;0;0;0;0;0;0;0;0;0,199385435019341;0;0;0;0;0;0;0;0,191480405061401;0;0;0;-0,214326186339722;0;0;0;0,197573032718201;0;0;-0,215360730891146;0;0;0;0;0;0;0;0;0,210786444415052;0;0;0;0;0,238708231716338;0;0;0;0
"42";0;0;0;0;-0,196382705812934;0;0;0;0;0;0;0;0;0,179540188466468;0;-0,181503336010791;0;0;0;0;0;0;0;0;0;0;0;0;0;0;0;0;0;0;0;0;-0,182881257178875;0;0;0;0;0;-0,188360198055535;0;0;0;0;0;0;0;0;0;0;0;0;0;0;0;0;0;0,190914318912696;0;0;0;0;0;0;0;0;0,197093379981132;0;0;0;0;0;0;0;0;-0,169932330243877;0;0;0;0;0;0;0;0;0;0;0;0;0;0;0;0;0;0;0,182789982930776;0;0;0;0,22369166451694;0;0;0;0;0;0;0,229174742649114;0;0;0;0;0;0;0,191466894797027;0;0;0;0;0;0;0;0;0;0;0;0;0;0;0;0;0;0;0;0;0;0;0;0;0;0;0;0;0;0;0;0;0;0,188291399771147;0;0;0;0;0;0,22253161933649;0;0;0;0
"43";-0,19552961335109;0;0;0;0;0;-0,175346732087195;0;-0,189108237248286;0;0;0;0;0;0;0,180699356987567;0;0;0;0;0;0;0;0;0;0;0;0;0;0;0;0;0;0;0;0,168634607477984;0;0;0;0;0,180314263898224;0;0;0;0;0;0;0;0;0;0;0;0;0;0;0,187554364284197;0;0;0;0;0,188828256132133;0;0;0;0;0;-0,19492053924054;0;0;0;0;0;0;0;0;0;0;0;0;0;0;0;0;0;0,174950206812811;0;0;0;0;0;0;0;0;0;0;0;0;0;0;0;0;0;0;0;0;0;0;0;-0,226670619838378;-0,194260131602872;0;0;0;0;0;0;0;0;0;0;0;0;0;0;0;0;-0,186636850926692;0;0;0;0;0;0;0;0;0;0;0;0;0;0;0,198572603050462;0;0;0;0;0;0;0;0;0;0;0;0;0,206985281762556;-0,220100083916621;0;0;0;0
"44";-0,201161677468784;0;0;0;0;0;-0,180397445485631;0;0;0;0;0,177225125638333;0,177156747267821;0;0;0;0;0;0;0;0;-0,174123913060357;0;0;0;0,170103830281943;0;0;0;0;0;0;0;0,182418352828045;0;0;0;0;0;0;0;0;0;-0,622742483625188;0;0;0,172044289315754;-0,202803541540493;0;0;0;0;0;0;0;-0,185598620677573;0;0;0;-0,199316672894327;0;0;0;0;0;0;0;0;0;0;0;0;0;0;0;0;0;0;0,166322905331886;0,195163901113892;0;0;0;0;0;0;0;0,17876534989707;0;0;0;0;0;0;0;0;0,181991008973717;0;0;0;0;0;0;0;0;0;0;0;0,224306987207112;0;0;0;0;0;0;0;0;0;0,19380625458494;0;0;0;0;0;0;0;0;0,179590448678907;0;0;0;0;0;0;0;0;0;0;0;0;0;0;0;0;0;0;0;0;0;0;0;0;0;0;0;0;0;0;0;-0,182842545257191
"45";0;0;0;0;0;0;0;0;0;0;0;0;0;0;0;0;0;0;0;0;0;0;0;-0,180292139959565;0;0;0;-0,191472120717593;0;0;0;0,176068873499292;0,165824072289557;0;0;0;0;0;0;-0,165922879430401;0;0;0;0;0,423707599751651;0,213055153927245;0;0;0;-0,221974413210398;0;0;0,223186576612497;-0,198423499283757;-0,212536575076178;0;0;0;0;0;0;0;0;0;0;0;0;0;0;0;0;0;0;0,202727269601877;0;0;0;0;0;0;0;0;0;0;0;0;0;0,200383464381567;0;0;0;0;-0,189578513087076;0,218279857876177;0;0;0;0;0,209971859825254;0,202776981677723;0;0;-0,204255308515666;0;0;0;0;0;0,251432457170435;0;0;0,192596617404489;0;0;0;0;0;0;0;0;0,193817873926627;0;0;0;0;0;0;0;0;0;0;0;0;0;0;0;0;0;0;0;0;0;0;0;0;0,2057351989824;0;0;0;0;0;0,216026854085444;0;0;0;0;0;0;0;0
"46";0;-0,176780784337611;-0,179782374520567;0;0;0;0;0;0;-0,177334503591004;0;0;0;0;0;0;0;0;0;0;0;0;0;0,173802479757993;0;-0,160735927440064;0;0;0;0;0;0;0,159855193764729;0;0;0;0;0;0;0;0;0;0;0;0;0;0;0;0;0;0;0;0;0;0;0;0;0;0;0;0;0,183544547734498;0;0;0,185289199079874;0;0;0,194275667885641;0;0;0;0;0;0;0;0;0;0;0;0;0;0;0;0;0;0;0;0;0;-0,175583388775573;0;0;0;0;0;0;0;0;0;-0,188469407701868;0;0;0;0;0;0;-0,2139132253553;0;-0,233691841588069;0;0;0;0;0;0,202341818342581;0;0;0;0;0;0;0;0;0,213198496707896;0;0;0;0;0;0;0;0;0;0;0;0,189578835816812;0;0,190615269818474;0;0;0;0;0;0;0;0;-0,178220522981203;0;0;0;0;0;0;0;0;0;0;0;-0,185508319847047;0
"47";0;0;0;-0,166426786323141;0;0;0;0;0;0;0;0;0;0;0;0;0;0;0;0;0;0;0;0;0,171190786474321;0;0;0;0;0;0;0;0;0;0;0;0;0;0;0;0;0;0;0;0,166444518580569;0;0;0;0;0;0;0;0;0;0;0;0;0;0;0,187962465279685;0;0;0;0;0;0;0;-0,175851130751038;0;0;-0,173648114803067;0;0;0;0;0;0;0;0;0;0;0;0;0;0;0;0;0;0;0;0;0,178975086675562;-0,159491696870766;0;0;0;0;0;0;0;0;0;0;0;0;0;0;0;0;0;0;0;0;0;0;0;0;0;0;0;0;0;0;0;0;-0,163898948309348;0;0;0;0;0;0;0;0;0;0;0;0;0;0;0;0;0;0;0;0;0,1613186089147;0;0;0;0;0;0;0;0;0;0,186669065018811;0;0;0
"48";0;-0,187855680476913;0;0;0;0;0;0;0;0,188444088925993;0;0;-0,177887667605068;0;-0,169097398998105;0;-0,176917257005792;0;0;0;0;0;0;0;0;0;0;0;0;0;0;0;-0,169869741866808;0;0;0,174207783949919;0;0;0;0;0;0;0;0;0;0;0;0,66417201096192;0;0;0;0;0;0;-0,210774426835687;0;0;0;0;0;0;0;0;0;0;0;0;0;0,188748742868733;0,214442501042342;0;0;0;0;0;0;-0,21488462117507;0;0;0;0;0;0;0;0;0;0;0;0;0;0;0,210973474154118;0;0,216470091875416;0;0;0;0,198880049187421;0;0;0;0;0;0;0;0;0,228244154498499;0;0;0;0,208116517507062;0;0;0;0;0;0;0;0,215442095824095;0;0;0;0;0,227481543231469;0;0,193201920878023;0;-0,199639287886945;0;0;0;0;0;0;0;0;0;0;0;0;0;0;0;0;0;0;0;0;0;0;0;0;0;0,201928277316102;0;0;0,220043034456017;0;0;0
"49";0;0;0;0;0;0;0;0;-0,188904864815709;0;0;0;0;0;0;0;0;0;0;0;0;0;0;0;0;0;0;0;0;0;0;0,174406586402382;0;0,177120373266181;0;0;0;0;0;0;0;0;0;0;0,175030803437745;0;0;0;0;0;0;0;0;0;0,207982491270099;0;0;0;0;0;0;0;0;0;0;0;0;0;0;0;0;0;0;0;0;0;0;0;0;0;0;0;0;0;0;0;0;0;0;0;0;0;0;0;0;0;0;0;0;0;0;-0,24015823690965;0;0;0;0;0,225220813469186;0;0;0;0;0;0;0;0,213037734577926;0;0;-0,183066519703732;0;0;0;0;0;0;-0,225978884352678;0;0;0;0;0;0;0;0;0;0;0;-0,21983935278541;0;0;0,197244647575458;0;0;0;0;0;0;0;0,217268188901638;0;0;0,210967082102602;0,211397983042819;0;0;0;0,238912797541697;0;0;0;0
"50";0;0;0;0;0;0;0;0;0;0;0;0;0;0;0;0;0;0;0;0;0;0;0;0;0;0;0;0;0;0;0,161219884460053;0,167220286911839;0;0;0;0;-0,17438132459189;0;-0,171551693588483;0,157584193913195;0;0,16715376903481;0;0;0;0;0;0;0;0,361460557207465;-0,199320158625951;0;0,216123083051784;0,192143717001338;0;0;0,207879498134008;-0,23133458027011;0;0;0;0;0;0;0;0;0;0;-0,184303215412259;0;0;0,207145663875236;0;0;0;0;0;0;0;0;0;0;0;0;0;0;0;0;0;0;0;0;0;0;0;0;0;0;0;0;0;0,237649810291907;0;0;0;-0,214842961158427;0;0;0;0,20866176158899;0;0;0;0;-0,210812578652086;0;0;0;0;0;0;0;0;-0,222123756838265;0;0;0;0;0;0;0;0;0;0;0,212269325391225;0;0;0;0;0;0;0;0;0;0;0,199224013250352;0;0,214998846341321;0;0;0;0;0;0;0;0;0;0;0;0
"51";0;0;0;0;0;0;0;0;0;0;0;0;0;0;0;0;0;0;0;0;0;0;0;0,184721718734471;0;0;0;0;0;0;0;0;0;0;0;-0,174236955109387;0;0;0;0;0;0;0;-0,184695223750376;0;0;0;0;0;0;0;0;0;0;0;0;0,192764423453197;0;0;0;0;0;0;0;0;0;0,194147596785743;0;0;0;0,185340109102929;0;0;0;0;0;0;0;0;0,196438376237269;0;0;0,193451027446185;0;0;0;0;0;0;0;0;0;0;0;0;0;0;0;0;0;0;0;0,183409429513599;0,194683127636102;0;0;0;0;0;0;0;0;0;0,176514709017476;0,195484237480477;0;0;0;0;0;0;0;0;0;0;0;0;0;0;0;0;0;0;0;0;0;0;0;0;0;0,17032889506819;0;0;0;0;0;0;0;0;0;0;0;0;0;0;0;0;0;0;0
"52";0;0;0;0;0;0;0;0;0,202130067440884;0;0;0;0;0;0;0;0;0,180849516350395;0;0;0;0,180903173638093;0;0;0;0;0;0;0;0;0;0,186616766625039;0;0;0;0;0;0;0;0;0,192730548666947;0;0;-0,191065630715579;0;0;0;0;0;0;0;0;0;0;0;0;0;0;0;0;0;0;0;0;0;0;0;0;0;0;0;0;0;0;0;0;0;0;0;0;0;0;0;0;0;0;0,182630483937538;0,182575105074317;0;0;0;0;0;0;0;0;0;0,182720240453901;0;0;0;0,223606316236418;0;0;0;0;0,209698393391189;0;0,229087302331362;0;0;0;0,192254378002142;0;0;0;0;0;0,197936553785611;0;0;0;0;0;0;0;0;0;0;0;0;0;0;0;0,199725646077394;0;0,204687827795127;0;0;0;0;0;0;0;0;0;0;0;0;0;0;0;0;0,185520787712947;0;0;-0,20216364753671;0;0;0
"53";0;0;-0,17510222407382;0;0;0;0;0;0;0;0;0;0;0;0;0;0;0;0;0;0;-0,160251401411697;0;0;0;0;0;0;0;0;0;0;0;0;0;0;0;0;0,169594731359143;0;0;0;0;0;0;0;0;0;0;0;0;0;0,597512894775718;0;0;0;0,209014691672941;0;0;0;0;0;0;0;0;0,208257412141722;0;0;0;0;0;0;0;0;0;0;0;0;0;0;0;0;0;0;0;0;0;0;0;0;0;0,207129450523171;0;0;0;0;0;0;0;0,197431703133214;0;0;0;0;0;0,21601618094961;0;0;0,244804601742336;0;0;0;0;0;0;0;0;0;0;0;0;0;0;0;0;0;0;0;0;0;0,190678398229434;0;0;-0,207608839030936;0;0;0;0,199679607541343;0;-0,196250316819641;0;0;0;0;0;0;0;0;0;0,201132989611588;0;0;0;0;0;0;0;0;0;0
"54";0;0;0;0;0;0;0;0;0;0;0;0;0;0;0;0;0;0;0;0;0;0;0;0;0;0;0;0;0;-0,164967703265252;0;0;0;0;0;0;0;0;0;0;0;0;0;0;-0,170410349959918;0;0;0;0;0;0;0,180619253573456;0;-0,841693673050031;0;0;0;0;0;0;0;0;0;0;0;0;0;0;0;0;0;0;0;0;0,18793675815982;0,16867386682595;0;0;0;0;0;0;0;-0,181107464768476;0;0;0;0;0;0;0;0;0;0;0;0;0;0;0;0;0;0;0;0;0;0;0;0;0;0;0;0;0;0;0;0;0;0;0;0;0;0;0;0;0;0;0;-0,174254918047548;0;0;0;0;0;0;0;0;0;0;0;0,174475881076437;0;0;0;0;0;0;0;0;0;0;0;0;0;0;0;0;0;0;0;0,177410396676285
"55";0;0;0;0,193582171550056;0;0,192987955345701;0;0;0;0,201554039300313;0;0;0;0;0;0;0;0;0;0;0;0;0;0;-0,199123500051945;0;0;0,209789131513421;0;0;0,185990030008783;0;0;0;0;-0,186327322511305;0;0;0;0;0;0;0;0;0;0;0;0;-0,191774970182001;0;0;0;0;0;0;0;0;0;0;0;0;0;0;0;0;0;-0,200469153402363;0;0;0;0;0;0;0;0;0;0;0;0;0;0;0;0;0;0;0;0;0;0;0,175156016659296;0;0;0;0;0;0;0;0;0;0;0;0,227545490565483;0;0;0;0;0;0;0;0;0;0;0;0;0,201849315881389;0;0;0;0;0;0;0;0;-0,212679568958747;0;0;0;0;0;0;0;0;0;0;0;0;0;-0,190151309919846;0;0;0;0,204225176974836;0;0;0;0;0;0;0;0;0;0;0;-0,188789026002308;0;0,226365459784123;0;0;0;0
"56";0;0;0;0;0;0;0;0;0;0,198953806949829;0;0;0;0;0;0,197082104832655;0;0;0,175624579902022;0;0;0;0;0;0;0;0;0;0;0;0;0;-0,179343549710699;0;0;0;0;0;0;0;0;0;0;0;0;0;0;0;0;0;0;0;0;0,184303742196656;0;0;0;0;0;0;0;0;0;0,195044703020376;0;0;0;0;0;0;0;0;-0,191742677658327;0;0;0;0;0;0;0;0;0;0;0;0,176126220760836;0;0;0;0;0;0;0;0;0;0;0;0,185144970530102;0;0;0;0;0;0;0;0;0;0;0;0;0;0;0;0,191504951956336;0;0;0;0;0;0;0;0;0;-0,185078426584891;0;0;0;0;0;0;0;0;0;0,178875981778106;0;0;0;0;0;0;0;0;0;0;0;0;0;0;0;0;0;0;0;0;0;0;0,22157959499216;0;0;0;-0,186011264205806
"57";0;0;0;0;0;0;0;0;0;0;0;0;0;0;0;0;0;0;-0,172807486624601;0;0;0;0;0;0,193401803768601;0;0;0;0;0;0;0;0;0;0,171772214528358;0;0;0;0;0;0;0,187294591050487;0;0,191835923817117;0;0;0,177127069631767;0;0;0;0;0;0;0;0;0,203370434060821;0,665987181011587;0;0;0;0,19615610659372;0;0;0;0;0;0;0;0;0;-0,193299107977948;0;0;0;0;0;0;0;0;0;0;0;0;0;0;0;0;0;0;0;0;-0,199228909820857;0;0;0,180964421586791;0;0;0;0;0;0;0;0;0;0;0;0;0;0;0;0;0;0;0;0;0;0;0;0;0;0;0;0;0;0;0;0;0;0;0,199128735890689;0;0;0;0;0;-0,191018919286957;0;0;0;0;0;0;0;0;0;0;0;0;0;0;0;0,202309596683944;-0,184208704912384;0;0;0;0;-0,190046544032096;0;0
"58";0;0;0;0;0;0,167196600476581;0;0,169185447646998;0;0;0;0;0;0;0;0;0;0,161966035658983;-0,154142283648501;0;0;0;0;-0,171139976940872;0;0;-0,169388396513907;0;-0,168349329554637;0,162372256190465;0;0;-0,157406351237725;0;0;0;0;0;0;0;0;0;0;0;0;0;0;0;0;0;0;0;0;0;0;0;0;0;0;0;0;0;0;0;0;0;0;0;0;-0,225353477758914;0,215109082002107;0;0;0;0;0;0;0;0;0;0;0;0;0;0;-0,195911632016003;0;0;0;0;0;0;0;-0,227484233758701;0;0;0;0;0;0;0;0;0;0;0;0;0;0;0;0;0;0;0;0;0;0;0;0;0;0,204081090664738;0;0;0;0;0;0;0;0;0;0;0;-0,237134928312258;0;0;0;0;0;0;0,210593142966024;0;0;0,229553054715288;0,19749220142188;0;0;0;0;0;0,236123841979397;-0,215289431712948;0;0;0,204993007081132;0;0,239278243724412;-0,254439161445207;0;0;0;0
"59";-0,191184387077683;0;0;0;0;0;0;0;0;0;0;0;0;0;0;0;0;0;0;0;0;0;0;0;0;0;0;0;0;0;0;0;0;0;0;0;0;0;0;0;0,176307166131638;-0,170646457458833;0;0;0;0;0,161382700820107;0,175505254126919;0;0;0;0;0;0;0;0;0;0,162628384381892;0;0;0;0,176295381829069;0,194397078554992;0,191854668125213;0;0;0;0;0;0;0;0;0;0;0;0;0;0;0;0;0;0,210033979962733;0;0;0;0;0;0;0;0;0;0;0;0;0;0;0;0;0;0;0;0;0;0;0;0;0;0;0;0;0;0;-0,188372811119507;0;0;0;0;0;0;0;0;0;0;0;0;-0,173919732971566;0;0;0;0;0;0;-0,175950392849299;0,190357179499028;0;0;0;0;0;0;0;0;0;0;0;0;0;0;0;0;0;0;0;0;0;-0,21795557122153;0,198082015028231;0;0;0
"60";0;0;0;0;0;-0,187079358922656;0;0;0;0;0;0;0;0;0;0;-0,183431894879233;0;0;0;0;0;0;0;0;0;0,189531799919563;-0,203366143561488;-0,188369168741274;0;0;0;0;0;0;0;0;0;0;0;0,193132600650851;0;0;0;0;0;0;0;0;0,178243488897004;-0,192286353206713;0;0;0;0;0,20297636973756;0;-0,178148418492927;0;0,307257603155449;0;0;0;0,209460938501366;-0,194303322142229;0,20847527876857;0;0;0;0;0,201174736078555;0;0;0;0;0;0;0,204888810955409;0;0;0;0;0;-0,203922625181279;0;0;0;0;0;0;0;0;0;0;0;0,207603890799376;0;0;0;0;0;0;0;0;0;0;0;0;0,245060701884319;0;0;0;0;0;-0,212185533250185;0;0;0;0;0;-0,188906176858421;0;0;0;0;0;0,201778941259287;0;0;0;0;0;0,192097147158521;-0,207826027158832;0;0;0;0;0;0;0;0;0;0;0;0;0;0;0;0;0;0;0;0;0;0;0;0;0,194533102902378;0,19975981592437
"61";0;0;0;0;0;0;0;0;0;0;0;-0,170055835938505;0;0;0;0;0;0;0;0;0;0;0;0;0;0;0;0;0;0;0;0;0;0;0;0;0;0;0;0;-0,178003703386267;0;0;0;0;0;0;0,177194074885272;0;0;0;0;0;0;0;0;0;0;0;0;0;0;0;0;0;0;0;0;0;0;0;0;0;0;0;0;0,197990500095666;0;0;0;0;0;0;0;0;0;0;0;0;0,172617360677284;0;0;0;0,199451321885202;0;0;0;0;-0,191859960915852;0;0;0;0;0;0;0;0;0;0;0;0;0;0;0;0;0;0;0;0;0;0;0;0,18633550156555;0;0;0;0,189167603594122;0;0;0;0;0;0;-0,194836742014643;0;0;0;0;0;0;0;0;0,173155211615213;0;0;0;0;0;0;0;0;0;0;-0,186052777488897;0;0;0;0;0;0
"62";0,201742058997002;0;-0,190809259045552;0;0;0;0;-0,18235590752671;0;0;0;0;0;0;0;0;0;0;0;0;-0,179560781497939;0;0;0;0;0;0;0;0;0;0;-0,180141632214373;0;0;0;0;0;0;0;0;0;0;0;0;0;0;0;0;0;0;0;0;0;0;0;0;0,192389399151152;0;0,175288401195354;0;0;0;0;0;0;0;0;0;0;0;0;-0,184285941990634;0;0;0;0;0;0;0;0;0;0;0;0;0;0;0;0;0;0;0;0;0;0;0;0;0;0;0;0;0;0;0;0;0;0;0;0;0;0;0;0;0;0;0;0;0;0;0;0;-0,166971853799288;0;0;0;0;0;0;0;0;0;0;0;0;0;0;0;-0,193536009575216;0;0,174082866690794;0;0;0;0,163253219399186;0;0;0;0;0;0;0;0;0;0;0;0;0;0;0;0;0
"63";0;0;0;0;-0,201029155499489;0;0;-0,181727119547942;0;0;0;0;0;0;0;0;0;0;0;0;-0,178941631493997;0;0;0;0;0;0;0;0;0;0;0;0;0;0,164576903914055;0,173392584232881;0;0;0;0;0;0;0;0;0;0;0;0;0;0;0;0;0;0;0;0;0;0;0;0;0;0;0,448722309898585;0;0;0;0;0;0;0,205411553163807;0;0;0;0;0;0;0;0;0;0;0;0;0,204654347528332;0;0,184348160918562;0;0;0;0;0;0;0;0;0;0;0;0;0;0;0;0;0;0;0;0;0;0,218631969167525;0;0;0;0;0;0;0;0;0;0;0;0;0;0;0;0;0;0;0;0;0;0;0;0;0;0;0;0;0;0;0;0;0;0;0;0;0;0;0;0;0;0;0;0;0;0;0;0;-0,231923393674316;0;0;0;0
"64";0;0;0;0;0;0;0;0;0;0;0;0;0;0;0;0;0;0;0;0;0;0;0;0;0;0;-0,181627982002352;0;0;0;0;0;0;0;0;0,173090360362242;0;0;0;0,168880712378729;0,185078622848342;0;0,178342794238857;0;0;0;0,16941165055668;0;0;0;0;0;0;0;0;0;0,191391835225855;0;0;0;0;0;0;0;0;0;0;0;0;0;0;0;0;0;0;0;0;0;0;0;0;0,220571187547709;0,201977788026907;0;0;0;0;0;0;0;0;0;0;0;0;0;0;0,18801299086209;0;0;0;0;0;0;0;0;0;0;0;0;0,196744766828929;0;0;0;0;0;0;0;0;0;0;0;0;0;0;0;0,194090547029313;0;0;0;0;0,213323532005142;0;0;0;0;0;0;0;0;0;0;0;0;0;-0,192881013550487;0;0;0;0;0;0;0;0;0;0;0;0;0,187120797254627;0
"65";0;0;0;0;-0,179555101107899;0;0;0;0;0;0;0;0;0;0;0;0;0;0;0;0,159826979601467;0;0;0;0;0;0;0;0;0;0;0;0;0;0;0;0;0;0;0;0;0;0;0;0;0;0;0;0;0;0;0;0;0;0;0;0;0;0;0;0;0;0,164072470279749;0;0;0,186020278127497;0;0;0;0;0;0;0;0;0;0;0;0;0;0;0;0,204609579313505;0;0,181957993661307;0;0;0;0;0;0;0;0;0,164872100980261;0;0;0;0;0;0;0;0;0;0;0;0;0;0;0;-0,218665062792631;0;0;0;0;0;0;0;0;0,162694880261454;-0,188931505683729;0;0;0;0;-0,199489474485389;0;0;0;0;0;0;0;0;0;-0,18544095780841;0;0;0;-0,178358387100061;0;0;0;0;0;0;0;0;0;0;0;0;0;0;0;0;0;0;0;0;0;0
"66";0;0;0;0;0;0;0;0;0;0;0;0;0;0;0;0;0;0;0;0;0;0;0;0;0;0;0;0;0;0;0;0;0;0;0;0;0;0;0;0;0;0;0;0,167621946770604;0;0;0;0;0;0;0;0;0;0;0;-0,177700544270093;0;0;0;0;0;0;0;0,167233912075513;0;0;-0,201751191508533;0;0;0;0;0,199606720790203;0;0;0;0;0;0;0;0;0;0;0;0;0;0;0;0;0;0,176276172474148;0;0;0;0;0;0;0;0;0;0;0;0;0;0;0;0;0,214757243667448;0;0,234613898620178;0;0;0;0;0;0;0;0;0;0;0;0;0;0;0;0,215480095214495;0;0;0;0;0;0;0;0;0;-0,204543909696371;0;0;0;0;0;0;0;0;0,208023997469305;-0,18347724954972;0,191973373922604;0;0,207174091356873;0;0;0;0;0;0;0;0;0;0;0;0
"67";0;0;0;0;0;0;0,183806240439957;0;0;0;0;0,180573976351986;0;0;0;0;0;0;0;0;0;0;0;0;0;0;0;0;0;0;0;0;0;0,185865334901559;0;0;0;0,182201166710726;0;0;0;0;0;0;0;0;0;0;0,181938522022828;0;0;0;0;0;0;-0,198647247259572;0;0;0;0;0;0;0;0;0;0;0;0;-0,179520358597169;0;0,1946861179177;0;0;0;0;-0,183796995779072;0;0;0;0;0;0;0;0;0;0;0;0;0;0;0;0;0;0;0;0;0;0,189156320753768;-0,198050057795471;0;-0,204163042866901;0;0;0;0;0;0;0;0;0;0;0;0;0;0;0;0;0;0;0;0;0;-0,192347359387772;0,216359418317036;0;0;0;0;0;0;0;0,214620778379563;0;0;0;0;0;0;0;0;0;0;0;0;0;0;0,180862854475008;0;0;0;0;0;0;0;0;0;0;0;0;-0,193316834093342
"68";0;0,173839595768337;0;0;0;0;0;0;0;0;0;0;0;0;0;0;0;0;0;0;0;0;0;0;0;0,158061685020393;-0,169161607414129;0;0;0;0;0;0;-0,169504426671961;0;0;0;0;0,171230629446734;0;0;0;0;0;0;0;0;0;0;0;0;0;0;0;0;0;-0,178255300399288;0;0;0,177909900859556;0;0;0;0;0;0;0;0,121373347938061;0;0;0;0;0;0;0,19797703971399;0;0;0;0;-0,199482312543804;0;0;0;0;0;0;0;0;0;0;0;0;0;0,19903984669321;0;0;0;0;0;0;0;-0,223784887466698;0;0;0;0;0;0,196002513157011;0;0;0;0;0,192407911683051;0;0;0;0;0;0;0;0;0;0;0;0;-0,177645236712549;-0,188777344079813;0;0;0;0;0;0;0;0;0,185991889626254;0;0;0;0;0;0;0;0;0;0;0;0;0;0;0;0;-0,179360899120104;0;0;0;0;0;0;0
"69";0;0;0;0;0;0;0;0;0,196066662804361;0;0;0;0;0;0;0;0;0;0;0;0;0,175476523582085;0;0;0;0;0;0;0;0;-0,174523188066275;0;0;0,183835395318389;0;0;0;-0,180211245563774;0;0;0;0;0,180145202693496;0,185334131954268;0;0,175127470889941;0;0,186098790869723;0;0;0;0;0;0;0;0;0;0;0;0;0;0;0;0;0;0;0;0;-0,0875808512791991;0;0;0;0;0;0;0;0;0;0;0;0;0;0;0;0;-0,156081912505485;0;0;0;0;0;0;0;0;0;0;0;0;0;0;0;0;0;0;0;0;0;0;0;0;0;0;0,17519695566575;0;0;0;0;0;0;0;0;0;0;0;0;0;0;0;0,157132122920618;0;0;0;0;0,177042526143492;0;0;0;0;0;0;0;0;0;0;0;0;0;0;0;0;0;0;0;0;-0,190631896213336;0;0;0;0;0
"70";0;0;0;0;0;0;0;0;0;0;0;0;0;0;0;0;0;0;0,156064619896819;0;0;0;0,163242883890258;-0,173274294491012;0;0;0,171500869788311;0;0;0;0;0;0;0;0;0;0;0;-0,173598503427688;0,159464355349424;0;0;0;0;0;0;0;0;0,168217754732249;0;0;0;0;0;0;0;0,180720315502874;0;0;0;0;0;0;0;0;0;0;0;0;0;0;0;0;0;0;0;0;0;0;0;0;0;0,203226119525649;0;0;0;0;0;0;0;0;0;0;0,205906688382214;0;0;0;0;0;0;0;0;0;0;0;0;0;0,202764567342928;0;0;0;0;0;0;0;-0,198155017115985;0;0;0;0;0;0;0;0;0;0;0;0;0;0;0;0;0;0;0;0;0;0;0;0;0;0;0;0;0;0,194073122084185;0;0;0;0;0;0;-0,185548820382692;-0,19207449173539;0;-0,230304862285544;0;0;0;0
"71";0,201965954070518;0;-0,19102102080358;0;0;-0,180412237067927;0;0;0;0;0;0;0;0;0;0,186647523147265;0,176894761107519;0;0;0;0,179760059598767;0;0;0;0;0;0;0;0;0;0;0;0;0;0;0;0;0;0;0;0,186249753766646;0,180269817615512;0;0;0;0;0;0;0;0;-0,185433664833109;0;0;0;0;0;0;0;0;0,192229714113859;0,177171543788246;0;0;0;-0,164822891072132;0;0;0;0;0;0;0;0;-0,182542269166475;0;0;0;0;0;0;0;0;0;0;0;0;0;0;0;0;0;0;0;0;0;0,191793740359021;0;0,180575261844222;0;0;0;0;0;0;0,182570013857861;-0,199774163012908;0;0;0;0;0;0;0;0;0;-0,189147042458923;0;0;0;0,176326018146113;0;0;0,183621539307191;0;0;0;0;0;0;0;0;0;0;0;0,197381038618603;0;0;0;0;0;0;0;0;0;0;0;0;0;0;0;0;0;0,177113913732427;0;0;0;0;0;0;0
"72";0,202095712396487;0;0;0;0;0;0,181235067825394;0;0;0;0;0;-0,177979322381076;0;0;0;0,177008411787802;0;0;0;0;0;0;0;0;0;0;0;0;0;0;0;0;0;0;0;0;0;0,185131700300806;0;0;0;0;0;0;0;0;0;0;0;0,185552801556117;0;0;0;0;0;0,192726657357859;0;0;-0,192353217137027;0;0;0;0;0;0;0,18825066748015;0;0;0;0;0,676170420600101;0;0;0;0;0;0,196172821655335;0;-0,204150739878775;0;0;0;0;0;0,175426626782089;0;0;0;0;-0,190376074476845;0;0;0;0;0;0;0;0;0;0;0;0;0;0;0;0;0;0;0;0;0;0;0;0;0;0;0;0;0;0;0;-0,190302844672043;0;0;0;0;0;0;0;0,182757911973885;0;0;0;0;0;0;0;0;0;0;0,205550419042693;-0,176841927938099;0;0;0;0;0;0;0;0;0;0;0;0;0;-0,207060050876848;0;0;0
"73";0;0;0;0;-0,196395134760186;0;0;0;0;0;0;0;0;0,179551551460592;0;0;0;0;0,161752202751142;0;0;0;0;0;0;0;0;0;0;0;0;0;0;0;0;0;0;0;0;0;0;0;0;0;0;0;0;0;0;0;0;0;-0,165257434163213;0;0;0;0;0;0;0;0;0;0;-0,179147625725368;0,160290356047931;0;0;0;0;0;0;0;0,963093400467187;0;0;0;0;0;0;0;0;0;0;0;0;0;0;0;0;0,174111205090072;-0,188020387533614;0;0;0;0;0;0;0;0;0;0;-0,22618817401078;0,188251679135965;0;0;0;0;0;0;0;0;0;0;0;0;0;0;0;0;0;0;0;0;0;0;0;0,190804675129691;0;0;0;0;0;0;0;0;0,187989306925999;0;0;0;0;0;0;0;0;0,181223840847797;0;0;0;0;0;0;0;0;0,187662893070812;0;0;0;0;0;0
"74";0;0;-0,183612699923217;0;0;0;0;0;0;0;0;0;0,170966952252586;0;0;0;0;0;0;0;0;0;0;0;0;0;0;0;0;0;0;0;0;0;0;0;0;0;0;0;0,179026475752596;0;0;0;0;0;0;0;0;0;0;0;0;0;0;0;-0,185133243488543;0;0;0;0;0;0;0;0;0;0;0;0;0;0;0;0;0;0;0;0;0;0;0;0;0;0;0;0;0;0;0,177216526026276;0;0;0;0;0;0;0;0;0;0;0;0,179333321548889;0;0;0;0;0;0;0;0;0;0,190568942543654;0;0;0;0;0;0;-0,182950725347623;0;0;0;0;0;0;0;0;0;0;0;0;0;0;0;0;0;0;0;0;0,181375162639436;0;0;0;0;0;0;-0,173897029120705;0;0;0;0;0;0;0;0;0,180075752884075;0;0,215917902966869;0;0;0;0
"75";0,1947554151349;0;0;-0,174506866654163;0;0;0;0;0;0;0,157390827824529;0;0;0;0;0;0;0;0;0;0;0;0,167765058929614;0;0;0;0;0;0,175170639908251;0;0;0;0;0;0;0;0;0;0;0;0;0;0;0,178048819395965;0;0;0;0;0;0;0,1788133576313;0;0;0;0;0;0;0;0;0;0;0;0;0;0;0;0;0,165444225229802;0;0;0;0;0;0;-0,308886233950034;0;0;0;0;0;-0,199156982113359;0;0;0;0,183805792801701;0;0;0;0;0;0;0;0;0,206743702277774;0;0;0;0;0;0;0;0;0;0;0;0;0,217988735143316;0;0;0;0;0;0;0;0;0;0;0,177188060297835;-0,20576189593337;0;0;0;0;0;0;-0,184521011948793;0;0;0;0;0;0;0;0;0;0;0;0;-0,191392631180283;0;0;0;0;0;0;0;0;0;0,214595607265927;0;0,204192706153752;0;0;0;0;0;0;0;0;0
"76";0;0;0;0;0;0;0;0;0;0;0;0;0;0;0;0,174202015675957;0;0;0;0;0;0;0;0,172353839549822;0;0;0;0;0;0;0;0;0,158522803907604;0;0;0;0;0;0;-0,158617260549492;0;0;0;0;0,168918944539437;0;0;0;0;0;0;0;0;0;0;0;0;0;0;0;0;0;-0,172230385153864;0;0;0;0;0;0;0;0;0;0;0;-0,166841067534949;0;0;0;0;0;0;0;0;0;0;0;0;0;0;-0,160589043791652;0;0;0;0;0;0;0;0;0;0;0;0;0;0;0;0;0;0;0;0;-0,178392670889884;0;0;0;0;0;0,175851668961531;0;0;0;0;0;0;0;0;0;-0,175986033260767;0;0;0;0;0;0;0;0;0;0;0;0;0;0;0;0;0;0,167149284268883;0;0;0;0;0;0;0;0;0;0,19517323883193;0;0;-0,172506685257492;0;0
"77";-0,208588052225934;0;0;0;0;0;0;0;0;0,194598082343752;0;0;0;0;0;0,192767357673012;0;0;0;0;0;0,180552122691727;0;0;0;0;-0,188770214329721;0,202548968161561;0,187612254890697;0;-0,17957121226848;0;0;0;0;0;0;0;0;0;0;0;0;0;0;0,180192973768491;0;0;0;0;0;0;0,175502134474971;0;0;0;0;0;0;0;0;0;0;0;0;0;-0,194298234209341;0;0;0;0;0;0;0;0;0;-0,681154417339712;0;0;0,206789884630955;0;0;0;0;0,183439065996936;0;0;0;-0,177924035575192;0;0;0;0;0;0;0;0;0;0;0;0;0,231982728048774;0;0;0;0;0;0;0;0;0;0;0;0;0;0;0;0;0;0;0;0;0;0;0;0;0;0;0;0;0;0;0,186302998411677;0;0;0;0,21235554294489;0;0;0;0;0;-0,179128039888319;0,210732880641501;0;0;0;0;0,214167449044308;0;0;0;0;0;0;0;0;0,191823802724133;0;0
"78";0;0;-0,191306708018057;0;0;0;0;0;0;0;0;0;0;0;0;0;0;0;0;0;0;0;-0,174236514273068;0;0;0;0,183050636172313;0,19641190539339;0;0;0;0;0;0;0;0;0;0;0;0;0;0;0;0;0;0;0;0;0;0;0;0;0;0;0,198597551075211;0;0;0;0;-0,192517209025851;0;0;0;0,184488894164093;0;0;0;0;0;0;-0,18565629342779;0;0;0;0;0;0;0;0;0;0;0;0;0;0;0;0;0;0;0;0;0;0;0,200174954233439;-0,177206860530733;0;0;0;0,192556050932895;0;0;0;0,18731365061294;0;0;0;0;0;0;-0,19760860921105;0;0;0;0;0;0;0;0;0,199224342254008;0;0;0,190235934548423;0;0;0;0;-0,189853925428972;0;0;0;0;0;0;0;0;0;0;0;0,185311623836822;0;0;0;0;0;0,18032083093815;0;0;0;0;0;0;0;0;0;0;0;0;0;0;0
"79";0;0;0;0;0;0;0;0;0;0;0;-0,178968435969226;0;0;0;0;0,177923455273856;0;0;0;0;0;0;0;0;0;0;0,19725908066316;-0,182712463345468;0;0;0;0;0;0;-0,175198572375313;0;0;0;0;0;0;0;0;0;0;0;0;0,180320849032575;0;0;0;0;0,175560749223436;0;0;0;0;0;0;0;0;0;0;0;0;0;0;0;0;0;0;0;0;0;0;-0,192570667105685;0;0;0;0;0;0;0;0;0;0;0;0;0;-0,165920559814818;0;0;0;0;0;0;0;0;0;0;0;0;0;0;0;0;0;0;0;0;0;0;0;0;0;0;0;0;0;0;0;0;0;0,187817272369705;0;0;0;0;0;0;0;0;0;0;0;0;0;0;0;0;0;0;0;0;0;0;0;0;0;0;0;0;0;0;0;0;0;0;0
"80";-0,193068906835512;0;0;0;0;0;0;0;0;0;0;0;0;0;0;0;0;0;0;0;0;0;0;0;0;0;0;0;-0,173653728361479;0;0;0;0;0;0;0;0;0;0,176862609175758;0;0,178045039935564;0;0;0;0;0;0;0;0;0;0;0;0;0;0;0;0;0;0;0;0,16936674519713;0;0;0;0,15756207796119;0;0;0;0;-0,166279585098579;0;0;0;0;0;-0,165396286937287;0;0,177477722837985;0,178243230088791;0;0;0,224530890004743;0;0;0;0;0;0;0;0;-0,194691787423058;0;0;0;0;0;0;0;0;0;0;0;0;0;0;-0,211736749192379;0;0;0;0;0;0;0;0;0;0;0,19742402076018;0;0;0;0;0;-0,194616897541918;-0,218912278706916;0;0;0;0;0;0;0;0;0;0;0;0;0;0;0;0;0;0;0;-0,212759634684521;0;0;0;0;0;0;0;0;0;0;0;0,232999243248857;0;0;0;0
"81";0;0;0;0;0;0;0;0;0;0;0;0;0;0;0;0;0;0;0;0;0;0;0;0;0;0;0;0;0;0;0;0;0;0;0;0;0;0;0;0;0;0;0;0;0;0;0;0;0;0;0;0;0;0;0;0;0;0;0;0;0;0;0;0;0;0;-0,164611970360792;0;0;0;0;0;0;0;0;0;0;0;-0,163148353225924;0;0;0;0,197619506241551;0;0;0;0;0;0;0;0;0;0;0;0;0;0;0;0;0;0;0;0;0;0;0;0;0;0;0;0;0;0;0;0;-0,192688305682109;0;0;0;0;0,17778736857838;0;0,187059352532711;-0,210411272780444;0;0;0;0;0;-0,195043854245451;0;0;0;0;0;-0,187100400576947;0;0;0;0;0;0;0;0;0;0;0;0;0;-0,18949255345096;0;0;0;0;0,210606925885035;0,223951199167356;0;0;0;0
"82";0;0;0;0,173400731423846;0;0;0;0;0,187165522645199;0;0;0;0;0;0;0,178843027064048;0;0;0;0;0;0;0;-0,176945612664662;0;0;0;0;0;0;0;0;0;0;0;0;0;0;0;0;0;0;0;0;0;0;0;0;0;0,164703782841616;0;0;0;0;-0,190009201506794;0;0;0;0;0;0;0,177430674357189;0;0;0;0;0;0;0;0;0;0;0;0;0;0,165783523002735;0;0,177893244711958;0;0;0;-0,57778438180685;0;0,214739110432218;0;0;0;0;0;0;0;0;0;0;0;0,218615638126937;0;0;0;0;0;0;0,209638682790829;0;0;0;0;0,220614139474878;0;0,221160649037452;0;0;0;0;0;0;-0,212319492461287;0;0;0;0;0;0;0;0;-0,199951778157841;0;0;0;0;0;0;0;0;0;0;0;0;0;0;0;0;0;0;0;0;0;0;-0,232541393549216;0;0;0;0;0,208983005584066;0;0;0;0;0;0
"83";0;0;0;0;0,206582670561823;0;0;0,186747407740153;0;0;0;0;0;0;0;0;0;0;0;0;0;0;0;0;0;0;0;0,200618879424438;0;0;0;0;0;0;0;0;0;0;0;0;0;0;0;0;0;0;0;0;0;0;0;-0,196231406945514;0;0;0;0;-0,197022526198669;0;0;0;0;0;0;0;0;0;0,19244676670055;0;0;0;0;0;0,184418095689683;0;-0,18286266454205;0;0;-0,189916502660184;0;0;0;0,181703564963691;0;0;0;0;0;0;0;0;0;0;0;0;0;-0,200187084758833;0;0;0;0;-0,203430539769843;-0,230652033844885;0;0;0;0;0;0;0;0;0;0;0;0;0;0;-0,194421682718877;-0,175820182734168;0;0;0;0,19496173485545;0;0;0;0;0;0;0;0;0;0,213850754663966;0;0;0;0;0;0;0;0;0;-0,207013341879528;0;0;0;0;0;0;0;0;0;-0,203030199450858;0;0;0;0;0;0;0;0
"84";0;0;0;-0,186626647533702;0;0;0;0;0;0;0;0;0;-0,190402131853919;0;0;0;0;0;0,166976884362673;0;0,180286764988524;0;0;0;0;0;0;0;0;0;0;0;0;0;0;0;0;0;0;0;0;0;0;0;0;0;0;0;0,177266350467208;0;0;0;0;0;0;0;0;0;0;-0,182711751144162;0;0,190305499396241;0;0;0;0;0;0;0;0;0;0;0,183761574976581;0;0;0;0;-0,192287645731216;0;0;0;0;-0,442075602244586;0;0;0;0;0;0;0;0;0;0;0;0;0;0;0;0;0;0;0;0,197889729097775;0;0;-0,210067405421136;0;0;0,196676754386108;0;0;0;0;0;0;0;0;0,198284868182932;0,178734493252059;0;0;0;0;0;0;0;0,183740553262711;0;0;0;0;0;0;0;0,186170509544937;0;0;0;0;0,173134361009294;0;0;0;0;0;0;0,202649852915839;0;0;0;0;0;0;0;0;0;0;0;0
"85";0;0;0;0;0;0;0;0;0;0;0;0;-0,173306248580219;0;0;0;0;0;0;0;0;0;0;0;0;0;0;0;0;0;0;0;0;-0,178453493239057;0;0;-0,183244279091056;0;0;0;0;0;0;0;0,176348195986262;0;0;0,180650626397324;0,174683271772656;0;0,180680876413202;-0,186912822698598;0;0;0;0;0;0;0;0;0;0;0;0;0;0;0;0;-0,181305897958874;0;0;0;0;0;0;0;0;0;0;0;0;0;0;0;0;0;0;0;0;0;0;0;0;-0,184792523786733;0;0;0;0;0;0;0;0;0;0;0;0;0;0;0;0;0;0;0;0;0;0;0;0;0;0;0;0;0;0;0;0;0;0;0;0;0;0;0;-0,180517095314082;0;-0,172678542808944;0;0;0;0;0;0;0;0;0;0;0;0;0;0;0;0;0;0;0;0;0;0;0;0
"86";0;-0,181704329873284;0;0;0;0;0;0;0;0;0;0;0;0;-0,163560289953767;0,18055869268523;0;0;0;0;0;0;0;0;0,180075435876037;0;0;0;0,175730081501942;0;0;0;0;0;0;0;0,181929442392651;0;0;0;0;0;0;0;0,175082840904344;0;0;-0,179354399992029;0;0;0;0;0;0;0;0,189357176842147;0;0;0;0;0;0;0;0;0;0;0;0;0,180004969769158;0;0;0;0;0;0;0;0;-0,179599798941123;0,180374459254171;0;0;0;0;0;0;0;0;0;0;0;0;0;0;0;0;0;0;0;0;0;0;0;0;0;0;0;0;0;0;0;0;0;0;0;0;0;0;0;0;0;0;0;0;0;0;0;0;0;0;0;0;0;0;0;0;0;0;0;0;0;0;0;0;0;0,161251058342834;0;0;0;0;-0,169409523380343;0;0;0;0;0;0;0;0;0;0
"87";0;0;0;0;0;0;0;0;0,184287659623659;0;0;0;0;0;0;0;0;0;0;0;0;0;0;0;0;0;0;0;0;0;0;0;0;0;0;0;0;0;0;0;0;0;0;0;0;0;0;0;0;0;0;0;0;0;0;0;0;-0,162084794329059;-0,165559871505695;0;0;0;0;0;0,155502620446171;0;0;0;0;0;0;0;0;0;0;0;0;0;0;0;0;0;0;0;0;0;0;0;0;0;0;0;0;0;0;0;0;0;0;0;0;0;0;0;0,177297222918974;0;0;0;0;0;0,183504225567048;0;0;0,171892271976525;0;0;0;0;0;0;0;0,181392881166759;0;0;0;0;0;-0,176029530742113;0;0;0;0;0;0;0;0,178357509277545;0;0;0;0;0;0;0;0;0;0;0;0;0;0;-0,188514758619921;0;0;0;0;0;0;0;0;0
"88";0;0;0;0;0;0;0;0;0;0;0;0;0;0;0;0;0;0;0;0;0;0;0;0;0;0;0;0;0;0;0;0;0;0;0;0;0,173813643298758;0;0;-0,15707119403097;0;0;0;0;0;0;0,157565004676322;0;-0,165693226772253;0;0,171382165705625;0;0;0;0;0;0;0;-0,162185469109803;0;0;0;0;-0,170254357366522;0;0;0;0;0;0;0;0;0;0;0;0;0;0;0;0;0;0;0;0;0;0;0;-0,152253981446847;0;0;0;0;0;0;0;0;0;0;0;0;0;0;0,178552279960449;0;0;0,193945672531699;0;0;0;0;0;0;0;0;0;0;0;0;0;0,171181636596195;0;0,181337877580616;0;0;0;0;0;0;0;0;0;0;0;0;0;0;0;0;0;0;0;0;0;0,194882610571284;0;0;0;0;0;0;0;0;0;0;0;0;0;0;0;0
"89";0;-0,185133146437298;0;-0,17836770341087;-0,199047137047571;0;0;0;0;0;0;0,175377262294059;0;0;0;0;0;0;0;0;0;0;0;0;0;0;0;0;0;0,17268930853181;0;0;0;0;0;0;0,185362506899109;0;0;0;0;0;-0,176892773461275;0;0;0;0;0;0;0;-0,182769472350277;0;0;0;0;-0,192930404981091;0;0;0;0;0;0;0;0;0;0;0;0;0;0;0;0;0;0;0;0;0;0;0;0;0;0;0;0;0;0;0;0;0;0;0;0;0;0;0;-0,174902766778158;0;0;0;0;0;0;0;0;0;0;0,188985702386466;0;0;0;0;0;0;0;0;0;-0,169865554864154;0;0;0;0;0;0;0;0;0;0;0;0;0;0;0;0;0;0;0;0;0;0;0,165510539145259;0;0;0;0;0;0;0;0;0;0;0;0;0;0;0;0;0;0;0;0
"90";0;0;0,203149127589518;0;0;0;0;0;0;0;0;0;0;0,196350990382201;0;0;0,188125978193261;0,185864437290207;0;0;0;0;0;0;0;0,18162716739513;0;0;0;0;0;0;0;0;0;0;0;0;0;0;0;0;0;0;0;0;0,181307814018024;0;0;0;0;0;0;0,185627789372489;0,210891294196207;-0,208170602675918;0;0;0;-0,204434561990787;0;0;0;0;0;0;0;0;0;-0,184985871558714;0;0;0;0;0;0;0,203613093421692;0;-0,198295414604671;0,1884640896006;-0,172503639241974;0;0;0;0;0;0;0;0;0;0;0;0;0;0;0;0;0;0;0;0;0;0;0;0;0;0;0;0;0;0;0;0;0;0;0;0;0;0;0;0,159729527692792;0;0;0;0;0;0;0;0;0;0;0;0;0;0;0;0;0;-0,166532103724217;0;0;0;0;0;0;0;0;0;0;0;0;0;0;0;0;0;0;0;0;0
"91";0;0;0;0;0;0;0;0;0;0;0;0;0;0,183480835003494;0;0;0,175794945049982;0;0;0;0;0;0;0;-0,18499062340663;0;0,181640888429027;-0,194899257056446;0;0;0;0;0;0;0;0;0;0;0;0;0;0;0;0,183492844674682;0;0;0;0;0;0;0,184280759450753;0;0;0;0;0;0;0;0,174391899509355;0;0;0;0;0;0;0;0;0;0;0;0;0;0;0;0;0;0;0;0;0;0;0;0;0;0;0;0;0;0;0;0;0;0;0;0;0;0;0;0;0;0,192633961354568;0;0;0;0;0;0;0;0;-0,191769435679142;0;0;0;0;0;0;0;0;0;0;0;0,184614617550808;0;0;0;0;0,184243896489849;0;-0,168424236294533;0;0;0;-0,17540347211749;0;0;0;0;0;0;0;0;0;0;-0,198404101216671;0;0;0;0;0;0;0;0;0,175053585444232;0;0;-0,21727808242151;0;0;0;0
"92";0;0;0;0;0;0;0;0;0;0;0;0;0;0;0;0;0;0;0;0;0;0;0;0;0,178329821134197;0;0;0;0;0;0;0;0;0;0;0;-0,180165855287779;0;0;-0,162811534679249;0;0;0;0;0;0;0;0,177615774825767;0;0;0;0;0;0;0;0;0;0;0;0;0;-0,177396314151186;0;0;0;0;0;0;0;0;0;0;0;0;0;0;0;0;0;-0,169769817062923;0;0;0;0;0;0;0;0;0;0;0;0;0,175939314284581;0;-0,179332184295293;-0,197677362311219;0;0;0;0;0;0;0;0;0,188170681217163;0;0;0;0;-0,199978620575057;0;0;0;0;0;0;0;0;0;0;0;0;0;0;-0,214313014175389;0;0;0;0;-0,197332662686465;0;0;0;0;0;0;0;0;0;0;0;0;0;0;0;0;0;0;-0,21026935538021;0;0,200076176969849;0;0;0;0;0;0;0;0;0
"93";0;0;0;0;0,186002359604801;0;0;0;0;0;0;0;0;0;0;0;0;0;0;0;0;0;0;0;0;0;0;0;0;0;0;0;0;0;0;0;0;0;0;0;0;0;0;0;0;0;0;0,170762875617535;0;0;0;0;0;0;0;0;0;0;0;0;0;0;0;0;0;0;0;0,15802210076495;0;0;0;0;0;0;0;0;0;0;0;0;0;0;0;0;0;0;0;0;0;0;0;0,163570093998699;0;0;0;0;0;0;0;0;0;0;0;0;0;0;0;0;0;0;0,173556782568501;0;0;0;0;0;0;0;0;0;0;0;0;0;-0,190982705622506;0;0;0;0;0;0;0;0;0;0;0;0;0;0;0;0;0;0;0;0;0;0;0;0;0;0,178295703391292;0;0;0;0;0;0;0;0;0
"94";-0,177495986843356;0;0;0;0;0;0;0;0;0;0;0;0;0,162259326442072;0;0;0;0;0;0;0;0;0;0;0;0;0;0;0;0;0;0;0;0;0;0;0;0;0;0;0;0;0;0;0;0;0;0;0;0;0;0;0;0;0;0;0;0;0;0;0;0;0;0;0;0;0;0;0;0;0;0;0;0;0;-0,152055437881419;0;0;0;0;0;0;0;0;0;0;0;0;0;0;0;0;0;0;0;0;0;0;0;0;0;0;0;0;0;0;0;0;0;0;0;0;0;0,187187318432955;0,207303801556043;0;0;0;0;0;0;0,197533295813731;0;0;0;0;0;0;0;0,202473888212861;0;0;0;-0,203044594192558;0;0;0;0;0;0;0;0;0;0;0;0;0;0;0;0;0;0;0;0;0;-0,232482434480014;0;0;0;0
"95";0;0,172284001449385;0;-0,165988113227307;0;0;0;0;0;0;0;0;0;0;0,155080626042912;0,171197758985572;0;0;0;0;-0,164880405801799;0;0;0;0;0;0;0;0;0;0;0;0;0;0;0;0,172497443174412;0;0;0;0;0;0;0;0;0;0;0;0;0;0;0;0;0;0;0;0;0;0;0;0;0;0;0;0;0;-0,17255733892414;0;0;0;0;-0,170143521508465;0,165358433333336;0;0;0;0;0;0;0;0;0;0,17393601322982;0;0;0,164487406660976;0;0;0;0;0;0;0;0;0;0;0;0,169052501867991;0;0;0;0;0;0;-0,170919965966162;0;0;0,181196538410167;0;0;0;0;0;0;0;0;0;0;0;0;0;0;0;-0,193364413218899;0;0;0;0;0;0;0;0;0;0;0;-0,171942114566899;0;0;0;0;0;0;0;0;0;0;0;0;0;0;0;0;0;0;0;0;0;0;0;0
"96";0,203639619029796;0;0;0;-0,203622126849336;0;0;0;0;0;0;0;0;0;0;0;0;0;0;0;0;0;0;0;0;0;0;0;0;0;0;0;0;0;0;0;0;0;0;0;0;0;0;0;0;0;0,171896420075625;-0,18693902590284;0;0;0;0,193419207565745;0;0;-0,19994426988039;0;0;0;0;0;0;0;0;0;0;0,169686740590517;0;0;0;0;0;0;0;0;0;0;0;0;0;0;0;0;0;0;0;0;0;0,172751486910221;0;0;0,185753138741072;0;0;0;0;0;0;0;-0,195107703462304;0;0;0;0;0;0;0,206158558132637;0;0,199732434607866;0;-0,200227215612062;0;0;0;0;0;0;0;0;0;0;0;0;0;0;0;0;0;0;0;0;0;0;0;0;0;0,189531309236891;0;0;0;0;0;0;0;0;0;0;0;0;0;0;0;0;0;0;0;-0,226860893148673;0;0;0;0
"97";0;0;0;0;0;0;0;0;0;0;0;0;0;0;0;0;0;0,179219620817828;0;0;0;0;0;0;0;0,17513383703385;0;0;0;0;0;0;0;0;0;0;0;0;0;0;0;0,184861329593174;0,184042476152435;0;0;0,178916190400789;0;0;0,183844551584912;0;0;0;0;0;0;0;0;0;0;0;0;0;0,189235181472792;0;0;0;0;0;0;0;0;0;0;0,18272806145247;0;0;0;0;-0,191206179802292;0;0;0;0;0;0;0;0,179351030367573;0;0;0;0;0;0;0;0;-0,191676028437119;0;0;0;0;0;0;0;0,192947272730243;0;0,19744524680232;0;0,191290724007714;0;0;0,186758745520448;0;0;0;0;0;0;0;0;0;0;0;0;0;-0,205510208188392;0;0;0;0;0;-0,174285755968734;0;0;0;0,195080020841486;0;0;0;0;0;0;0;0;0;0;0;0;0;0;0;0;0;0;0,181205567959692;0;0;0;0,180596725032872;0;0
"98";0;0;0;0;0;0;0;0;0;0;-0,172987077506238;0;0;-0,195679312868014;0;0;0,187482436802708;0;0;0;0;0,185283588732179;0;0;0;0;0,193717039906924;0;0;0;0;0;0;0;0;0;0;0;-0,196086400365159;0;0;0,191059500444976;0;0;0;0;0;0;0;0;0,196532419222053;-0,203311108280046;0;0;0,210169877207305;-0,20745849262921;0;0;0;0;0;0;0;0,195239105531039;0;0;0;0,181838506146589;0;0;0;0,196600759641247;0;0;0;0;0,202916573703715;0;0;0;0;0;-0,200982982054072;0;0;0;0;0,181586393113541;0;0;0;0;0;0;0;0;0;0,300090015865862;0;0;0;0;0;0;0,177384358323463;0;0;0;0;0;0;0;0;0,171976751036043;0;0;0;0;-0,190056826187065;0;0;0;0;-0,200677680735193;0;0;0;0;0;0;0;0;0;0;0;0;0;0;0;0;0;0;0;0;0;0;0;-0,19424068122499;0,19821629192149;0;0;0;0;0;0;0;0;0;0;0
"99";-0,212264706354149;0;0;0;0;0;0,190354401866569;0;0;0;0;0;0;0;0;0;0;0;0;0;0;0;0;0;0;0;0;0;0;0;0;0;0;0;0;0;0;0,188692146825891;-0,194447103974671;0;0;0;0;0;0;0;0;0;0;0;0;0;0;0;0;0;0;0;0;0,202031991019007;0;0,194616001733979;0;0;0,173227625095922;0;0;0;0;0;0;0;0;0;0;0;-0,201220176573556;0;0;0;0;0;0,199302749888979;0;0,189838314534866;0;0,183814787631731;0;0;0;0;0,186649113818003;0;0;0;0;0;0;0;0;0;0;0;0;0;0,203226018135888;0;0;0;0;0;0;0;0;0;0;0;0;0;0;0;0;-0,18679429669277;0;0;0,178450785011676;0;0;0;0;0;0,208424682723323;0;0;0;0;0;0;0,185096347125225;0;0;0;0;0;0;0;0;0;0,20753600997641;0;0;0;0;0;0;0;0;0;0;0
"100";0;0;0;0;-0,200623704912338;0;0;0;0,194051702659596;0;0;0;0,176698149767646;0,183417463578048;0;0;0;0,173621653706826;0;0;0;0;0;0;0;0;0;-0,194831941885693;-0,180464310796943;0;0;0;0;0;0;0,173042873142915;0;0;0;0;0;0;0;0;0;0;0;0;0;0;0;0;0;0,173400593651338;0;0;0;0;0;-0,190968574974084;0;0;0;0;0;0;0;0;0;0;0;0;0;0;0;0;0;0;0;0;0;0;0;0;0;0;0;0;0;0;0;0;0;0;0;0;0;0;0;0;0;0;0;0;0;0;0;0;0;0;0;0;0;0;0;0;0;-0,165487291602919;0;0;0;0,183503901347981;0;0;0;0;0;0,178078133143141;0,167410927973214;0;0;0;0;0;0;-0,180433204305573;0;0;0;0;0;0;0;0;0;0;0,169622837359262;0;0;0;0,190708662026411;0;0;-0,180119910433788;0;0;0;0;0;0
"101";0;0;0;0;0;0;0;0;0;0;0;0;0;0;0;0;0;0;0;0;0;0;0;0;0;0;0;0;-0,167926464585497;0;0;0;0;0;0;-0,161020634940405;0;0;0,171029513483453;0;0;0;0;0;0;0;0;0;0,165728391564847;0;0;0;0;-0,161353502641636;0;0;0;0;0;0;0;0;0;0;0;0;0;0;0;0;0;0;0;0;0;0;0;0;0,172364600216378;0;0;0;0;0;0;0;0;0;-0,168905938852571;0;-0,170302590948237;0;0;0;0;0;0;0;0;0;0,946701740147546;0,23173829467543;0,192870928303597;0;0;0;0;0;0;0;0;0;0;0;0,2055686365285;0;0;0;0;0,184909210714926;0;0;0;0;0,218056069891314;0;0;0;0;0;0;0;0;0;0;0;0,212131790158865;0,193655080492324;0;0;0;0;0;0;0;0;0;0;0;0;0;-0,203986374644308;0;0;0;0;0,209515812048835;0;0;0,19353040880661
"102";0;0;0;0;0,206788895206966;0;0;0;0;0;0;0,182198402107856;0;0;0;0;-0,181134561929006;0;0;0;0,184068535686953;0;0;0;0;0;0;0,200819150614203;0,186010000514608;0;0;0;0;0;0;-0,178360501199487;0;0;0;0;0,190713774374591;0;0;0;0;0;0;0;0;0;0,189878125480605;0;0;0;0;0;0;0;0;0;0;0;0;0;0;0;0;0;-0,190534962672416;0;0;0;0;0;0;0;0;0;0;0;0;0;0;-0,195757992785572;0;0,183629800859575;0;0;0;0;0;0;0;0,166823552581905;0;0;0;0;0;0;0;0;0;0;0;0;0;0;0;0;-0,224676094637617;0;0;0;0;0;0;0;0;0;0;0;0;0;0,247234638759533;0;0;0;0;-0,22764585605062;0;0;0;0;0;0;0;0;0;-0,215797636713981;0;0;0;0;0;0;0;0,237704608335004;0;0;0;-0,231282246223135;0,210589135386142;0;0,245810328752802;0;0;0;-0,213685835868775;0
"103";0;0;0;0;0;0;0;0;0;0,167271080337688;0;0;0;0;0;0;0;0;0;0;0;0;0;0;0;0;0;0;0;0;0;0;0;0;0;0;0;0;0,164246235522921;0;0;0;0;0;0;0;0;0;0;0;0;0;0;0,154953989270925;0;0;0;0;0;0;0;0;0;0,163536522933863;0;0;0;0;0;0;0;0;0;0;0;0;0;0;-0,165528370784335;0;0;0;0;0;0;0;0;0;0;0;0;0;0;0;0;0;0;0;0;0;0;0;0;0;0;0;0;0;0;0;0;0;0;0;0;0;0;0;0;0;0;0;0;0;0;0;0;-0,17937639530928;0;0;0;0;0;0;0;0;0;0;0;0,179603852600374;0;0;0;0;0;0;0;0;0;-0,184072364339015;0;0;0,175268926050674;0;0;0;0;0;0;0
"104";0;0;0;0,172052487572552;0;0;0;0;0;0,179137745817403;0;0;0;0;0;0;0;0;0;0;0;0;0;0;0;0;0;0;-0,172706925084036;0;0;0;0;0;0,15718478691235;0;0;0;0;0,161576915137268;0;0;0;0;-0,172070819230984;-0,16587708750388;0;0;0;0;0;0,182379197851442;0;0;0;0;0;0;0;0;0;0;0;0;0;0;0;0;0;0;0;0;0;0;0;0;0;0;0;0;0;0;0;0;0;0;0;0;0;0;0,175150694020236;0;0;0;0;0;0;0;0;0;0;0;0;0;0;0,209844804044215;0;0;0;0;0;0;0;-0,185927130911231;0;0;0;0;0;0;0;0;0;0;0;0;0;0;0;0;0;-0,21521278183391;-0,186414098866481;0;0;0;0;0;0;0;0;0;0;0,210858549681081;0;0;0;0,209997062677597;0;0;0;0;0;0;0;0,23091730995446;0;0;0;0
"105";0,205788266136001;0;0;0;0;0,183826633685809;-0,184546470227226;0;0;0;0;0;0;0;0;0;0;-0,178075816265157;0;0;0;0;0;-0,188162233923614;0;0,174016108521693;0;0;0;0,178522441092596;0;0;0;0;0;0;0,19162371718326;0;0;0;0;0;0;0;0;0;0;0;0;-0,175144391818749;-0,188943094616462;0;0;0;0;0;0;0;0;0;0;0;0;0;0;0;0;0;0,189596697296423;0;0;0;-0,183693143966754;0;0,182143827254291;0;0;0;0;0;0;0;0;0;-0,184046129313326;0;0;0;0;0;0;0;0;0;0;0;0;0;0;0;0;0;0;0;0;0;-0,203574682589923;0;0;0;0;0;0;0;0;-0,185804668993371;0;0;0;0;0;0;0;0;-0,204259894747318;0;0,183118341895314;0,178061535697864;0;0;0;0;0;0;0;0;0;0;0;0;0;0;0;-0,197192041268127;0;-0,181977185004886;0;0;0;0;0;0;0;0;0;0;0;0;0;0
"106";0;0;0;0;0;0;0;-0,165154541613963;0;0;0;0;0;0;0;0;0;-0,1581071347939;0;0;0;0;0;0;0;0;0;0;0;0;0;-0,163149135651655;0;0;0;0;0;0;0;0;0;0;0;0;0;0;0;0;0;0;0;0;0;0;0;0;0;0;0;0;0;-0,167520472609771;0;0;0;0;0;0;0;0;0;0;0;0;0;0;0;0;0;0;0;0,160693898482152;0;0;0;0;0,15822306399462;0;0;0;-0,166663699514062;0;0;0;0;0;0;0;0;0;0;0;0;0;0;0;0;0;0;-0,208558550119663;0;0;0;0;0;0;-0,200221177241935;-0,181064804489058;0;0;0;0;0;0;0,223507949898166;0;0;0;0;0;0,189548988132571;0;0;0;0,212164329493559;0;0;0;0;0;0;0;0;0;-0,190312816870584;0;0;0;0;0;0;0;0;0;0;0;0;0;0;0
"107";0;0,18707720435498;0;0;0;0;0;0;0,194548477229329;0;0;0;0;0;0;0;0;0;0;0;0;0;0;0;0,185400145060861;0;0;0;0;0;0;0;0;0;0;0;0;0;0;0;-0,18550152005314;-0,17954560750334;0;-0,183899050632082;0;0;0;0;0;0;0;0;0;0;0;0;0;0;0;0,191457456701815;0;0;0,183793688454525;0;0;0;0,187374012010899;0;0;0;0;0;0;0;0;0;0;0;0;0;0;0;0;0;0;0;0;0;0;0;0;0,176879732991793;0;0;0;0,186164348408108;0;0;0;0;0;0;0;0;0;0,167032650073115;0;0;0,252445091709458;0;-0,210701633441792;0;0;0;0;0;0;0;0;0;0;0;0;0;0;0;0;0;0;-0,213486680874903;0;0;0;0;0;0;0;0;0;0;0;0;0;0;-0,197421940309527;0;0,192522323255953;0;0;0;0;0;0,19749085848462;0;0,230521355058339;0;0;0;0;0
"108";0;0;0;0;0;0;0,173923342459698;0;0;0;0;0;0;0;0;0;0;0;0;0;0;0;0;0;0;0;0;0;0;0;0;0;0;-0,175871723484982;0;0;0;0;-0,177662769672061;0;0;0;0;0;0;0;0;0;0;0;0;0;0;0;0;0;0;0;0;0;0;0;0;0;0;0;0;-0,164753560547146;0;0;0,17801443140716;0;-0,173119136585442;0;0;0;0;0;0;0;0;0;0;0;0,173451802884827;0;0;-0,164525135222196;0;0,189316737428046;0;0;0;0;0,163279272128092;0;0;0;0;0;-0,1645600521127;0;0;0;0;0;0;0;0;0;0;0;-0,197861820420523;0;0;0;0;0;0;0;0;0;0;0,215093540075448;0;0;0;0;0;0;0;-0,213365072593069;0;0;0;0;0;0;0;0;0;0;0;0;0;0;0;0;0,212455335211301;0;0;0;0;0;0;0;0;0;0;0
"109";0;0,175160953904007;0,178135040718055;0;0;0;0;0;0;0;0;0;0;0;0;0;0;0;0;0;0;0;0;0;-0,173590718199853;0;0;0;0;0;0;0;0;0;0;0;0;0;0;0;0;0;0;0;0;0;-0,158983084081276;0;0,16718445988527;-0,160295742987113;0;0;0;0;0;0;0;0;-0,163645132529353;0;0;0;0;0,171786640491706;0;0;0;0;0;-0,162208256335513;0;0;0;0,166169146686428;0;0;0;0;0;0;0;0;0;0;0;0;0;0;0;0;0;0;-0,159223229814627;0;0;0;0;0;0;0;0;0;0;0;0;0;0;0;0;0;0;0;0;0;-0,238789344620042;0;0;0;-0,238285619002565;0;0;0;0;0;0,2532947968089;0;0;0;-0,207580469090848;0;0;0;0;0;0;0;0;-0,224950510612997;0;0;0;-0,241600007172626;0;0;0;0;0;0,243531168491788;0;0;0,236468395476934;0;0;0;0;0;0;0,222588508740258;0;-0,224805691487729
"110";0;0;0;0;0;0;0;0,171515063088336;-0,183517204145893;0;0,153344695304824;0;0;0;0;0;0;0;0;0;0;0,164244959038028;0;0;0;0;0;0;0;0;0;0,169432423841594;0;0;0;0;0;0;0;0;0;0;0;0;0;0;0;0;0;0;-0,174216504363101;0;0;0;0;0;0;0;0;0;0,166454171410472;0;0;0;0;0;0;0;0;0;0;0;0;-0,16741058256114;0;0;0;0;0;0;0;0;0;0;0;0;0;0;0;0,185223101728641;0;0;0;0,153063530107486;0;0;0;0;0;0;0;0;0;-0,165585065635304;0;0;0;0;0;0;0;0;0;0;-0,204646061074559;0;0;0;0;0;0;0;0;0;0;0;0;0;0;0;0;0;0;0;0;0;0;0,192785972116599;0;0;0;0,2070548411703;0;0,209566081953383;0,184837368685752;0;0;0;0;0;0;0;0;0;0;0;0;0;0;0
"111";0,198109501458719;0;0;0,177512231585617;0;0;0;0;0;0;0;0;0;-0,181103329940836;0;0;0;0;0;0;0;-0,171481974312834;0;0;0;0;0;0;0;0,171861070935281;0;0;0;0;0;0;0,184473487199476;0;0,181480093842086;0;0;0,176827643353165;0;0;0;0;0;0;0;0;0;0,188166639507333;0;0;0;0;0;0;0;0;0;0;0,181011416789993;0;0;0;0;0;0;0;0;0;0;0;0;0;0;0;0;0;0;0;0;0;0;0;0;0;0;0;0;0;0;0;0;0;0;0;0;0;0;0;0;0;0;0;0;0;0;0;0;0;0;0;0;0;0;0;0;0;0;0,18991049183878;0;0;0;0;0;0;0;0;0;0;0;0;0;0;0;0;0;0;0;0;0;0;0;0;0;-0,203261686126438;0;0;0;0;0,180075190962095;0;0;0;0;0;0;0
"112";0;0;0;0;0;0;0;0;0;0;0;0;0;0;0;0;0,18024771759442;0;0;-0,164982790797991;0;0;0;0;0;0;0;0;0;0;0;0;0;0,186619168422934;0;0;0;0;0;0;0;0;0,182873096140253;0;0;0;0;0;0;0;0;0;0;0;0,202059677267695;-0,199452921722712;0;0;0;0,195873337378209;0;0;0;0;0;0;0;0;0;0;0;0,189014175444897;0;0;0;0;0;0;0;0;0;0;0;0;0;-0,18273073970405;0;0;0;0;0;0;0;0;0;0;0;0;0;0;0;-0,193420185638561;-0,167690712756653;0;0;0;0;0;0;0;0;-0,0515836817212403;0;0;0;0;0;0;0;0;0;0;0;-0,192726195751569;0;0;0;0;0;0;0;0;0;0;0;0;0;0;0;0;0;0;0,159217621917485;0,187309525278565;0;0;0;0;0;0;0;0;0;0;0;0;0;0;0;0,172200583174768
"113";0;0,204927606410816;-0,208407106142216;0;0;0;0;0;0;0;-0,178073545090095;0;0;0;0;0;0;0;0;0;0;0;0;0,201475099788276;-0,203090526644002;0;0,199413045979353;0;0;0;0;0;0;0;0;0;0;0,19587795601388;0,201852074503775;0;0;-0,196677364909829;0;0;0;0;0;0;0;-0,187536218523875;0;0;0;0;0;0,213558548847086;0;0;0;0;0;0;0;0;0;0;0;0;0;0,189773742206986;0;0;0;0;0;0;0;0,202554099478724;0;0,193341984735232;0;0;0,206892634022659;0;0,197067772293252;0;0,190814856326011;0;0;0,215092763997065;0;0;0,186281443687459;0;0;0;0;0;0;0;0;0;0;0,192287836191794;0;0;0;0;0,188608037491533;0;0;0;0;0;0;0;0;0;0;0;0;0;0;0;0;0;0;0;0;0;0;-0,20945204927474;0;0;0;-0,187756234714316;0;0;0;0;0;0;0,174437172111242;0;0;0;0;0;0;0;0;0;0,181062341704449;0;0;0;0;0;0;0
"114";0;0;0;0;0;0;0;0;0;0;0;0;0;0,192195414006998;0;0;0;0;0;0;0,187127203763515;0;0;0;0;0;0;0;0;0;0,180996082838645;0;0;0;0,172105370764583;0,181324318829167;0;0;0;0;0;0;0;0;0;0;0;0;-0,186625693795528;0;0;0;0;0;0;0;0;0;0;0;0,184432602267489;0;0;0;0;0;0;0;-0,193701083409021;0;0;0;0,187669730056215;0;0;0;0;-0,19326508417824;0,194098686395467;0;0;-0,184907337099759;0;0;0;0,186681178476604;0,182064196010897;0;0;0;0;0;0;0;0;0;0;0;0;-0,191710434119211;0;0;0;0;0;0;0;0;0;0;0;0;-0,210540536341868;0;0;0;0;0;0;0;0;0;-0,174877972917076;0;0;0;0;0;0;0;0;0;0;0;0;0;0;0;0;0;0;-0,188889665188081;0;0;0;0;0;0;0;0;-0,184877627165326;0;0;0;0;0;0;0;0;0
"115";0,183554796157467;0;0;0;0;0;0;0;0;0;0;0;0;0;0;0;0;0;0;0;0;0;-0,158116687912583;0;0;0;0;0;0;0;0;0;0;0;0;0;0;0;0;0;0;0;0;0;0;0;0;0;0;0;0;0;0,154439615188796;-0,158634178540547;0;0;0;0;0;0;0,161020637139665;0;0;0;0;0;0;0;0;0;0;0;0;0;-0,162464914597739;0;0;0;0;0;0,147418515292953;0;0;0;0;0;0;0;0;0;0;0;0;0;0;0;0;0;0;0;0,155746184074412;0;0;0;0;0;0;0;0;0;0;0;0;0;0;0;0;0;0;0;-0,184071872070266;0;0;0;0;0;0;0;0;0;0;0;0;0;0;0;0;0;0;0;0;0;0;0;0,186742611713701;0;0;0;0;0;0;0;0;0;0,21805154904203;0;0;0;0;0
"116";0;0;0;0;0;0;0;0;0;0;0;0;0;0;0;0;0;0;0;0,146490596777596;0;0;0;0;0;0;0;0,177437200742618;0;-0,158517158823537;0;0;0;0;0;0;0;0;0;0;0;0;0;0;0;0;0;0;0;0;0;-0,173556704364466;0,153743599625521;0;0;0;0;0;0;0;0;0;0;0;0;0;0;0;-0,168350430309019;0;0;0;0;0;0;0;0;0;-0,168695996955742;0;0;0;0;0;0,16342186076251;0;0;0;0;0;0;0;0;0;0;0;0;0;0;0;0;0;0;0;0;0;0;0;0;0;0;0;0;0;0;0;0;0;0;0;0;-0,190096853679125;0;0;0;0;0;0;0;0;0;-0,208514535678846;0;0;0;0;0;0;0;0,18471007176503;0;0;0;-0,204295823909739;0;0;0;0;0;0;0;-0,197963985835832;0;0;0;0;0;0;0;0
"117";0;0;0;0,161165708162414;0;0;0;0;0;0;0;0;0;0;0;0;0;0;0;0;0;0;0;0;0;0;0;0;0;0;0;0;0;0;0;0;0;0;0;0;0;0;0;0;0;0;0;0;0;0;0;0;0;0;0;0;0;0;0;0;0;0;0;0;0;0;0;0;0;-0,154908859584629;0;0;0;0;0;0;0;0;0;0;0;0;0;0;0;0;0;0;0;0;0;-0,158160418415269;0;0;0;0;0;0;0;0;0;0;0;0;0;0;0,164431076813625;0;0;0;0;0;0;0;0;0;0;0;0;0;0;0;0;0;0,20839952586912;0;0;0;0;0;0;0;0;-0,192428576294022;0,197822697997734;0;0;0;0;0;0;0;0;0;0;0;0;-0,200366453189843;0;0;0;0,194952902621894;0;0;0;0;0,200237470641491;0;0;0
"118";0;-0,175819522695335;0;0;-0,189033532368714;0;0,169535749770506;0;0;0;0;0;0;0,1728213076985;0;0;0;0;0;0;0;0,16363994553356;0;0;0,174243383231201;0;0;0;0;-0,164001705717962;0;0;0;0;0;0;0;0;0;0;0;0;0;0;0;0;0;0;0;0;0;0;0;0;0;0;0;0;0;0;0;0;0;-0,172432522565726;0;0;0;0;0;0,162818125675325;0;0;0;0;0;0;0;0;0;0;0;0;0;0;0;0;0;0;-0,171030555407376;0;0,172444775565976;0;0;0;0;0;0;0;0;0;0;0;0;0;0;0;0;0;0;0;0;0;0;0;0;0,156994535131831;-0,154536163512441;0;0;0;0;0;0;0;0;0;0;0,164288727913177;0;0;0;0;0;0;0;0;0;0;0;0;0;0;0;0;0;0;0;0;0;0;0;0;0;0;0;0;0;0;0;0
"119";0;0;0;0;0;0;0,164349014660383;0;0;0;0;0;0;0;0;0;0;0;0;0;0;0;-0,157867939830924;0;0;0;0;0,177960073363989;0;0;0;0;0;0;0;0;0;0;0;0;-0,169004983715059;0;0;0;0;0;0;0;0;0;0;0;0;0,158384616346205;0;0;0;0,155892741384923;0;0;0;0;0;0;0;0;0;0;0;0;0;0;-0,163589079615731;0;0;0;0;0;0;0;0;0;0;0;0;0;-0,158702813967278;0;0;0;0;0;0;0;0;0;0;0;0;0;0;0,172246655106649;0;0;0;0;0;0;0;0;0;0;0;0;0,152880471809763;0;0;0;-0,458277488593012;0;0;0;0;0;0;0;0;0,190782381606724;0;0,201512358812771;-0,185600760072071;0;0;0;0;0;-0,212906456412426;0;0;0;0;0;0;0;0;0;0;0;0;0;0,204313983374842;0;0,186413731170961;0;0;0;0;0,192321450748052;0;0
"120";0;0;0,186283479917587;0;0;0;0;0,178030632305403;0,190488714546233;-0,183747091596072;0;0;0;0;0;0;0;0;0;0;0;0;0;0;0;0;0;0;0;0;0;0;0;0;0;0;0;0;0;0,165734407843901;0,181630545787525;0;0;0;0;0;0;0;0;0;0;0;0;0;0;0;0;0;0;0;0;0;0;0;0;-0,164118287984821;0;0;0;0;0;0;-0,175810045137956;0;0;0,168727069726411;0;0;0;0;0;0;0;0;0;0;0;0;0;0,192259416313392;0;0;0;0;0;0;0;0;0;-0,17959539913986;0;0;0;0;0;-0,163547077072067;0;0;0;0;0,177329487562354;0;0;0;0;0;0;0;0;0;0;0;0;0;0;0;0;0;0;-0,181643761657089;0;0;0;0;0;0;0;0;0;0,17218980028664;0;0;0;-0,190447964110815;0;0;0;0;0;0;0;0;0;0;0;0;0;0;0;0
"121";0;0;0;0;-0,197699791104081;0;0;0;0;0;0;-0,174190137241988;0;0;0;0;0;0;0;0,158507272941477;-0,175978071828873;0;-0,170316015637844;0;0;0;0;0;0;0;0;0,176547333046416;0;0;0;0;0;0;0;0;0;0;0;0;0;0;0;0;-0,175506442074383;0;0;0;0;0;0;0;0;0;0;0;0;0;0;0;0;0;0,1841717191083;0;0;0;0;0;-0,176488274135035;0;0;0;0;0;0;0;0;0;0;0;0;0;0;0,167727021633266;0,178871466097883;0;0;0;0;0;0;0;0;0;-0,190732900839949;0;0;-0,185828509804647;0;0;0;0;0;0;0;0;0;0;0;0;0;0;0;0;0;0;0;0;0;0;0;0;0;0;0,16001436584859;0;0;0;0;-0,180289981593356;0;0;0;0;0;0;0;0;0;0;0;0;0;0;0;0;0;0;0;0;0;-0,206428809394604;0;0;0;0
"122";0;0;0;0;0;0;0;0;0;0;0;0,172328466651088;0;0;0;0;0;0;0;-0,156813214178156;-0,174097292548517;0;0;0;0;0;0;0;0;0,169687240848962;0,168393089568728;0;0;0;0;0;0;0;0;0;0;0;-0,173817631849716;0;0;0;0;0;0;0;0;0;0,16457730766979;0,169047209659882;0;0;0;0;0;0;0;0;-0,178721846140607;0;0;0,162990619755558;0;0;0;0;0;0;0;0;0;0;0;0;0;0;0;0;0;0;0,17493755788333;0;0;0;0;0;0,178423011129719;0;0;0;0;0;0;0;0;0;0;0;0;0;0;0;0,178817993779786;0;0;0;-0,176111044257279;0;0;0;0;0;0,159893551612847;0;0;0;0;0;0;0;0;0;0,187348471025125;0;0;0;0;0;0;0;0;0;0;0;0;0;0;0;0;0;0;0;0;0;0;0;0;0;0;0,184263598683162;-0,20777448756972;0;0;0;0;0
"123";0;0;0,193867637299559;0;0;0;0;0;0;0,191227985026669;0;0;0;0;0;0;0;0;-0,168804684115887;0;0;0;0;0;0;0;0;0;0;0;0;0;0;0;0;0;0;0;0;0;0;0;0;0;0;0;0,173024211054676;0;0;0;0;0,19468820686993;0;0;0;0,198659690912144;0;0;0;0;0;0;-0,187284995098486;0;0;0;0;0;0;0;0;-0,188262459870605;0;0;0;0;0;-0,188422964159789;0;0;0;-0,180274614524255;0;0;0;0;0;0;-0,185438485247065;0;0;0;-0,173285566067955;0;0;0;0;0,19940241471307;0;0,186907264758633;0;0;0;0;0;0;0;0;0;-0,176760616850811;0;0;0;0;0;0;0;0;0;0;0;0;0;0;0;0;0;0;0;0;0;0;0;0;0;0;-0,199854925290564;0;0;0;0;0;0;0;0;0;0;0;0;0;0,191789185594719;0;0;0;0;0;0;0;0;0
"124";0;0;0;0;0;0;0;0;0;0;0;0;0;0;0;0;0;0;0;0;0;0;0;0;0;0;0;0;0;0;0;0;0;0;0;0;0;0;0;0;0;0;0;0;0;0;0;0,178280863513256;0;0;0;0;0;0,167840999348377;0;0;0;0,165200346528671;0;0;0;-0,178060581060249;0;-0,177137313910568;0;0;0;0;0;0;0;0;0;0;0;0;0,184102957837499;0;0;0;0;0;0;-0,183832381466995;0;0;0;0;0;0;0;0,170771413268693;0;0;0;0;0;0;0;0;0;0;0;0;-0,181631824448178;0;0;0;0,166233174512121;0;0;0;0;-0,185563787127388;0;0;0;0;0;0;0;0;0;0;0;0;0;0;0;0;0;0;0;0;0;0;0;0;0,202208161120454;0;-0,18981569316156;0;0;0;0;0;0;0;0,226722329183595;0;0;0;0;0;0;0;0;0;0;0
"125";0;0,173158138209186;0;0;0;0;0,166969482911343;0;0;-0,173700510477571;0;0;0;0;0;0;0;0;0;0;0;0;0;0;0;0;-0,168498487740035;-0,180797563586566;0;0,161519207821207;0;0;0;0;0;0;0;0;0;0;0;0;0;0;0;0;0;0;0;0;0;0;0;0;0;0;0;0;0;0;0;0;0;0;0;0;0;0;0;0;0;0;0;0;0;0;0;0;0;0;0;0;0;0;0;0;0,161233256186227;0;0;-0,181747414164078;0;0;0;0;0;0;0;0;0;0;0;0;0;0;0;0;-0,170210444550731;-0,164107720577629;0;0;0;0;-0,186451465897019;0;0;0;0;0;0;0;0;0;0;0;-0,537120467750356;0;0;0;0;0;0;0;0;0;0;0;0;0;0;0,203056575606508;0,191093075701044;0;0;0;0;0;0;0;-0,228248078397404;0;0;0;0;0;0;0;0;0,204435429184237;0;0
"126";0;0;0;0;0;0;0;0;0;0;0;0,165857257500647;0,16579326516906;0;0;0;0;0;0;0;0;0;0;0;0;0;0;0;0;0;0;0;0;0;0;0;0;0;0;0;0;0;0;0;0;0;0;0;0;0;0;0;0;0;0;0,182457562856694;0,179530865614058;0;0;0;0,165146829116124;0;0;0;0;0;0;0;0;0;0;0;-0,168045456490998;0;0;-0,161275298190808;0;0;0;0;0;0;0,176762419395375;0;0;0;0;0;0;0;0;0;-0,159152880575981;0;0;0;0;0;0;0;0;0;0;0;0;0;0;0;0;0;0;0;0;0;0;0;-0,153889293382033;0;0;0;0;0;0;0;0;-0,5960594099015;0;0;0;0;0;0;0;0;0;0;0;0;0;0;0;0;0;0;0;0;0;0;0;0;0;0;0;0;0;-0,207493111509317;0;0;0;0
"127";0;0;0;0;0;0;0;0;0;0;0,158215133619425;0;0;0;-0,163893481393781;0;0;0;0;0;0,174250158836725;0;0;0;0;0;0;0;0;0;0;0,174813830529144;0;0;0;0;0;0;0;0;0;0;0;0;0;0;0;0;0;0,166622548325327;0;0;0;0;0;0;0,186699362081888;0;0;0;0;0;0;0;0;0;0;0;0;0;0;0;0;0;0;0;0;0;0;0;0;0;0;0;0;0;0;0;0;0;0,178579675619114;0;0;0;0;0;0;0,190452306458469;0;0;0;0;0,159526995876351;0;0,183097772375399;0;0;0;0,167574840150022;0;0;0;0;0;0;0;0;0;0;0;0;0;0;0;0;0;0;0;0;0,192034326278652;0;0;0;0;0;0;0;0;0;0;0;0;0;0;0;0,185807086427151;0;0;0;0;0;0;0;0;0;0;0;0;0,180258126540314;0
"128";0;0;0,180842857823881;0;0;0;0,17146816504099;0;0;0;0;0;0;0;0;0;0;0;0;0;0,170181913821198;0;0;0;-0,176229457407252;0;-0,17303836606062;0;0;0;0;0;0,160798132494889;0;0;0,164904508698106;0;0;0;0;0;0;0;0;0;0;0;0;0;0;0;0;0;0;-0,187734915651131;0,185312962696548;0;0;0;0;0;0;-0,174702463046001;0;0;-0,159325025673067;0;0;0;0;0;0;0;0;0;0;0;0;0;0;-0,153562318852646;0;0;0;0;0;0;0;0;0;0;0;0;0;0;0;0;0;0;0;0;0;0;0;0,178822960778135;0;0;0;0;0;0;0;0;0;0;0;0;0;0;0;0;0;0;0;0;0;0;0;0;0;0;0;0;0;0;0;0;0;0;0;0;0,193436032596239;0;0;0;0;0;0;0;0;0;0;0;0;0,201631096610991;0;0,194856692276915;0;0;0
"129";0;0;0;0;0;0;0;0;0;0,183191035867274;0,158688322258668;0;0;0;0;0;0;0;0;0;0;0;0;0,179542365746262;0;0;0;0;0;0;0;0;0;0;0;0;0;0;0;0,165232862126142;0;0;0;0;0,175964208289106;0;0;0,180257270414111;-0,174302909348847;0;0;0;0,165214463699569;0;-0,192797668381528;0;0;0;0;0;0;0;0;0,179101043515151;0;0;0,18290876437886;0;0;0;0;0;0;0;0;0;0;0;0;0;0;0;0;-0,185870332036518;0;0;0;-0,166576836163682;0;0;0;0;0;0;0;0;0;0;0;0;0;0;0;0;0;0;0,179510282191737;-0,173074121911201;0;0;0;0;0;0;0,163804238657134;0;0;0;0;0;0;0;0;0;0;0;0;0;0,446383711183444;0;0;0;0;0;0;0,16839639501801;0;0;0;0;0;0;0;0;0;0;0;0;0,187054151051369;0;0;0,178349908408521;0;0;0;0;0;0;0;0
"130";0,188364991891845;0;0;0;0;0;0;0;0;0;0;0;0,165887109724798;0;0;0;0;0;0;0;0;0;0;0;0;0;0;0;-0,169422843226987;0;0;0;0;0;0;0;0;0;0;0;0;0;0;0;-0,168798833146529;0;0;0;0;0;0;0;0;0;0;0;0;0;0;0;0;0;0;0;0;0;0;0;0,173544298805448;0;0;0;0;-0,166189744309247;0;0;0;0,173153670217037;0;0;0;0;0;0;0;0;0;0;0;0;0;0;0;0;0;0,174327850374872;0;0;0;0;0;0;0;0;0;0;0;0;0;0;0;-0,176172236426628;0;0;0;0;0;0;0;0;0,169257536673491;0;0;0;0;0;0;0;0;0,182785757584497;0;0;0;0;0;0;0;0;0;0;0;0;0;0;0;0;-0,177865150001132;0;0;0;0;0;0;0;-0,212971226933538;0;0;0;0;0
"131";0;0;0;0;0,197784422343898;0;0;0,178793933022823;0;0;0;0;0;0;0;0;0;0;0;0;0;0;0;0;0;0;0;0;0;0;0;0;0;-0,17937118245913;-0,161920532327319;0;-0,184186604716124;0;-0,181197866510718;0;0;0;0;0;0;0;0;0;0;0;0;0;0;0;0;0;0,18863143954409;0;0;0;0,173518263869369;0;0;0;0;-0,164821939965036;0;0;0;0;0;0;0;0;0;0;0;0;0;0;0;0;0;0;0;0;0;0;0,178948037316593;0;0;0;0;0;0;0;0;0;0,190814549696439;0;0;0;0;0;0;0;0;0;0;0;0;0;0;0;0;0;0;0;0;0;0;0;0;0,174582507558347;0;0;0;0;0;0;-0,903872695984319;0;0;0;0;0;0,191931281462163;0;0;0;0;0;0;0,190464686095964;0;0;0;0;0;0;0;0;0;0;0;0;0;0;0,170519717676114;0
"132";0,191591375826506;0;0;0;0;0;0;0;0;0;0;0;0;0,175144735081555;0;0;0;0;0;0;0;0;-0,165039510884335;0;0;0;0;0;0;0;0;0;0;0;0;0;0;0;0,175509102836109;0;0;0;0;0;0;0;0;0;0;0;0;0;0;0;0;0;0;0;0;-0,182355266615633;0;-0,175661550949767;0;0;0;0;0;0;0;0;0;0,175969485274226;0;0;-0,16957811597913;0;0;0;0;0;0;0;0;0;0;0;0;0;0;0;0;0;0;0;0;0,177313801055858;0;0;0;0;0;0;0;0;0;0;0;0;0;0;0;0;0;0;0;0;0;0;0;0;0;0;0;0;0;0;0;0;0;0;0;0;0,195639541258429;0,211658471853117;0;0;0;0;0;0;0,188290355612325;0;0,188105010917934;0;0;0,20421923970485;0;0;0;0;0;0;0;0;0;0;0;0;0;0
"133";0;0;0;0;0;0;0;0;0;0;0;0;0;0;0;0;-0,168393388293907;0,166369061089936;0;0;0;0;0;0;0;0;0;0;0;0;0,165514297769415;0;0;0;0;0;0;0;0;0;0;0;0;0;0;0;0;0;0;0;0;0;-0,161763749198441;0;0;0;0;0;0;0;0;0,176274295133866;0;0;0;0;0;0;0;0;0;0;0;-0,169625936490139;0;0;0;0;-0,177496149490437;0;0;0;0;0;0;0;0;0;0;0;0;0;0;0;0;0;0;0;0;0;-0,16313228071974;0;0;0;0;0;0;0;0;0;0;0;0;0;0;0;0;0;0;0;0;0;-0,17909970032476;0;0,162683873746053;-0,164492830324958;0;0;0;0;0;0;0;0;0;0;0;-0,176333255427497;0;0;0;0;0;-0,191681319197206;0;0;0,16486719574562;0;0;0;0;0;0;0;0;0;0,190775295479899;-0,174481739383319;0;0
"134";0,175538986800104;0;0;0;0;0,156805544018506;0;0;0;0;0;0;0;0;0;0;0;0;0;0;0;0;0;0;0;0;0;0;0;0;0;0;0;0;0;0;0;0;0;0;0;0;0;0;0;0;0;0;0;0;0;0;0;0;0;0;0;0;0;0;0;0;0;0;0;0;0;0;0;0;0;0;0;0;0;0;0;0;0;0;0;0;0;0;0;0;0;0;0;0;0;0;0;0;0;0;0;0;0;0;0;0;0;0;0;0;0;0;0;0;0;-0,164176451123122;0;0;0,146434575281506;0;0;0;0;0;0;0;0;0;0;0;0,156183819668768;0;0;0;0;0;0;0;0;0;0,208972966461226;0;0;0;0;0;0;0;0;0;0;0;0;0;0;0;0;0,189404664489389;0;0;0;0;0;0
"135";0;0,189988116924185;0;0;0;0;0;0;0;0;-0,165091751659162;0;0;0;0;0;0;0;0;0;0;0;0;0;0;0;0;0;0;0;0;0;0;0;0;0;0,190223492182883;0;0;0;0;0;0;0;0;0;0;0;0;0;0,18756245735183;-0,194031759375252;-0,171881237531334;0;0;0;0;0;0,177497495190046;0;0;0;0;0;0;0;0;0;0;0;0;0;0,182350868927104;-0,180235164094587;0;0;0;0,187787641739643;0;0;0;0;0;0;0;0;0;0;0;-0,199412221279249;-0,186341412380952;-0,179631973382484;0,172701283755544;0;0;0;0;0;0;-0,18627705295659;0;0;0;0;-0,191055882423083;0;0;0;0;0;0;0;0;0;0;0;0;0;0;0;0;0;0,190301463002982;0;0;0;-0,181759847810727;0;0;0;0;0;0;0;0;0;0;0;0;0;0;0;0;-0,213189280596363;0;-0,196740116419768;0;0;0,216663883917518;0;0;0;0;0;0;0;0;0;-0,19086465152154;0
"136";0;0;0;0;0;0;0;0;0;0;0;0;0;0;0;0;0;0;0;0;0;0;0;-0,176565000730733;0;0;0;0;0;0;0;0;0;0;0;-0,16654321060336;0;0;0;0;0;0;0;0;0;0;0;0;0;0;0;0;0;0,166887494773458;0;0;0;0;0,167783596331483;0;0;0;0;0;0;0;0;0;0;0;0;0;0;-0,170371440931075;0;0;0;0,177510594411206;0,178276243445597;0;0;0;0;0;0;0;0;0;0;0;0;0;0;0;0;0;0;0;0;0;0;0,1814937171109;0;0;0;0;0;0;0;0;0;0;0;0,18450959941013;0;0;0;0;0,160834437917767;0;0;0;0;0;0;0;0;0;0,17232653942716;0;0,173590704481006;0;0;0;0;0;0;0;0;0;0;0;0;0;0;0;0,170621324843239;0;0;0;0;0;0;0;0;0;0;0;0;0
"137";0,200808455888733;0,186755300586033;0;0;0;0;0;0;0;0,18734026238488;0;0;0;0,183570599965922;0;0;0;0;0;0;0;0;0;-0,18360895089035;0;0;0;0;0;0;0;0;0;0,182098042818569;0;0;0;0;0;0;-0,185182327564368;0;0;0;0;0,173472413392385;0;-0,184340047952065;0,178250822248308;0;0;0,190730136873888;0;0;0;0;0;0;-0,174477217860489;0;0;0;0;0;0;0;0;0;0;0;0;0,184435027250134;0;0;0;0;0;0;0;0;0;-0,17660957721014;0;0;0;0,178303817041377;0;0;0;0;0;0;-0,169762618218018;0;0;0;0;0;0;0;0;0;0;0;0;0;0;0;-0,171882897339175;0;0;0;0;0;0;0;0;0;0;0;0;0;0;0;0;0;0;0;0;0;0;0;0;0;0;0;0;0;0,198038255349474;0;0;0;0;0;0;0;0;0;0;0;0;0;0;0;0;0;0;0;0,195606681916448;0,200862239846218
"138";-0,201046482012803;0,186976668954966;0;0;0;0;-0,180294140689946;0;-0,194443926762864;0;0;0;-0,177055298261536;0;0;0;0;0;0,165568856842355;0;0;0;0;0;0;0;0;0;0;0;0;0;0;0;0;0;-0,187208313346934;0;0;0;0;0;0;0;0;0;0;0;0;0;0;0;0;0;0,197398189259965;0;0;0;0;0;0;0;0;0;0;0;-0,187273317106276;0;0;0;0;0;0;0;0;0;0;0;0;0;0;0;0;-0,190305553428945;0;0;0;0;0;0;0;0,176784677718908;0;0;0;0;0;0;0;0;0;0;0;0,175444098144711;0;0;0;0;0;0;0;0;0;-0,19209792596844;0;0;0;0;0;0;0;0;0;0;0;0;0;0;0;0;0;-0,175055895726176;0;0;0;0;0,183477486725837;0;0;0;0;0;0;0;0;0;0;0;0;0;0;-0,193273977749417;0;0;0;0;-0,19851303532742;0;0;0
"139";0;0;0;0,167801956374973;0;0;0;0;0;0;0;0;0;-0,171196614445338;0;0;-0,164025302307939;0;0;0;0;0;0;0;0;0;0;0;0;0;0;0;0;0;0;0;0;0;0;0;0;0;0;0;0;0;0;0;0;0;0;0;0;0;0;0;0;0;0;0;0;0;0,171109729128252;0;0;0;0;0;0;0;-0,171892336340162;0;0;0;0;0;0;0;0;0;0;0;0;0;0;0;0,162172308479968;0;0;0;0;0;0;-0,151066054721551;0;0;0;0;0;0;0;0;0;0;0;0;0;0,165063514283432;0;0;0;0;0;0;0;0;0;0;0;0;0;0;0;0;0;0;0;-0,162733406046148;0;0;0;0;0;0;0;0;0;0;-0,783780891448259;0;0;0;0;0;0,173335124788514;0;0;0;0,199728000377127;0;-0,190045832770215;0;0;0;0;0;0;0;0;0
"140";0;-0,166584020099357;0;0;0;0;0;0;0;0;0;0;0;0;0;0;0;0;0;0;0;0;0;0;0;0;0;0;0;0;0;0;0;0;0;0;0;0;0;0;0;0;0;0;0;0;0;0;0;0;0;0;0;0;0;0;0;0;0;0;0;0;0;0;0;0;0;0;0;0;0;0;0,159887583003993;0;-0,158539048708624;0;0;0;0;0;0;0;0;0;0;0;0,155111877887969;0;0;0;0;0;0;0;0;0;0;0;0;0;0;0;0;0;0;0;0;0;0;0;0;0;0;0;0,149421276674403;-0,148747877340154;0;0;0;-0,160331203348453;0;0;0;0;0;0;0;0;0;0;-0,161018618322808;0;0;0;0;0;0;0;0;0;0;0;0;0;0;0;0;0;0;0;0;0;0;0;0,201886773858581;0;0;0;0;0
"141";-0,206859367765959;0;-0,195649250762532;0;0;0;0;0;0;0;0;0;0;0;0;0;0;-0,179002678134587;0;0;0;0;0;0;0;0;0;0;0;0;0;0;0;0;0;0;0,192621094145841;0;0;0;0,190762381155003;-0,18463755770544;0;0;-0,185372130742699;0;0;0;0;0;0;0;0;0;0;0;0;0;0;0;0,181464216099308;0;0;0;0;0;0;0;-0,190583523879502;0;0;0;0;0;0;0;0;0;0;0;0,16613513516877;0;0;0;0;0,183676602163973;0;0;0;0;0;0;0;0;0;0;0;0;0;0;0;0;-0,168558724073912;0;0;0;0;-0,182327525961353;0;0;0;0;0;0;0;0,171784340463813;0;0;0;0;0;0,183889308707663;0;0;0;0;0,184050772884686;0;0,184601230560766;0;0;0;0;0;0;0,181539973996553;0;0;0;0;-0,760224055033177;0;0;0;0;0;0;0;0;0;0;0;0;0;0;0;0;0;0;0
"142";0;0;0;0;0;0,177149630622328;0;-0,179256871682249;0;0;0;0,17471591592338;0;0;0;0;0;0;-0,163318204639207;0;0;0,171658611299769;0;0;0;0;0;0,192571951392558;0;0;0;-0,177080226730537;-0,166776578590048;0;0,162339781867288;0;0;0;0;0;0;0;0;0;0;0;0;0;0;0;0;0;0;0;0;0;0;0;0;0;-0,173967542606648;0;-0,181197869689143;0;0;0;0;0;0;0;0;0;0;0;0;0;0;0;0;0;0;0;0;0;0;0;0;-0,168233291928844;0;0;0;0;0;0;0;0;0;-0,192921449675556;0;0;0;-0,18638941796166;0;0;0,18547156679738;0;0;0;0;0;0;0;0;0;0;0;0;0;0;0;0,17819694311027;0;0;0;0;0;0;0;0;-0,16976842670353;-0,178273225579477;0;0;0;0;0;0;0;0;0;0;0,208408052800223;0;-0,214218337345935;0;0;0;0;0;0;0;0;0;0;-0,220618118016876;0;0,213205787478632;0;-0,191785948114658;0
"143";0;0;0;0,189688229038327;0,21168013154674;0;0;0;0;0;0;0;0;0;0;-0,195641718469519;0;-0,183189989996857;0;0;-0,188422360924328;0;0;0;0;0;0;0;0;0;0;0;0;0;0;0;0;0;0;0;0;0;0;0;0;0;0;0;0;0;0;0;0;0;0;0;0;0;0;0;0;0;0;0;0;0;-0,197195421959297;0;0;-0,18232406615521;0;0;0;0;0;0;0;0;0;0;0;0;0;0,200388312064351;0;0,187973248577746;0;0;0;0;0;0,186151074041878;0;0;0;0;0,199261286294035;0;-0,204220577647633;0;0;0;0;0,184739467952508;0;0;0;0;0;0;0;0;0;0;0;0;0,173049908188967;0;-0,176320854052481;0;0,190223964208583;0;0;0;0;0;0,188356172069722;0;0;0;0,190305395199703;-0,184330697814233;0;0;0;0;0;0;0;0;0;0;0;0;0;0,170079150756336;0;0;0;0;0;0;0;0;0;0;0;0;0;0,16943310644153
"144";0;0;0;0;0;0;0;0;0;0;0;0;0;0;0;0;0;0;0;0;0;0;0;-0,164399614472251;0;0;0;0;0;0,155977211145264;0;0;0;0;0;0;0;0;0;0;0;0;0;0;0;0;0;0;0;0;0;0;0;0;0;0;0;0;0;0;0;0;0;0;0;-0,149821649436442;0;0;0;0;0,165033236035232;0;0;0;0;0;0;0;0;-0,157763156763165;0;0;0;0;0;0;0;-0,152527608352999;0,162662143886143;0;0;0;0;0;0;0;0;0;0;0,163950521667752;0;0;0;0;0;0;0;0;0;0;0;0;0;0;0;0;0;0;0;0;0;0;0;0;0;0;0;0;0;0;0;0;0;0;0;0;0;0;0,153026727654659;0;0;0;0;0;0;0;0;0;-0,2203501796101;0;0;-0,21009656364413;0;0;0;0;0;0;0;0
"145";0,216920749239646;0;0;0;-0,216902116240285;0,193771063132309;0;0;0;0;0;0;0,191035264935875;0;0;0,200468047949766;0;0;0;0;0;0;0;0;0;0;0;-0,210640415222499;0;0;0;-0,193695147276033;0;-0,196709066400891;0;0;0;0;0;0;0;0,193618098072102;0;0;0,194388399825097;0;0;0;0;0;0;0;0;0;0;0;0;0;0;0;0;0;0;0;0;0;0;0;0;0;0;0;0;0;0;0;0;-0,199403421516036;0;-0,190334598895423;0;0;0;0;0;0;0;0;0;0;0;0;0;0;0;0;0,204176907705646;0;0;0;0,184057184273488;0;-0,176757210040206;0;0;0;0;0;0;0;-0,195303806892337;-0,202879596346813;0;0;0;0;0;0;0;0;0;0;0,202072737538891;0;0;-0,185592250958609;0;0;0;0;0;0;0;0;0;0;0;0;0,184620296817166;0;0;0;0;0;0;0;0;0;0;0;0;0;0;0;0;0;0;0;0;0
"146";0;0;0;0;0;0;0;0;0;0;0;0;0;0;0;0,182198624380527;0;0;0;0;0;0;0;0;0;0;0;0;0;0;0;0;0;0;-0,161388862724138;0;0;0;0;0;0;0;0;0;0;0,170313648223295;0;0;0;0;0;0,187257125221653;0;0;0;0,191077021128884;0;0;-0,171300156172122;0;0;0,180759771971495;0,180136487685277;0;0;0;0;-0,167480056567829;0;0;0,18096038072227;0;0;0;0;0,168894087356498;0;0;0;0;0;0;0;0,186619066146411;0;0;0;0;0;0;0;-0,173360108890436;0;0;0;-0,182459975293179;0;0;0;0;0;0;0;0;0;0;0;0;0;0;0;0;0;0,188376717898973;0;0;0;0;0;0;0;0;0;0;0;0;0;0;0;0;0;0;0;0;0;0;0;0;0;0;0;0;0;0;0;0;0;0;0;0,185406023371694;0;0;0;0;0;0;0;0;0;0
"147";0;0;0;0;0;0;0;0;0;0,178431088899665;0;-0,168500596539425;0;0;0;0;0;0;0;0;0;0;0;0;0;0;0;0;0;0;0;0;0;0;0;0;0;0;0;0;0;-0,170712865488038;0;0;0;0;0;0;0;0;0;0;0;0;0;0;-0,182392126875063;0;0;0;0;0;0;0;0;0;0;0;0;0;0,175551227944483;0;0;0;0;0,163845612557043;0;0;0;0;0;0;0;0;0;0;0;0;0;0;0;0;0;0;-0,161019960535711;0;0;0;0;0;0,162283018239782;0;0;0;0;0;-0,174845974141249;0;0;0;0;0;0;0;0,159548028819212;0;0;0;0;-0,171197355703226;0;0;0,178167311866838;0;0;0;0;0;0;0;0;0;0;0;0;0;0;0;-0,162779513954185;0;0;0,172376528837965;0;0;0;0;0,107023105490953;0;0;0;0;0;0;0;0;0;0;0;0,166957852470047;0
"148";0;0;0;0;0;0;0;0;0;0,169042343524027;0;0;0;0;0;0;0;-0,156794459782643;0;0;0;0;0;0;0;0;0;0;0;0;0;0;0;0;0;0;0;0;0;0;0;0;0;0;0;0;0;0;0;0;0;0;0;0;0,177907011305916;0;0;0;0;0;0;0;0;0;0;0;0;0;0;0;0;0;0;-0,159863900792941;0,160376313842385;0;0;0;0;0;0;0;0;0;0;0;0;0;0;0;0;0;0;0;0;0;0;0;0;0;0;0;0;0;0,169461596392825;0;0;0;0;0;0;0;0;0;-0,151152878472901;0;0,148115444901714;0;0;0;0;0;0;0;0;0;0;0;0;0;0;0;0;0;0;0;0;0;0;0;0;0;0;0;0;-0,162349783301014;0;0;0;0;0;0;0;0;0;0;-0,214909987634165;0;0;0
"149";0;0;0;0;0;0;-0,179316114444991;-0,180741371262;0;0;0;0;0;0;0;0,184789908497445;0;0;0;0;0;0;0;0;0;0;0;0;0;-0,173462816376514;0;0;0;0;0;0;-0,186192780379381;0;0;0;0;0;-0,177685109414827;0;0;-0,172735900603278;0;0;0;0;0;0;0;0;0;0;0;0;0;0;0;0;0;0;0;0;-0,186257431518376;0;0;0;0;0;0;0;0;0;0;0;0;0;0,160590733185001;0;0;0;0;0;0;0;0;0;0;0,175825688958355;0;-0,161297275141257;0;0;0;0;0;0,182329963627834;0;0;0;0;0;0;0;0,176242737842278;0;-0,172431803990398;0;0;0;0;0;0;0,163451215568385;0,171796633385315;0;0,178982198654828;0;0;0;0;0;0;0;0;0;0;0;0;0;0;0;0;0;0;0,170181573096199;0;0,187980883125761;0;0,192378217232688;0;0;0;0;0;-0,988726117881015;0;0;0;0;0;0,226933149293175;0;0;0;0;0
"150";0;0;0,188994227933538;0;0,199805867685589;0;0;0;0;0;0;0;0;0;0;0;0;0;0;0;0;0;0;0,182707929864607;0;0;0;0;0,179728652807107;0;0;0;0,168046000100387;0;0;0;0;0;0;0;0;0;0;0;0,17906668486369;0;0;0;0;0;0;0;0;0;0,196196940629014;0;0;0;0;0,190190096629158;0;0;0;0;0,163074068565376;0;0;0;0;0;0;0;0;0;0;0;0,189425865840526;0;0;0;0;0;0;0;0;0;0;0;0;0;0;0;0;0;0;0;0;0;0;0,182208823970165;0;0;0;0;0;0;0;0;0;0;0;0;0;0;0;0;0;0;0;0;0,179553290833514;0;0;0;0;0;0;0;0;0;0;0;0;0;-0,185517699477082;0;0;0;0;0;0;0;0,192250401535723;0;0,19699306985708;0,179040334395091;0;0;0;0,942153790732846;0;0;0;0;0,20690968069383;0;0;0;0;0
"151";0;0;0;0;0,206748677098042;0;0;0;0;0;0;0;0;0;0;0;0;0;0;0;0;0;-0,178111523158847;0;0;0;0;0,200780093553303;0;0,17937101039235;0;0;0;0;0;0;0;0;0;0;0;0;0;0;0;0;0;0;0;0;0;-0,196389095371537;0;0,178694453684295;0;0;0;0;0;0;0;0;0;0;0;0;-0,192601413850089;0;0;0;0,189785277468449;0;0;0;0;-0,177130547050118;0;0;0;0;0;0;0;0;0;0;0,179053454143891;0;0,187058563794107;0;0,188605316601675;0;0;0;0;0;0,194619150305326;0;0;0;0;0;0;0;0;0;0;0;0;0;0;0;0;0;0;0;0;0;0;0;0,185792368254391;0;0;0;0;0,176904462853801;-0,183968089560959;0;0;0;0;0;0;0;0;0;0;-0,188921259270921;0;0;0;0,186353167321091;0;0;0;0;0,179723865995044;0;0;0;0;0;0;0;0;0,229613849934378;0;0,190854761040776;-0,187712392712355;0
"152";0;0;0;0;0;0;0;0;0;-0,184557105405867;0;0;0;0;0;0;0;0;0;0;0;0;0,170409426297948;0;-0,182331532106462;0;0;0;0;0;0;0;0;0;0;0;0;0;0,181219668939334;0;0;0;0;0;-0,17727638682278;0;0;0;0;0;0;0,187896619375883;0;0;0;0;0;0;0;0;0;0;0;0;0;0;0;0;0;0;0;0,181695030910154;0;0;0;0;0;0;0,18263430183408;0;0,158879527192323;0;0;0;0,17692439644918;0;0;0;0;0;0;0;0;0;0;-0,183083086896771;0;0;0;0;0;0;0;0;0;0,164268042992286;0;0;0;0;-0,178111210595692;0;0;0;0;0;0;-0,169966020729528;0;0;0,177758127735124;0;0;0;0;0;0;0;0;0;0;0;0;0,157819091035483;0;0;0;0;0;0;0;0;0;0;0;0;0;0;0;0;0;0;0;0;0,216373206174827;0;0;0,191244582500872;0;0
"153";0;0;0,177834206243231;0;0;0;0;0;0,181848703731589;0;0;0;0;0;0;0;0;0;0;0;0;0;0;0;0;-0,158994151386087;0;0;0;0;0;0;0;0;0;0;0;0;0;0;0;0;0;0;0;0,162427937078241;0;0;0;0;0;0;0;0;0;0;0;0;0;0;0;0;0;0;0;0;0;0;0;0;0;0;0;0;0;0;0;0;0,173585326584063;0;0;0;0;-0,177978396034871;0;0;0;0;0;0;0;0;0;0,151671908190686;0;0;0;0;0;0,171449477243515;0;0;0;0;0;0;0;0;0;0;0;0;0;0;0;0;0,153697312863055;0;0;0;0;0;0;0;0;0,160868513230666;0;0;0;0;0;0;-0,164287621643834;0;0;0,1650096642398;-0,171592621484723;0;0;-0,153059049015556;0;0;0;0;0;0;0;0;0;0;0;0;0,522163821617141;0;0;0;0;0;0;0
"154";0;0;0;0;0;0;0;0;0;0;0;0;0;0,172283113630412;0;0,174166910090361;0;0;0;0,151087055917932;0;0;0;0;0;0;0;0;0;0;0;0;0,158490858032352;0;0;0;0;0;0;0;0;0;0;0;0,168884903610328;0;0;0;0;0,160397357440416;0;0;0;0;0;0;0;0;0;0;0;-0,172791485445915;0;0;0;0;0;0;0;0;0;0;0;0;0;0;0;0;0;0;0;0;0;0;0;0;0;0;-0,170497938037401;0;0;0;0;-0,152024795324448;-0,158664548025177;-0,174416740082551;0;0;0;0;0;0;0;0;0,176257050065635;0;0;0;0;0;0;0;0;0;0;0;0;0;0;0;0;0;0;0;0;0;0;0;0;0;0;0;0;0;0;0;0;0;0;0;0;0;0;0;0;0;0;0;0;0;0;0;0;-0,74186168727465;0;0;0;0;0;0
"155";0;0;0;0;0;0;0;-0,167328589295408;0,179037772707778;0;0;0;0;0,169226312908622;0;0;0;0;0;0;0;0;0;-0,169261667075023;0;0;0;0;0;0;0;0;0;0;0;0;0;0;0;0;0;0;0;0;0;0;0;0;0;0;0;0;0;0;0;0;0;0,157467410600008;0;0;0,162391227819479;0;0;0;0;0;0;0;0;0;0;0;0;0;0;0;0;-0,170168147759587;0;0;0;0;0;0;0;0;0;0;0;0;0;0,162777698818313;-0,156497292900291;0;0;0;0;0;0;0;0;0;0;0;0;0;0;0;0;0;0;0;0;0;0;0;0,151321532689;0;0;0;0;0;0;0;0;0;0;0;0;0;0;0;0,161748141498909;0;0;0;-0,168940224116521;0;0;0;0;0;0;0;0;0;0;0;0;0;0;0;0;0;0;0;0;0;0;0
"156";0;0;0;0;0;0;0;0,160090970138465;0;0;0;0;0;0;0;0;0;0;0;0;0;0;0;0;0;0;0;0;0;0;0;0;0;0;0,144982632617116;0;0;0;0;-0,149033802742096;0;0;0;0;0;0;0;0;0;0;0,162612476685249;0;0;0;0;-0,171652796161371;0;0;0;0;0;0;0;0;0;0;0;0;0;0;0;0;0;0;0;0;0;0;0;0;0;0;0;0;0;0;0;0;0;0;0;0;0;0;0;0;0;0;0;0;0;0;0;0;0;0;0;0;0;0;0;-0,165645912861194;0;0;0;0;0;0;0;0;0;0;0;-0,156320086099644;0;0;0;0;0;0;0;0;0;0;0,164430831881782;0;0;0;0;0;0;0;0;0;0;0;0;0;0;0;0;0;0;0;0;0;0;0;0;0
"157";0;0;0;0;0,212233051222731;-0,189599920369999;0;0,191855260873719;0;0;0;0;0,186923013344733;0;0;0;0;0;0;0;0;0;0;0;0,195627751410785;0;0;0;0;0;0;0;0;0;0;0;0;0;0;0;0;0;0;0;0;0;0,1791657040981;0;0;0;0;0;0;0;0;0;0;0;0;0;0;0;0;0;0;0;0;0;0;0;0;0;0;0;0;0;0;0;0;0;0;0;-0,199290146350619;0;0;0;0;0;-0,192020622857669;0;0,193608406017616;0;0;0;0;0;0,199781767290765;0;-0,204754012575126;0;0;0;0;0;0;0,176247012834113;0;0;0;0;0;0,198512382036054;0;0;0;0;0;0;0;0;0;0;0;0;0;0;0,188848168332529;0;0;0;0;-0,184812179325823;0,185456842813196;0;0;0;0;0;0;0;0;0;0;0;0;0;0;0,174783732572551;-0,192880719289742;0;0;0;0;0;0;0;0,823503152700141;0;0;0,198385236177056
"158";0;0;0;0;0;0;0;0;0;0;0;0;0;0;-0,160152574067722;0;0;0;0;0;0;0;0;0;0,176323633261265;0;0;0;0;0;0;0;0;0;0;0;0;0;0;0;0;0;-0,169999340579085;0;0;0;0,16148602473099;-0,175617619883253;0;0;0;0;0;0;0;0;0;0;0;0;0;0;0;0;0;0;0;0;0;0;0;0,175708105040713;0;0;0;0;0;0;0;0;0;0;0;0,181086206643279;0;0;0;0;0;0;0;0;0;0;0;0;0;0,186105187693058;0;0;0;0;0;0;0;0;0;0;0;0;0,172242373077069;0;-0,191577376818597;0;0;0;0;0;0;0;0;0;0;0;0;0;0;0;-0,170722116497869;0;0;0;0;0;0;0;0;0;0;0;0;0,172419793321528;0;0;0;0;0,166286155879597;0;0;0;0;0;0;0,163853709053847;0;0;0;0;0;0
"159";0;0;0;0;0;0;0;0;0;0;0;0;0;0;0;0;0;0;0;0;0;0;0;0;0;0;0;0;0;0;0;0;0,14774043683059;0;0;0;0;0;0;0;0;0;0;0;0;0;0;0;0;0;0;0;0;0;0;0;0;0;0;-0,167208787713236;0;0;0;0;0;0;0;0;0;0;0;0;0;-0,154996100494091;0,155492910744011;0;0;0;0;0;0;0;0;0,166292141987294;0;0;0;0;0;0;0;0;0;0;0;0;0;0;-0,169472345692506;0;0;0;0;0;0;0;0;0;0;0;0;0;0;0;0;0;0;0;0;0;0;0;0;0;0;0;0;-0,152657946735876;0;0;0;0;0;0;0;0,154174951153422;0;0;0;0;0;0;0;0;0;0;0;0;0;0;0;0;0;0;0;0;0;0;0;0,178454351835924
"160";0;0;0;0;0;-0,173864136775601;0;0;0;-0,181581378971614;0;0;0;0;0;0;0;0;0;0;0;0,168474956277844;0;0;0;0;0;0;0;0;0;0;0;0;0;0;0;0;0;0;0;0;-0,172957353655646;0;0;0;0;0;0;0;0;0;0;0;0;0;0;0;0;0;0;0;0;0,177527324428138;0;0;0;0;0,179321491396555;0;0;0;0;0;-0,172272530153047;0;0;0;0;0,170780715141595;0;0;0;0;0;0;0;0;0;0;0;-0,171147407720708;0;0;0;0;0;0;0;0;0;0;0;0;0;0;0;0,171553359978305;0;0;0;0;0;0;0;0;0;0;0;0;0,174892025352116;0;0;0;0;0;0;0,169131638261337;-0,173692705979797;0;0;0;0;0;0;0;0;0;0;0;0;0;0;0;0;0;0;0;0,176872646858318;0;0,182896980692868;0,174987945747352;0;0;0;0;0,18774864640834;0;0;0
