"";"1";"2";"3";"4";"5";"6";"7";"8";"9";"10";"11";"12";"13";"14";"15";"16";"17";"18";"19";"20";"21";"22";"23";"24";"25";"26";"27";"28";"29";"30";"31";"32";"33";"34";"35";"36";"37";"38";"39";"40";"41";"42";"43";"44";"45";"46";"47";"48";"49";"50";"51";"52";"53";"54";"55";"56";"57";"58";"59";"60";"61";"62";"63";"64";"65";"66";"67";"68";"69";"70";"71";"72";"73";"74";"75";"76";"77";"78";"79";"80";"81";"82";"83";"84";"85";"86";"87";"88";"89";"90";"91";"92";"93";"94";"95";"96";"97";"98";"99";"100";"101";"102";"103";"104";"105";"106";"107";"108";"109";"110";"111";"112";"113";"114";"115";"116";"117";"118";"119";"120";"121";"122";"123";"124";"125";"126";"127";"128";"129";"130";"131";"132";"133";"134";"135";"136";"137";"138";"139";"140";"141";"142";"143";"144";"145";"146";"147";"148";"149";"150";"151";"152";"153";"154";"155";"156";"157";"158";"159";"160";"161";"162";"163"
"1";0;0;0;0;0;0;0;0;0;0;0;0;0;0;0;0;0;0;0;0;0;0;0;0;0;0;0;0;0;0;0;0;0;0;0;0;0;0;0;0;0;0;0;0;0;0;0;0;0;0;0;0;0;0;-0,168228574115699;0;0;0;0;0;0;0;0;0;0;0;0;0;0;0;0;0;0;0,166208390933037;0;0;0;0;0;0;0;0;0;0;-0,187673569302944;0;0;0;0;0;0;0;0;0;0;0;0;0;-0,170306858638571;0;0;0;0;0;-0,169408841980562;0;0;0;0;0;-0,164307569461282;-0,203687870747873;0;0;0;0;0;0;0;0;0;0,171282016529837;0;0;0;0;0;0;-0,171130846937596;0;0;-0,180247591995776;0;0;0;0;0;0;0;0;0;0;0;0;0;0;0;0;0;0;0;0;0;0;0;0;0;-0,177190163411772;0;0;0;0;0
"2";0;0;-0,177566093016003;0;0;0;0;0;-0,160989741931303;0;0;0;0;0;0;0;0;0;0;0;0;0;0;0;0;0;0;0;0;0;0;0;0;0;0;0;0;0;0;0;0;0,159045084350335;0;0;0;0;0;0;0;0;0;0;0;0;0;0;0;0;0;0;0;0;0;0;0;0;0;0;0;0;0;0;0;0;0;0;0;-0,173782106019808;0;0;0;0;0;0;0;0;-0,149813339865837;0;0;0;0;0;0;-0,15293005704156;0;0;0;0;0;0;0;0;0;0;0;-0,164085690219898;0;0;-0,158281196473481;0;0;0;0;0;0,175660451931284;-0,170281760722307;0;0;0;0;0;0;0;0;0;0;0;0;0;0;0;0;0;0;0;0;0;0;0;0;0;0;0;0;0;0;0;0;0;0;0;0;0;0;0;0;0;0;0;0;0;0;0
"3";-0,181391816278828;0;-0,400281701236963;0;0;0;0;-0,179046196252369;0;0;-0,185780326823546;0;0;0;0;0;0;0;-0,18718715632235;0;-0,198186921280084;0;0,184129087842337;0;0;0;0;0;0;0;0;0;0;0,186711052880317;0;0;0;0;0,187950026329467;0;0;0;0;0;0;0;0;0;0;0;0;0;0;0;0;0;0;0;0;0;0;0;0,192488744725423;0;0;0;0;0;0;0;0;0;0;0;0;0;0;0;0;0;0;0,194449429732442;0;0,195175766841899;0,215656669019331;0;0;0;0;0;0;0;-0,195410707893622;0;0;0;0;0;0;0;0;0;0,19254288037574;-0,187397234493383;0;0;0;0;0;0;0;-0,234058785625905;0;0,2302179726429;-0,209718650207358;0;0;-0,189616254301245;-0,197143256916458;0;0;0;0;0;0;0;0;0;0,196647341200432;0;0;0;0;0;0;0;0;0;0,183221673238789;0;0;0;0;0;0;0;0;0;0;0;0;0;0;0;0;0;0,186167321959307;0;0;0;0;0;0
"4";0;0;0;0;0;-0,171128851349855;0,16051339563255;0;0;0;0;0;0;0;0;0;0;0;0;0;0;0,171266601652905;0;0;0;0;0;0;0;0;0;0;0;0;-0,174233493474059;0;0;0;0;0;0;0;0;0;0;0;0;0;0;0;0;0;0;0;0;0;0;0;-0,17716362804701;0;0;0;0;0;0;0;0;0;0;0;0;0;0;0,175661392963778;0;0;0;0;0;0;0;0;0;0;0;0;0;0;0;0;0;0;0;0;0;0;0;0;0;0;0;0,181693699934567;0;0;0;0;0;0,182848080887141;0;0;-0,173652463416783;0;0;0;0;0,186979841937204;0;0;0;0;-0,194276714850652;0;0;0;0;0;0;0;0,180863810685951;0;0;0;-0,161040665573305;0;0;-0,19622582127726;-0,210902522048763;0;0;0;0;0;0;0,196297990182396;0;0;0;0;0;0;0;0;0;0;0;0;0;0;0;0;0;0;0
"5";0;0;0;0;0;0;0;0;0;0,179439495603016;0;0;0;0;0;0;0;0;0;0;0,17678427057852;0;0;0;0;0;0;0;0;0;0;0;0;0;0;0;0;0;0;-0,175556669492264;0;0;0;0;0;0;0;0;0;0;0;0;0;0;0;0;0;0;0;0;0;0;0;0;-0,185298886951229;0;0;0;0,175837218821761;0;0;0;0;0,170365383019183;0;0;0;0;0;0;0,164056482449322;0;-0,176734618541592;0;-0,192367421027226;0;0;0;0,173514684860458;0;0;0;0;0;0;0;0;0;0;0;0;0;0;0;0;0;0;0;-0,168562518841662;0;0;0,208782251735437;0;0;0;0;0;0;0;0;0;0;0;0;0;0;0;0;0;0;0;0;0;0;0;0;0;0;0;0;0;0;0;0;0;0;0;0;0;0;0;0;0;0;-0,165052265930336;0;0;0;0;0;0;0;0
"6";0;0;0;0;0;-0,551906416425481;0;0;0;0;0;-0,192433570400349;0;0;0;0;0;0;0;0;0;0;0;0;0;0;0;0;0;0;0,175570438526698;0;0;0;0;0;0;-0,168239614562048;0;0;0;0;0;0;0;0;0;0,170670682276824;0;0;0;0;0;0;0;0;0;0,177391853274507;0,169062585899142;0;0,173704911702204;0;0;0;0;0;0;0;0;0;0;0;0;0;0;0;0;0;0;0;0;0;0;0;0;0;0;0;0;0;0;0;0;0;0;0;0;0;0;0;0,164894776964477;0;0,168991166792681;0,164474932799171;0;0;0;0,174487109584778;0;0;0;0;0,154226134358919;0;0;0;0;0;0;0;0;0,172746034474459;0;0;0;0;0;0;0;0;0;0;0;0;0;0;0;0;0;0;0;0;0;0;0;0;0;0;0;0;0;0;0;0;0;0;0;0;0;0;0;0;0
"7";0;0;0,189128504864502;0;-0,191905193101126;0;0;0;0;0;0;0;0;0;0;0;0;0;0;0;0;0;0;0;0;0;0;0;0;0;0;0;0;0;0;0;0;0;0;0;0;0;0;0;0;0;0;0;0;0;0;0;0;0;0;0;0;0;0;0;0;-0,163136641390799;0;0;0;0;0;-0,164939039708584;0;0;0;0;0;0;0,170700200434314;0;0;0;-0,195941569712556;0;0;0;0;0;0;0;0;0;0;0;0;0;0;0;0;0;0;0;0;0;0;0,162630073326001;0;0;0;0;0;0;0;0;0;0;0;0;0;0;0;0;0;0;0;0;0;0;0;0;0;0;0;0;0;0;0;0;0,167572981522445;0;0;0;0;0;0;0;0;0;0;0;0;0;0;0;0;0,16294914378151;0;0;0;0;0;0;-0,159134652442782;0;0;0;0
"8";0;0;0;0,177579406665238;0;0;0;0,491616210434586;0;0;0;0;0;0;0;0;0;0;0;0;0;0;0;0;0;0;0;0;0;0;0;0,169702150458165;0;0;0;0;0;0;0,158739275147509;0;0;0;0;0;0;0;0;0;0;0;0;0;0;0;0;0;0;0;0;0;0;0;0;0;0,17544709546224;0;0;0;0;0;0;0;0;0;0;0;0;0;0;0;0;0;0;0;0;0;0;0;-0,164289424398031;0;0;0;0;0;0;0;0;0;0;0;0;0;0;0;0;0;0;0;0;0;0;0;0;0;0;0,171701145363024;0;0;0;0;0;0;0;0;0;0;0;0;0;0;0;0;0;0;0;0;0;0,15856302782316;0;0;0;0;0;0,180257879125262;0;0,159772030732164;0;0;0;0;0;0;0,174579193658847;0;0;0;0;0;0;0;0;0;0
"9";-0,171524288262408;0;0;0;0;0;0;0;0;0;0;0;0;0;0;0;0,17463590974254;0;0;0;0;0;0;0;0;0;0;0;0;0;0;0;0;0;0;0;0;0;0;0;0;0;-0,169929469092647;0;0;0;0;0,176303343972437;0;0;0;0;0;0;0,175266013367221;0;0;0;-0,174642175428238;0;0;0;0;-0,174007606855283;0;0;0;0;0;0;0;0,172912787481573;0,204855220385766;0;-0,18799556725312;0;0;0;0;0;0;0;0;0;0;0;0;0;0,17636230701492;0;0;0;0,177168506104215;0;0;0;0;0;0;0;0,170336815876046;0;0;0;0;0;0;0;0;0;0;0;0;-0,208726403640519;0;0;0;0;0;0;0;0;0;0;0;0;0;0;0;0,182078815794401;0;0;0;0;0;-0,193433069083232;0;0;0;0;0;0;0;0;0;0;0;0;0;0;0;0;0;0;0;0;0;0;0;0;0;0;0
"10";0;0;0;0;0;0,195001358129515;0;0;0;0;0;0;0;0;0;0;0;0;0;0;0;0;0;0;0;0;0;0;0;0;0;0;0;0;0;0;0;0;0;0;-0,194765353340266;0;0;0;0;0,182229465608119;0,204531373082257;0;0;0;0;0;0;0;0;0;0;0;0;0,19425288573771;-0,187802717245701;0;0;0;0;0;0;0;0;0;0,172602026624197;0;0;0;0;0;0;0;0;0;-0,17452236064607;0;0;0,185204786823155;0;0;-0,169722670716104;0;0;0;0;0,189148889121228;0;0;0;0;0;0;0;0;0;0;0,182706407108374;0;0;0;0;0;0;-0,200406252968142;0;0;0;0;0;-0,192911226930207;0;0;0;0;0;0,186766018011863;0;0;0;0;0;0;0;0;0,175565610416944;0;0;0;0;0;0;0;0;0;0;0;0;0;0;0;-0,182220292331123;0;0;0;0;0,187825177813218;0;-0,207656932529366;0;0;0;0;0;0;0;0;0
"11";-0,175947957830812;0;0;0,170531256302359;0;-0,192134259417272;0;0;0;0;0,675407855538651;0;0;0;0;0;0;0,171943142816774;0;0;0;0;0;0;0;0;0;0;0;0;0;0;0;0;0;0;0;0;0;0;0;0;0;0;0;0;0;0;-0,166946058843921;0;0;0;0;0;0;0;0;0;0;0;0;0;0;0;0;0;0;0;0;0;0;-0,167134294414421;0;0;0;0;0;-0,181821292027494;0;0;0;0;0;0;0;0;0;0;0;0;0,153967844686656;0;0;0;0;0;-0,163121158614806;0;-0,171501744853798;0;0;0;0;0;0;0;0;0;0;0;0;0;0;-0,201751071775622;0;0;0;0,166169835014117;0;-0,184546966905239;0;0;0;0;0;0,163445965334144;0;0,172960176608296;0;0;0;0;0;0;0;0;0;0;0;0;0;0;0;0;0;0;0;0;0;0;0;0;0;0,191777099931459;0;0;0;0;0;0;0;0;0
"12";0;0;0;0;0;0;0;0;0;0;0;0;0;0;0,214990108973464;0,189521760482621;0;0,202922140958694;0;0,209052868027729;0;0;0;0;0;0;0;0;0;0;0;0;0;0;0,195924725539084;0;0;0;0;0;0;0;0;0;0;0;0;0;0;0;0;0;0;0,194636753331837;0;0;0;0;0;0;0;0;0;0;0;0;0;0;0;0;0;0;0;0;0;-0,209593688499943;0;0;0,246163238273854;0;0;-0,20110731808223;0,204915211058238;0;0;0;0;0;0;0;0;0;0;0;0;0,197868032695161;0;0;0;0;0;0;0;0;-0,201333968263039;0;0;0;0;0;0;0;0;0;0;0;0;0;0;0;0;0;0,193615052209715;0;0;0,192894026905208;0;0;0,203380485359285;-0,207702849904483;-0,191352587173624;0;0;0;0;0;-0,237158871833427;0;0;0;0;0;0;0,220736145981519;0;0;0,1986056625229;0;0,200480705618146;0,212928856301044;0;0;0;0;0;0;0;0;0;0;0;0;0
"13";0;0;0;0;0;0;0;0;0,171343564794105;0;0;0;-0,443643626756966;0;0;0;0;0;0;0;0;0;0;0;0;0,180124865304059;0;0;0;0;0;0;0;0;0;0;0;0;0;0;0;-0,170421351856335;0;0;0;0;0;0;0;0;0;-0,174660904626709;0;0,168905716489827;0;0;0;0;0;0;0;0;0;0,172254575280013;0;0;0;0,179820653551276;0,176922420901219;0;0;0;0;0;0;0;0;0;0;0;0;0;0;0;0;0;0;-0,165383641861633;0,174585553121961;0,166541006455927;0;0;0;-0,163868925386465;0;0;0;0;0;0;0;0;0;0;0;0;0;0;0;-0,189550813309988;0;0;0;0,206623599155203;0;0;0;0;0;0;0;0;0;0;0;0;0;0;0;0;0;0;0;0;0;0;0;0;0;0;0;0;0;0;0;0;0;0;0;-0,184779597990778;0,170306708345817;0;0;0;0;0;0;0;0;0;0;0;0
"14";0;0;0;0;0;0;0;0;0;-0,194931806741102;0;0;0;0;0;0;0;0;0;0;0;0;0;0;0;0;0;0;0;0;0;0;0;0;0;0;0;0;0;0;0;0;0;0;0;0;0;0;0;0;0;0;0;0;0;0;0;0;0;0;0;0;0;0;0;0,173970531420005;0;0;0;0;-0,151776679043374;0;0;0;0;0;0;0;0;0;0;0;0;0;0;0;0;0;0;0;0,146601655002757;0;0;0;0;0;0;0,163492461977015;0;0;0;0;0;0;0;-0,163462913193929;0;0;0;0;0;0;0;0;0;0;0;0;0;0;0,176255477004012;0;0;0;0;0;0;0;0;0;0;0;0;0;0;0;0;0;0;0;0;0;0;0,178089257485769;0;0;0;0;0;0;0;0;0;0,182602025109841;0;0;0,15534200976738;0;0;0;0;0;0
"15";0;0;0;0;0;0;0;0;0;0;0;0;0;0;0,725534468656406;0;0;0;0;0;0;0;0;0;0;0;-0,182237481325314;0;0;0;0;0,197024178734688;0;0;0;0;0;0;0;0;0;-0,186190488350001;0;0;0;0;-0,211352701395638;0;0;0;0;0;0;0,184534610808972;0;0;0;0;0;0;0;0;0;0;0;0;0;0;0;0;0;0;0;0;0,203321650316431;0,198715243001474;0;-0,203442786795262;-0,233386740133789;0;0;0;-0,194279590437892;0;0;0;0,175383093573153;-0,180686637606757;0,190740004351307;0;0;0;0;0;0;0,187598178555139;0;0;0;0;0;0;0;0;0;0;0;0;0;0;0,185136279809088;0;0;0;0;0;0;0;0;0;0,207124434248045;0;0;0;0;0;0;0;0;-0,19692254373814;0;0;0;0;0;0;0;0;0;0;0;0;0;0;0;0;0;0;0;0;0;0;-0,202686425374896;-0,214582501413914;0;0;0,182548233024786;0;0;0;0;0;0
"16";0;0;0;0;0;-0,177336929161814;0;0;0;0;0;0;0;0;0;0;0;-0,169598895416101;0;0;0;0,160962187860384;0;0,153871351292225;0;0;0;0;0;0;0;0;0;0;0;0;0;0;0;0;0;0;0,162011304753283;0;0;0;0;0;0;0;0,165556035465254;0;0;0;0;0;0;0;0;0;0;0;0;-0,165899414469722;0,179563873418775;0;0;-0,173186349826847;0;0;0;-0,164855610142249;0;0;0;0;0;0;0;0;0;0;0;0;0;0;0;0;0;0;0;0;0;0;0;0;-0,160897188843095;0;0;0;0;0;0;0;0;0,16933570903542;0;0;0;0;0;0;0;0;0;0;0;0;0;0;0;0;0;0;0;0;0;0;0;0;0;0;0;0;0;0;0;0;0;0;-0,162462584983389;0;0;0;0;0;0;0;0;0;0;0;0;0;0;0;0;0;0;0;0;0;0
"17";0;0;0;0;0;0;0;0;0;-0,204463379999379;0;0;0;0;0;0;0;0;0;0;0;0;0;0;0;0;0;-0,168806007302679;0;0;0;0,18256504662507;0;0;0;-0,169263934160224;0;0;0;0;0;0;0;0;0;0;0;0;0;0;0;0;0;0;0;0;0;0;0;0;0;0;0;0;0;0;0;0;0;0;0;-0,173285105647578;0;0;0;0;0;0;0;0;0;0;0;-0,177336520520008;0;0;0;0;0;0;0;0;0,177549987741446;0;0;0;0;0;0;0;0;0;0;0;0;0;0;0,180633832762022;0;-0,191892165431761;0;0,212665595281914;0;0;0;0;0;0;0,179124180174819;0;0;0;0;0;0,179735202896294;0;0;-0,17932538968978;0;0,182470870377248;0;0;0;0;0;0;0;0;0;0;0;0;0;0;0;0;0;0;0;0,18706201554553;0;0;0;0;0;0;0;0;0;0;0;0;0
"18";-0,175768803152182;0;0;0;0;0;0;0;0;0;0;0,177981915457524;0;0;0;0;0;0,593087898567319;0;0;0,183425676403533;0;0;0;-0,170548850766618;0,185745418296287;0;0;0;0,16776744288272;0;0;0;0;0;0;0;0;0;0;0,189963659889002;0;0;0;0;0;-0,199488910766123;0;0;0;0;0;0;0;0;0;0;0;0;0;0;0;0;0;0;0;0;0,185431714026885;0;0;0;0;0;0;0;0;0;0;0;0;0;0;0;0;0;0;0;0;0;0;0;0;0;0;0;0;0;0;0;0;0;0;0;0;0;0;0;0;0;0;0;-0,216625753073523;0;0;0;0;0;0;0;0;0;0;0;0;-0,183082146548522;0;0;0;0;0;0;0;0;0;0,188392907120128;0;0;0;0;0;0;0;0;0;0;0,175082964428504;0;0,179387241910134;0;0;0;0;0;0;0;0;0;-0,188444959659909;0;0;0;0;0
"19";0;0;0;0;0;0;0;0;0;0;0;0;0;0;0;0;0;0;0,872245635371655;0,178479310322425;0;0;0;0;0,16271088558492;0;0,164102981620829;0;0;0;0;0;0,167783315089709;0;0;0;-0,15840172361035;0;0;0;-0,181233442445113;0;0;0;0;0;0;0;0;0;0;0;0;0;0,170691734931378;0;0;0;0;0;0;0;0;0;0;0;0;0;-0,174058455632441;0;0;0;0;0;0;0;0;0;0;0;0;0;0;0;0;0,180776598316311;0;0;0;0;0;0;0;0;0;0;0;0;0;0;0;0;0;0;0;0;0;0;0;0,186482423542184;0;0;0;0;0;0;0;0;0;0;0;0;0;0;0;0;0;0;0;0;0;0;0;0;0;0;0;0,165772649167275;0;0;-0,165955451990039;0;0;0;0;0;0;0;0;0;0;0;0,182517045868916;-0,193229340252012;0;0;0;0;0;0;0;0;0
"20";0;0;0;0;0;0;0;0;0;0;0;0;0;0;0;0;0,206144523505174;0;0;-0,1899655808229;0;0;0;0;0;0;0;0;0;0;0;0;0,181178914694258;0;0;0;0;0;-0,179206692026443;0;0;0;0;0;0;0;0;0;0;0;0,182617362487435;0;0;0,179438439397033;0;0;0;0;0,183663476101755;0;0;0;0;0;0;0;0;0;-0,187955054219683;0;0;0;0;0;0,197706649546502;-0,193227454363552;0;0;0;0;0;0;0;0;0;0;0;0;0,185472462652614;0;0;0;0,186320306690327;0;0;0,182417402600463;0;0;0;0;0;0;0;0;0;0;0;0;0;0,201370935416689;0;0;0;0;0;0;0;0;0;0;0;0;0;0;0;0;0;0;0,187499412479728;0;0;0;0;-0,205584778902219;0,194084673872829;0;0;0,179007719844254;0;0;0;0;0;0;0;0,180372608349456;0;0;0,184826063574971;0;0;0;-0,197088967195883;0;0;0;0;0;0;0;0;0;0
"21";0;0;0;0;0;0;0;0;0;0;0;0;0;0;0;0;0;0;0;0;0,334523983299732;0;0;0;0;0,187622477344809;0;0;0;0;0;0;-0,177642843200912;0;0;0;0;0;0;-0,183992702134192;-0,191883346576058;0;0;0;0;0;0;0;0;0;0;0;0;0;0;0;0;0;0;0;0;0;0;0;0;0;0;0;0;0;0;0;0;0;0;0;0;0;0;0;0;0;-0,185227255222884;0,182464250895005;0;0;0;0;0;0;0;0;0;0;0;0;0;0;0;0;0;0;0;0;0;0;0;0;0;0;0;0;0;0;0;0;0;0;0;0;0,197473601621694;0;0;0;0;0;0;0;0;0;0;-0,193633789434453;0;0;0,190296720491305;0;-0,214372991905305;0;0;0;0;0;0;0;0;0,176852273548681;0;0;0,181218810624275;0;0;0;0;-0,204584164842915;0;0;0;0;0;0;0;0;0
"22";0;0;0;0;0;0;0;0;0;0;0;0,193879017073179;0;0;0;0;0;0;0;0;0;0,943179360358045;0,161736628927669;0;0;0;0;0;0;0;0;0;0;0;0;0;0;0;0;0;0;-0,166789725548188;0;0;0;0;0;0,170808063776319;0;0;0;0;0;0;0;0;0;0;0;0;0;0;0;0;0;0;0;0;0;0;0;0;0;0;0,182135846759983;0;0;0;-0,209068200413798;0;0;0;0;0;0;0;0;0;0;0;0;0;0;0;0;0;0;0;0;0;-0,165027509144463;0;0;0;0;0;0;0;0;0;0,165845363917432;0;0;0;0;0;-0,163813938120478;0;0;0;0;0;0;0;0;0;0;0,173362627190686;0;0;0;0;0;0;0;0;0;0;0;0;0;-0,158901814586335;0;0;0;0;0;0;0,170269698413072;0;0;0;0;0;0;0;0;0;0;0;0;0;0
"23";0;0;-0,183168432898324;0;0;0;-0,178230192995487;0;0;0;0;0;0;0;0;0;0,195722366166141;0;0;0;0;0;0;0;0;0;0;0;0;0;0;0;0;0;0;0;0;0;0,163245679324383;0;0;0,164923526839077;0;0;0;0,166798289722422;0;0;0;0;0;0;0;0;0;0;0;-0,175548222115955;0;0;0;0;0;0;0,180427813202551;0;0;0;0;0;0;0,165648783721482;0;0;0;0;0;0;0;0;0;0;0;0;0;0;0;0;0;0;0;0;0;0;0;0;0;0;0;0;0;0;0;-0,162765547022361;0;0;0;0;0;0;0;0;0;0;0,182153012631556;0;0;0;0;0;0;0;0;0;0;0;0;0;0;0;0;0;0;0;0;0;0;0;0,15913882588335;0;0;0;0;0,185375168836012;0;0;0;0,168347130878861;0;0;0;0;0;0;0,160713428428604;0;0;0;0;0;0;0;0
"24";0;0;0;0;0;-0,193451452889156;0;0;0;0,186878540791333;0;0;0;0,193382454307464;0;0;0;0;0;0;0;0;0;0;0;0;0;0;0;0;0;0;0;0;0;0,156427112472849;0;0;0;0;0;0;0;0;0;0;0;0;0;0;0;0;0;0;0;0;0;0;0;0;0,166186386619566;0;0;0;0;0,175069345565541;0;0;0;0;0;0;0,189726832810833;0;0;0;0;0;0;0;0;0;0;0;0;0;0,150187376345735;0;0;0;0;0;0;0;0;0;0;0;0;0;0;0;0;0;0;0;0;0;0;0;0;0;0;0;0;0;0;0;0;0;0;0;0;0;0;0;0;0;0;0;0;0;0;0;0;-0,179148197878147;0;0;0;0;0;0;0;0;0;0;-0,161246505883362;0;0;0;0;0,166206261947314;0;0;0;0;0;0;0;0;0;0;0
"25";0,182819828544687;0;-0,195898878465211;0;0;0;0;0;0;0;0;0;0;-0,199567101419873;0;0;0;0;0;0;0;0;0;0;-0,113572984701023;0;0;0;0;0;0;0;0;0;0;0;0;0;0;0;0;0;0;0;0,169089756788289;0;0;0;0;0;0;0;0;0;0;0;0;0,175686217636094;0;0;0;0;0;0;0;-0,181230289414323;0;0;0;0;0,158110291696289;0;0;0;0;0;0;0;-0,206891456941314;0;0;0;0;0;0;0;0;0;0;0;0;0;0;0;0;0;0;0;0;0,172730728994247;0;0;0;0;0;0;0;0;0;0;0;0;0;0;0;0;0;0;0;0;0;0;0;0;0;0;0;0;0;0;0;0,180040335165394;0;0;0;0;0,199323606823821;0;0;0;0;0;0;0;0,158353085635735;0;0;0;0;0;0;0;0;0;0;0;0;0;0;0;0;0;0
"26";0;0;0;0;0;0;0;0;0;0;0;0;0;0;0;0;0;0;0;0;0;0;0;0;0;0;0;0;0;0;0;0,190219580068742;0;0;0;0;0;0;0;0;0;0;0;-0,181217900516696;0;0;0;0;0;0;0;0;0,181766328646537;0;0;0;0;0;0,18235632954639;0;0;0;0;0;0,196659103806317;0,1973786147717;-0,172873846478983;0;0;0,174691943624243;0;0;0;-0,180810063651332;0;0,191852240266912;0;0;0;0;0;0;0;0;0;0;0;0;0;0;0;0;0;0;0;0;0;0;0;0;0;0;0;0;0;0;0;0;0;0;0;0;0;0;0;0;0;0;0,18663444598454;0;0;0;0;0;0;0;0;0;0;0;0;0;0;0;0;0;0;0;0;0;0;0;0;0;0;0,179088883143496;0;0;0;0;0,179639125740273;0;0;-0,207171493220738;-0,175171212483349;0;0;0;0;0;0;0;0
"27";0;0;0;0;0;0;0;0;0;0;0;0;0;0;0;0;0;0;0;0;0;0;0;0;0;0;0,0143220033496618;0;0;0;-0,175369990715291;0;0;0;0;0,163317441384948;0;0;0;0;-0,179939212460264;0,166465306250097;0;0;0;0;0;0;0;0;0;0;0;0;0;0;0;0;0;0;0;0;0;0;0;0;0,160088393189866;0,17564641893429;0;0;0;0;0;0;0;0;0;0;0;0;0;0;0;0;0;0;0;0;0;0;0;0;0;0;0,161803980763695;0;0;0;0;0;0;0;0;0;0;0;0;0;0;0;0;0;0;0;0,183855861035985;0;0;0;0;0;0;-0,172548811269742;0;0;0;0;0;0;0;0;0;0;0;0;0;0;0;0;0;0;0;0;0;0;0;0;0;0;0,16993851029064;0;0;0;0;0;0;0;0;0;0;0;0,162236581096051;0,158874536956344;0
"28";0;0;0;0;0;0;0;0;0;0;0;0;0;0;0;0;0;0;0;0,199817925338389;0,182414842783647;0;0;0;0;0,202262851993013;0;0;0;0;0;0;0;0;0;0;0;0;0;0;0;0;0;0;0;0;0,1888974664326;0;0;-0,160225994770372;0;0;0;0;0;0;0;0;0;-0,179404642965543;0;0;0;0;0;0;0;0;0,172756615967659;0;0;0;0;0;0;0;0;0;0;0;0;0;0;0;0;0;0;0;0;0;0;0;0;0;0;0;0;0;0;0;0;0;0;0;-0,170603668257674;0;0;0;0;0;0;0;0;0,201758452022544;0;0;0;0;0;0;0;0;0,164062917061881;0;-0,173361784869352;0;-0,178780852358174;0;0;0;0;0;0;0;0,178390581773169;0;0,20096049287507;0;0;0;0;0;0;0;0;0;0;0;0;0;0;0;0,181151941663274;0;0;0;0;0;0;0;0;0;0
"29";0;0;0;0;0;0;0;0;0;0;0;0;0;0;0;0;0;0;0;-0,174973017667198;0;0;0;0;0;0;0;0,182586187789175;0;0;0;0;0,171809866032454;0,168819381864245;-0,171285391339286;0;0;0;0;0,177951224687799;0;0;0;0,173078649396407;0;0;0;0;0;0;0;0;0;0;0;0;0;0;0;0;0;0,179175740346172;0;0;0;0;0;0;0;0;0;0;0;0,172689130184288;0;0;0;0;0;0;0,166294177568204;0;0;0;0;0;0;0;0;0;0;0;0;0;0;-0,172984309767295;0;0;0;0;0;0;0;0;0;0;0,166906001612068;0;0;0,190957725379663;0;-0,211629996723277;0;0;0;0,183816066361203;0;0;0;0;0;0;0;0;0;0;0;0;0;0;0;0;0;0;0;0;-0,207333964918423;0;0;0;0;0;0;0;0,164716932555527;0;0;0;0;0;0;0;0;0;0;0;0;-0,184099100081647;0;0;0;0;0
"30";0;0;0,18524951074622;0;0;0;0;0;0;0;0;0;0;0;0;0;0;0;-0,170873778571585;0;0;0;0;0,180921756620432;0;0;0;0,191871089277172;0;0,543794753495604;0;0;0;0;0;0;0;0;0;0;0;0;0;0;0;-0,164207027134417;0;0;0;0;0;0;0;0;0;0;0;0;0;0;0;0;0;0;0,177624811787096;0;0;0;0;0;0;0;0;0;0;0;0;0;0;0;0,157262152498432;0;0;0;0;0;0;0;0;0;0;0;0,167088980008658;0;0;0;0;0;0;0;0;0;0;0;0;0;0;0;0;0;0;0;0;0;0,179323209713851;0;0;0;0;0;0;0;0;0;0;0;0;0;0;0;0;0;0;0;0;0;0;0;0;0;0;0;-0,16639853936081;0;0;0;0;0;0;0;-0,162252167744239;0,169249325112039;0;-0,187119725345779;0;0;0;0;0;0;0;0;0
"31";0;0;0;0;0;0;0,195674792520091;0;0;0;0;0;0;0;0;0;0,214879043485471;0;0;0;0;0,212267386829298;0;0;0;0;0;-0,20828438193696;0;0,191661535132871;0;0;0,179303009115639;0;-0,178755660509522;0;0;0;0;0;0;0;0;0;0;0;0;0;-0,179759272664838;0;0;0;0,181173768171351;0;0;-0,178382739749796;0;0,190716772045785;0;0;0;0;0;0;0;-0,196735158051021;0;0;0;0;0;0;0;0;0;0;0;0;0;0;0;0;0;0;0;0;0;0;0;0;0;0;0;0;0;0;0;0;0;0;0;0;0;0;0;0;0,174185272473528;0;0;0;0;0;0;0;0;-0,191832835817112;0;0;0;0;-0,199319096416551;0,185721979169453;0;0;0;0,175990544801878;0;0;0;0,189501656935992;0;-0,195443399162411;0;0;0;0,201318791192478;0;0;0;0;0;0;0;0;0;0;0;0;0;0;0;0;0,195048330769338;0;0;0;0;0;0;0;0;0,17100374801792;0
"32";0;0;0;0;0;0;0;-0,19407436221807;0;0;0;0;0;0;0;0;0;0;0;0;0;0;0;0;0;0;0;0;0;0;0;0;0;0;0;0;0;0;-0,178141308301362;0;0;0;0;0;0;0;0;0;0;0,173285694467917;0;0;0;0;0;0;0;0;0;0;0;0;0;0;0;0;0;0;0;0;0;0;0;0;0;0;0;0;0,225592284627213;0;0;0,184301521460123;0;0;-0,204401999368032;0;0;0;0;0,175874442758338;0;0;0;0;0;0;0;0;0;0;0;-0,187239950381763;0;0;0,184509231321508;0;0;0;0;0;0;0;0;0;0;-0,192687453331183;0;0;0;0;0;0;0;0;0;0;0;0;0;0,190345889021043;0;0;0;0;0;0;0,217340379870189;-0,177943519008732;0;0;0;0;0;0;0;0,179300293252219;0,182008920026468;0;0;0;0;0;-0,195917273350809;0;0;0;0;0;0;0;0;0;0
"33";0;0;0;0;0;0;0;0;-0,16890170166594;0;0;0;0;0;0;0;0;0;0;0;0;0;0;0;0,180024534439304;0;0;-0,185002910146809;0;0;0;0;0;0;0;0;0;0;0;0;0,18397470468253;0;0;0;0;0;0;0;0;0;0;0;0;0;0;0;0;0;0;0;0;0;0;0;0,186198811762273;0;0;0;0;0;0;0;0;0;0;0;0;-0,185969121030662;0;0;0;0;0;0;0;0;-0,160319470005399;0;0;0;0;0;0;0;0;0;0;0;0;0;0;0;0;0;0;0;0;0;0;0;0;0;0;0;-0,187979191838005;0;0;0;0;0;0;-0,176418559149149;0;0;0;0;0;0;0;0;0;0;0;0;0,182453472795591;0;0;0;0;0;0;0;0;0;0;0;0;0;0;0;0;0;0;0;0;0;0;0;0;0;0;0;0
"34";0;0;0;0;0;0;0;0;0;0;0;0;0;0;0;0;0;0;0;0;0;0;0;0;0;0;0;0;0;0;0;0;0;0;0;0;0;0;0;0;0;0;0;0;0;0;0;0;0,167782428602216;0;0;0,171396495960848;0;0;0;0;0;0;0;0;0;0;0;0;0;0;0;-0,176459809285594;0;0;0;0;0;0;0;0;0;0;0;0;0;0;0;0;0;0;0;0;0;0;0,154739195923921;0;0;0;0;0;0;0;0,172360937780447;0,175015283037034;0;0;0,169579907990619;-0,165047940079994;0;0;0;0;0;0;0;0;0;0,202761808395014;0;0;0;0;0;0;0;0;0;0;0;0;0;0;0;0;0;0,182421566796625;0;0;0;0;0;0;0;0;0;0;0;-0,187974607145587;0;0;0;0;0;0;0;0;0;0;-0,162967045487153;0;0;0;0;0;0;0;0
"35";0;0;0;0;0;0;0;0;0;0;0;-0,180788492142584;0;0;0,178336516503425;0;0,204425553216065;0;0;0;0;0;0;0;0;0;0;0;0;0;0;0;0;0;0;0;0,160306784419488;0;0;0;0;0;0;0;0;0;0;0;0;0;0;0;0;0;0;0;-0,15049867914133;0;0;0;0;0;0;0;0;0;0,163179038487954;0;0;0;0;0,170425232904377;0;0;0;-0,181093119266717;0;0;0;0;0;0;0;0;0;0,182950756556589;0;0;0;0;0;0;0;0;0;-0,170961919227569;0;-0,175088335847145;0;0;0;0;0;0;0;0;0;0;0;0;0;0;0;0;0;0;0;0;0;0;0;-0,175880015747565;0;0;0;0;0;0;0;0;0;0;0;0;0;0,190650306030325;0;0;0;0;0;0;0;0;0;0;0;0;0;0;0;0;0;0;0;0;0;0;0;0,158356066624912;0;0;0
"36";0;0;0;0;0;0,18843547283792;0;0;0;0;0;0;0;0;0;0;0;0;0;0,183529704836668;0;0;0;0;0;0;0;0;0;0;0;0;0;0;0;0;0;0;0;0;0;0;0;0;0;0;0;0;0;0;0;0;0;0;-0,169874655165998;0;0,147998319502635;0;0;0;-0,173918028533647;0;0;0;0;0;0;0;0;0;0;0;0;0,167834704917767;0;-0,178084468766639;0;0;0;0;0;0;0;0;0;0;0;0;0;0;0;0;0;0,160444544160682;0;0;-0,163569647269328;0;0;0,17462165054726;-0,165097084729088;0;0;0;0;0;0;0;0;0;0;0;0;0;0;0;0;0;0;0;0;0;0;0;0;0;0;0;0;0;0;0;0;0;0;0;0;0;0;0;0;0;0;0;0;0;0;0;0,170341484104271;0;0;0;0;0;0;0;0;0;0;0;0;0;0
"37";0;0;0;0;0,203091901714665;0;0;0;0;-0,197043555219223;0;0;0,186593447259545;0;0;0;-0,213871391957419;0;0;0;0;0;0;0;0,201729065286891;0;0;0;0;0;0;0;0;0,205109703732329;0;0;0;0;0;0,166545368464636;0;0;0;0;0;0;0;0;0;0;0;0;0;0;0;0;0;0;0;0;0;0;0;0;0;0;0;0;0;0;0;0;0,191202130320044;0;0;0;0;0;0;0;0;0,16454721269245;0;0;0;0;0;0;0;0;0;0;0;0;0;0;0;0;0;0;0,158984291472301;0;0;0;0;0;0;0;0;0;0;0,198065485889654;0;0,194815308855471;0;0;0;0;0;0;0;0;0;0;0;0;0;0;0;0;0;0;0;0;0;0;0;0;0;0;0;0;0;0;0;0;0;0;0,164034514619666;0;0;0;0,17491793335605;0,185184220464042;0;0;0;0;0;0;0;0;0
"38";0;0;0;0;0;0;0;0;0;0;0;0;0,189140155152408;0;0;0;0;0;0;0;0;0;0;0;-0,204482350626388;0;0;0;0;0;0;0;0;0;0;0;0;0;0;0;0;0;0;0;0;0;0;0;0;0;0;0;0;0;0;0;0;0;0;0;0;0,179182485829775;0;0;0;0;0,16511557752093;0;0;0;0;0;0;0;0;0;0;0;0;0,181786909717429;0;0;0;0;0;0;0;0;0;0;0;0;0;0;0;0;0;0;0,176954065497052;0;0;0;0;0;-0,176020998562525;0;0;0;0;0;0;0,211637964022143;0;0;0;0;0;0;0;-0,190414016468874;0;-0,177967284546129;0;0;0;0;0;0,178458863179596;0;0;0;0;0;-0,194961003823839;0;0;0;0;0;0;-0,169944534639637;0;0;0;0;0;0;0;0;0;0;0;-0,186904220693248;0;0;0;0;0;0;0;0;0;-0,186735736516575
"39";0;0;0;0;0;0;0;0;0;0;0;0;0;0;0;0,179493728178084;0;0;-0,184929722335364;0;-0,181664356197368;0;0;0;0;0;0,17964579948923;0;-0,181834996259558;0;0;0;0;0,205452629049958;0;0;0;0;-0,473026024643332;0;0;0;0;0;0;0;0;0;0;0;0;0,172533845381233;0;0;0;0;0;0;0;0;0;0;0;0;0;-0,184845769575533;0;0;0;0;0;0;0;0;0;0;0;0;0;0;0;0;0;0;0;0;0;0;0;0;0;0;0;0;0;0;0;0;0;0;0;0;0;0;0,17258980843157;0;0;0;0;0;0;-0,207512489792259;0;0;0;0;0;0;0;0;0;0;0;0;0;0;0,180862189980151;0;0;0;0;0;0;0,191160614792392;0;0;0;0;0;0;0;0,160384415330087;0;0;0;0;0;0;0;0;0;-0,175487743434914;0,183260883121517;0;0;0;0;0;-0,171379734875612;0;0;0;0
"40";0;0;0;0;0;0;0;-0,208389202418723;0;0;0;0;0;0;0;-0,184705988576351;0;0;0;0;0;0;0;0;0;0;0,184862475837184;0;0;0;0;0;0;0,211418701586233;0;0,196265721177689;0;0;0;0;0;0;0,174002761874919;0;0;0,178286268349157;0;0;0;0;0,177809859996404;0,180667741029621;0;0;0;0;0;0;0;0;0;0;0;0;0;0;0;0;0;0;0;0;0;0;0;0,188140635369262;0;0;-0,220967092973368;0,18664638625924;0,170745934633786;0;0,183941025520594;0;0;0;0;0;0;0;0;0;0;0;0;0;0;0;0;0;-0,174419872960658;0;-0,178752889485412;0;0;0;0;0;0,175435706008968;0;0;0;0;0;0;0;0;0;0;0;0;0;0;0;0;0;0;0;0;0;0,171766609901555;0;-0,162553964193923;0;0;0;0;0;0;-0,163725034082637;0;0;0;0;0;0;0;0;0;0;0;0;0;0;0;0;0;0;0;-0,164518735499321;0;0,168243958852517;0,191727503704491
"41";0;0;0;-0,158154134057797;0;0;0;0;0;0;0;0;0;0;0;0;0,186835443630459;0;0;0;0;0;0;0;0;0;0;0;0,158583700519168;0;0,180903651299461;0;0;-0,179181339491031;0;0;0;0;-0,1803563602243;0;0;0;0;0;0;0;0;0;0;0;0;0;0;0;0;0;0;0;0,18649760560608;-0,198199912912584;0;0;0,186366407417674;0;0;0;0;0,193981881634364;0;0;0;0;0;0;0;0,196209166574825;0;0;0;0,194650835638198;0;0,188264730466937;0;0;0;0;0;0;0;0;0;0;0;0;0;0;0;0,189703157097561;0;0;0;0;0;0;0;0;0;-0,192481547431791;0;0;0;0;0;0;0;-0,196830992920504;0;-0,183585280025217;0;0;0;0;0;0;0;0;0;0;0,190392734702694;0;0;0;0;0,208757178226755;0;0;0;0;0;0;0;0;0;0;0;0;0;0;0;0;0;0;0;0;0;0;0;0;0;0;0;0;0
"42";0;0;-0,189715309708902;0;0;0;0;0;0;0;0;0;0;0;0;0;0;0;0;0;0;0;0;0;0;-0,190607371593474;0;0;0;0;0;0;0;0;0;0,180479039600344;0;0;0;0;0;0;0,167876825077342;0;0;0;0;0;0;0;0;0;0;0;0;0;0;0;0;0;0;0;0;0;0;0;0;0;0;0;0;0;0;0;0;0;0;0;0;0;0;0;-0,177465202466529;0;0;0;-0,16020414774405;0;0;0;0;0,178540889384702;0;0;-0,165313754208376;0;0;0,175498123566753;0;0;0;0;0;0;0;0;0;0;0;0;0;0;0;0;0;0;0;0;0;0;0;0;0;0;0;0;0;0;0;0;0;0,185519456113503;0;0;0,182322228929372;0,191096515960717;0;0;0;0;0;0;0;0;0;0;0;0;0,173624734003008;0;0;0;0;0;0;0;0;0;0;0;0;0;0
"43";0;0;0;0;0,19143751632239;0;0;0;0;0;0;0;0;0;0;0;0;0;0;0;0;0;0;0,184259988351097;0;-0,189554730346796;0;0;0;0;0,195197929152473;-0,186502212812966;0;0;0;0;0,194282570035118;0;0;0;0;0;0;0;0;0;0;0;0;0;0;0;0;0;0;0;0;0;0,17030147349005;0;0;0;0;0;0;0;0;0;0;0;0;0;0;0;0;0,179169647092016;0;0;0;0,177746647296227;0;0;0;0;0;-0,181007553573493;0;0;0;0;0;0;0;0;0;0;0;0;0,173021214324114;0;0;0;0;0;0;0;0;0;0;0;0;0;0;0;0;0;0;0;0;0;0;0;0;0;0,174891336211745;0;0;0;0;0;0;0;0;0;0;0;0;0;0;0;0,166167472154441;0;0;0;0;0;0;0;0;0;0;0;0;0,193476204793046;0;-0,167945101940241;0;0;0;0;0;0;0
"44";0;-0,177531473506295;0;0;0;0;0;0;0;0;0,190619373479046;0;0;0;0;-0,175938713033518;0;0;0;-0,195054569554121;0;0;0;0;0;0;-0,176087772452161;0;0;0;0;0,194261694412209;0;0;0;0;0;0;0;0;0;0;0;0;0;0;-0,1946263973399;0;0;0;0;0;0;0;0;0;0;0;0;-0,184845673083145;0;-0,178934899009706;0;0;0;0;0;0;0;0;0;0;0;0;0;0;0;0;0;0;0;0;0;0;0;0;0;0;0;0;0;-0,179988851078135;-0,176447894606012;0;0;0;0;0,176921408513242;0;0;0,169643991452639;0;0;0;0;0;0,166681652800031;0;0;0;0;0;0;0;0;0;-0,168396471972477;0;0;0;0;0;0;0;0;0;0;0;0;-0,181338232204654;0;0;0;0;0;0;0;-0,169522774225775;0;0;0;0;0;0;0;0;0;0;0,175032825811754;0;0;0;0;0;0;0;0;0;0;0;0;0;0
"45";0;0;0;0;0;0;0;0;0;0;0;0;0;0;0;0;0;0;0;0;0;0;0;0;0;0;0;0;0;0;0,186392237240842;0;0;0;0;0;0,185518171442585;0;0;0;0;0;0;0;0;0;0;0,178433348166368;0;0;0;0,17857006154679;0;0;0,177383485078842;0;0;0,185460220202716;0;0;0;0;0;0;0;0;0;0,183845292915798;0;0;-0,166906487650886;0;0;0;0;0;0;0;0;0;0;0;0;0;0;0;0;0;0;0;0;0;0;0;0;0;0;0;-0,179574868757805;-0,182340307999593;0;0;0;0;0;0,17975766023042;0;0,182423359183535;0;0;0;0;0;0;0;0,18654552292974;0;0;0;0;0;0;0,171779588197927;0;0;0;0;-0,181101953459651;0,18044369806884;0;0;0;0;0;0;0;0;0;0;0;-0,172461522250403;0;-0,178568026995513;0;0;0;0,176207368862039;0;0;0;0;0;0;0;0,169787807968881;0;0;0;0;0;0;0;0
"46";0;0;0;0;0;0,19796275698372;0;0,196212520082079;0;0;0;0;0;0;0;0,173913173389838;-0,207568474369312;0;0;0;0;0,205045670940438;0;0;0;0;0;0;0,176181650210385;0;0;0;0;0;0;0;0;0;0;0;0;0;0;0;0;0;0;0;0;0;0;0;-0,173929301183985;0;0;0;0;0;0;0;0;0;0,174371109894968;0;0;0;0;0;0;0;0;0;0;0,173014266460001;0;0;0;0;0;0,182122318729619;0;0;0;0;0;0;0;0;0;0;0;0;0;0;0;0;0,168617584493564;0;0;-0,180010664613566;0,170192160334677;0;0;0;0;0;0;0;0;0;0;0;-0,159180778614141;0;0;0;0;0;0;0;0;0;0;0;0;-0,168953335691673;0;0;0;0;0;0;0;0;0;0;0;0;0;0;0;0;0;0;0;0;0;0,175580226972271;0,175598407578745;0;0;0;0;0;0;0;0;0;0;0;0;0;0
"47";0;0;0;0;0,204453431749703;-0,20534143587436;0;0;0;0;0;0;0;0;0;0;0;0;0,18585875351927;0;0;0;0;0;-0,203081458853592;0,202442634381687;0;0;-0,182748480472464;0;0;0;0;0;0,198327838616183;0;0;0;0;-0,213874194665078;0;0,19667117118992;0;0;0;0;0;0,197711944941686;0;0;0;-0,197863429339757;0,195215404225018;0;0;0,192208060794362;0;0;0;0;0;0;0;0;0,211210110970195;0;0;0;0;0;0;0;0;-0,194188384209951;0;0;0;0;0;0;0;0;0;0;0;0;0,181854506642905;0;0;0;0;0;0;0;0;0;0;0;0,198976799626324;0;0;0;0;0;0;0;0;0;0;0;0;0;0;0,234072152544663;-0,213229641974747;0;0;0;0;0;0;0;0;0;0;0;0;0,200668876189339;0;0;0;0;0;0,21922478290531;0;0;0;0;0;0;0;-0,183930349200428;-0,197861174968059;0;0;0;0;0;0;0;0;0;0;0;0;0;0;0;0;0;0;0;0,209975843864134
"48";0;0;0;0;0,174525209509678;0;0;0;0;0;0;0;0;0;0;0;0;0;0;0;0;0;0;0;0;0;0;0;0;0;0;0;-0,158062256239481;0;0;0;0;0;0;0;0;0;0;0;0;0;0;0,40865572844632;0;0;0;0;0;0;0;0;0;0,185394317402345;0,176689301861817;0;-0,18154105129411;0;0;0;0;0;0;0;0;0;0;0;0;0;0;0;0;0;0;0;0;0;0;0;0;0,187796955699768;0;0;0;0;0;0;0;0;0;0;0;0;-0,179511057301556;0;0;0;0;0;0;0,179693783819703;0;0;0;0;0;0;0;0;0;0;0;0;0,180834468682297;0;0;0;-0,171718546774077;0;0,181451325485678;0;0,18712326165941;0;0;0;0;0;0;0,197778196452758;0;0;0;0;0;0;0;0;0;0;0;0;0;0;0;0;0;0;0;0;0;0;0;-0,186766368845928;0;0;0;0;0
"49";0;0;-0,198079591392562;0;0;0;0;0;0;0;0;0;0;0;0;0;0;0;0;0;0;0;0;0;0;0;0;0;0;0;0;-0,195806185590299;0;0;0;0;-0,203974678860281;0;0;0;0;0;0;0;0;-0,197963423314832;0;0;0,0455332463607192;0;0;0;0;0;0;0;0;0;0;0;0;0;0;0;-0,186672622721333;0;0;-0,180042619521325;0;0;0;0;0;0;0;0;0;0;0;0;0;0;0;0;0;0,183977921808762;0;0;0;0;0,157880994485699;0;0;0;0;0;0;0;0;0;0,168828906632011;0;0;0;-0,174933224449871;0;0;0;0;0;0,169665600634241;0;0;0;0;0;0;0;0;0;0;0;0;0;0;0;0;0,177356023557473;0;0;0,166260692966493;0;0;0;0,182917753174778;0,191720699907652;0;0;-0,164646799610042;0;0;0;0,174874509067534;0;0;0;0;0;0;0;0;0;0,185749190472557;0;0;0;0;0;0;0;0;0;0
"50";0;0;0;0;0;0;0;0;0;0;0;0,168442745388632;0;0;0;0;0;0;-0,164416438392493;0;0;0;0;0;0;0;0;0;0;0;0;0,176203105525384;0;0;0;0;0;0;0;0;0;0;0;0;0;0;0;0;0;0;0;0;0;0;0;0;0;0;0;0;0;0;0,166005588188164;0;0;0;0;0;0;0;0;0;0;0;0;0;0;0;0;0,173384929769121;0;0;0;0;0;0;0;0;0;0;0;0;0;0;0;0;0;0,168977792787273;0;0;0;0,170370201936359;0;0;0;0;0;0;0;0;0;0;0;0;0;0;0;0;0;0;0;0;0,161448972154922;-0,160607682000954;0;0;0;0;0;0;0;0;0;0;0;0;0;0;0;0;0;0;0;0;0;0,163145883698142;0;0;0,167174005788993;0,177554093029352;0;0;0;0;0;0;0;0;0,166708421863661;0;0;0;0
"51";0;0;0;-0,154995674929055;0;0;0;0;0;0;0;0;0;-0,174568335429451;-0,159736217412792;0;0;0,166047590126307;0;0;0;0;0;0;0;0;0;0,177484708794823;0;0;0;0;0;0;0;0;0;0;0;0;0;0;0;0;0;0;0;0;0;0;-0,138418082147837;0;0;0;0;0;0;0;0;0;0;0;0;0;0,187677114413129;0;0;0;0;0;0;0;0;0;0;0;0;0;0;0;0,166162073250666;0;0;0;0,194836369929128;-0,184967913223875;0;0;0;0;0;0;0;0;0;0;0;0;0;0;0;0;0;0;0;0;0;0;0;0;0;0;0;-0,207991870996418;-0,18947162959832;0;0;0;0,178110311673993;0;0;0,177819212682768;0;0;0;0;0;0;0;0;0;0;0;0;0;0;0;0;-0,165532769603274;0;0;0;0;0;0;0;0;0;0;0;0;0;0;0;0;0;0;0;0;0;0;-0,163727265745994;0
"52";0;-0,174374724512529;0;0;0;0;0;0;0;0;0;0;0;0;0;0;0;0;0;0,191586236283359;0;0;0;0;0;0;0;-0,199922256484078;0;0;0,19970390916796;0;0;0;0;0;0;0;0;0;0;0;0,187361193836381;0;-0,17890902963422;0;0;0;0;0;0;-0,238052046392113;0;0;0;0;0;0;0;0;0;0;0;0;0;0;0;0;0;0;0;0;0;0;0;0;0;0;0;-0,184555031751062;0;0;0,181879984314968;0;0;0;0;-0,169154581496542;0;0;0;0;0;0,16760532772175;0;0;0;0;0;0;0;0;0;0;0;0;0;0;0;0;0;0;0;0;0;0,186622112506914;0;-0,174063404726697;0;0;0;0;0,171850115358379;0,170954626163995;-0,18159035120225;0;0;0;0;0;0;0;0;0;0;0;0;0;0;0;0;0;0;0;0;0;0,176279713926472;0;0;0;0;0;0;0;0;0;0;0;0;0,162675319154317;0;0;0
"53";0;0;0;0;0;0;0;0;0;0;0;0;0;0;0;0;0;0,176580703786825;0;0;0;0;0;0;0;0;0;0;0;0;0;0;-0,167463006585678;0;0,179365184923605;0;0;0;0;0;0;0;-0,176884634613676;0;0;0;0;0;0;0;0;0;0;0;0;0;0;0;-0,17445821746058;0;0;0;0;0;0;0;0;-0,181459344636632;0;0;0;0;0;0;0;0;-0,165732547912652;0;0;0;0;0;0;0;0;0;0;0;0;0;0;0;0;0;0;0;0;0,177456833970237;0;0;0;0;0;0;0;-0,177424761338687;0;0;0;0;0;0;0;0;0;0;0;0;0;0;-0,191309975645502;0;0;0;0;0;0;0;0;0;0;0;0;0;-0,184357102233613;0;0;0;0;0;0;0,163841281015868;0;0,193300384711179;0;-0,171332288810257;0;0;0;0;0;0;0;0;0;0;0;0;0;0;0;0;0
"54";0;0;0;0;0;0;0;0,182753221458736;0;0;0;0;0;0;0;0;0;0;0;0;0;0;0;0;0;0;0;0;0;0;0;0;0;0;0;0;0;0;0;0;0;0;0;0;0;0;0;0;0;0;0;0;0;-0,658466060413048;0;0;0;0;0;0;0;0;0;0;0;0;0;0;-0,174993827498104;0;0;0;0;0;0;0;0;-0,184182629143642;0;0;0;0;0;0;0;0;0;0;0;0;0;0,176953043241178;0;0;0;0;0;0;-0,173729060648838;0;0;0;0;0;0,172812998948857;0;0;0;0;0;0;0;0;0,204371239571671;0;0;0;0;0;0;0;0;0;0;0;0,165568659657368;0;0;0;0;0;0;0;0;0;0;0;0;-0,162651247625613;0;0;0;0;0;0,16172103876305;0;0;0;0;0;0;0;0;0;0;0;0;0;0;0;0;0;0
"55";0;0;0;0;0;0;0;0;0,172328692206678;0;0;0;0;0;0;0;0;0;0;0;0;0;0;0;0;0;0;0;0;0;0;0;0;0;0;0;0;0;0;0;0;0;0;0;0;0;0;0;0;0;0;0;0;-0,169641930098879;0;0;0;0;0;0;0;0,180702173280252;0;0;0;0;0;0;0;0;0;0;-0,206037046839124;0;0;0;0;0;0;-0,183328685879754;0;0;0;0;0;0;0;0;0,177379755530085;0;0;0,18176653484612;0;0;0;0;0;0;0;0;0;0;0;0;0;0;0;0,181285577485838;0;0;0;0;0;0;0;0;0;0;0;0,192028961087388;0;0;0;0;0;0;-0,186022269007237;0;0;0,183129243314366;0;0;0;0;0;0;0;0;0;0;0;0,164960254303987;0;0;0;0;0;0;0;0;0;0;0;0;0;0;0;0;0;0;0;0;0
"56";0,172162211383631;0;0;0;0;0;0;0;0;0;0;0;0;0;0;0;0;0;0;0;0;0;0,17384842993675;0;0;0;0;0;0;0;0,190864156549944;0;0;0;0;0;0;0,192561900713942;0;0;0;0;0;0;0;0;0;0;0;0;0,162640467468603;0;0;0;0;0,0634768609888852;0;0;0;0;0;0;0;0;0;0;0;0;0;0,164551171333218;0;0,170069691115379;0;0;0;0;0;0;0;0;0;0;0;0;-0,192309557707725;0;0;0;0;0;0;0;0;0;0;0;0;0;0;0;0;0;0;0;0;0;0;0;0;0;0;0;0;0;-0,187014392125397;0;0;0;0;0;-0,188362796344972;0;0;0;0,176400102737624;0;0;0;0;0,179085008181409;0;-0,184700140906024;0;-0,192272468002897;0;0;-0,204482502392792;0;0;0;0;0;0;0;0;0;0;-0,172840052945195;0;0;0;0;0;0;0;0,169393944138381;0;-0,181567186484703;0;0;0,165023706196901;-0,161603904197971;0
"57";0;0;0;0;0;0;0;0;0;0;0;0;0;0;0;0;0;0;0;0;0;0;0;0;0;0;0;0;0;0;0;0;0;0,199622367751607;0;0;0;0;0;0;0;0;0;-0,196951829117527;0;0;0;0;0;0;0;0;0;0;0;0;-0,765584518201649;0;0;0;0;0;0;0;0;0;0;0;0;0;0;0;0;0;0;0;0;0;0;0;0;0;0;0;0;0;0;0;0;0;0;0;0;0;0;0;0;0;0;0;0;0;0;0;0;0;0;-0,157939751469995;0;0;0;0;0;0;0;0;0;0;0;0;0;0,156363789951297;0;0;0;0;0;0;0;0;0;0;0;0;0;0;0;0;0;0;0;0;0;0,169557457934728;0;0;0;0;0;0;0;0;0;0;0;0;0;0;0;0;0;0;0
"58";0;0;0;0;0;0,177476403967686;0,169456932316164;0;0;0;0;0;0;0;0;0;0;0;0;0;0;0;0;0;0;0;0;0;0;0;0;0;0;0;0;0;0;0;0;0;0;0;0;0;0;0,174049955425096;0,180537330886923;0;0;0;0;0;0;0;0;0;0;0;0;-0,195170960764456;0;0;0;0;0;0;0;0;0;0;0;0;0;0;0;0;0;0;0;0;0;0;0,188897856949453;0,186080098862769;-0,205606540918777;0;0;0;0;0;0;0;0;0;0;0,182401526669962;0;0;0,186580370531006;0;0;0;0;0;-0,18559654473483;0;0;0;0,180163336611374;0;0;0;0;0;0;0;0;0;0;0;0;0;0;0;0,18859704828983;0;0;0;0;0;0;0;0;0;0;0;0;0;0;0;0;0;0;0;0;0;0;0,184790843689057;0;0;0,18091104893285;0;0;0;0;0;0;0;0;0;0,176434046259462;0;0
"59";0;0;0;0;0;0;0;0;0;0;0;0;0;0;0;0;0;0;0;0;0;0;0;0;0;0;0;-0,198320383677143;0;0;0;0;0;0;0;0;0;0;0;0;0;0;0;0;0,177475524858282;0;0;0;0;0;0;0;0,179517866456504;0;0;0;0;-0,171560472355292;0,361837882781401;0;0;0;0;0;0;0;0;0;0;0;0,165275107384896;0;0;0;0,188407121400166;0;0;0;0,216266805886841;0;0;0;0;0;0;0;0;0;0;0;0;0;0;0;0;0;0;0;0;0;0;0;0;0;0;0;0;0;0;0;0;0;0;0;0;0,184722186466913;0;0;0;0;0;0;0;0;0;0;0;-0,179331823627285;0;0;0;0;0;0;0;0;0;0;0,16648101505781;0;0,170775845869564;0;0;0;0;0;0;0,176114163688292;0;0;0;0;0;0;0;0;0;0;0;0;0;0;0
"60";0;0;0;0;0;0;0;0;0;0;0;0;0;0;-0,175338356674371;0;0;0;0;0;0;0;0;0;0,189577859169182;0,188981512380794;0;0;0;0,179272111890337;0;0;0;0;0;0;0;0;0;0;0;0;0;0;0;0;0;0;0;0;0;0,186794609176415;0;0;0;0;0;0;0;0;0;0;0;-0,18533102946756;0,200595991385839;0;0;0;0;0;-0,175645750431214;0;0;0;0;0;-0,176703606244903;0;0;0;0,177599948287099;0;0,19132471112943;0;0;0;0;0;0;0;0;0;-0,188697622011614;0;0;0;0,179742898683766;0;0;0,191887689227742;0;0;0;0;0;0;0;0;0;0,203940286114591;0;0;0;0;0;0;0;0;0;0;0;0;0;0;0;0;0,196991079722186;0;0;0;0;0;0;0;0;0;0;0;0;0;0;0;0;0;0;0;0;0;0;0,198806870961566;0;0;-0,199603683008101;0,211318826665799;0;0,183433213010572;0;-0,196615366408677;0;0;0;0;0
"61";0;0;0;0;0;0;0;0;0;0;0;0;0;0;0;0;-0,202202922991693;0;0;0;0;0;-0,178328965313663;0;0;0;0;0;0;0;0;0;0;0;0;0;0;0;0;0,200859012066602;0;0;0;0;0;0;0;0;0,192846158171787;0;0;0;0;0;0;0;0;0;0;-0,183127373538085;-0,530775065533817;0;0;0;0;0;0;0;-0,184032547442685;0;0;0;0;0;0;0;0;0;0;0;0;0;0;0,182212579359415;0,201333180619204;0;0;0,172030050019146;0;0;0;0,186092959911757;0;0;0;0,178610463218528;0;0,182921488663171;0;0;0;-0,184428796518112;0;0;0;0;0;0;0;0;0;0;0;0;0;0;0,174107438990494;0;0;0;0;0,183748586968886;-0,174771405417135;0;0;0;0;0;0;0;0;0;0;0,201294350577004;0,190034245690741;0;0;0;0,171052452953501;0;0;0;0;0;0;0;0;0;0;0;0;-0,184790634761867;0;-0,204301983480424;0;0;0;0;0;0;0;0;0
"62";0;0;0;0;0;0;0;0;0;0;0;0;0,187414566672288;0;0;0;0;0;0;0,199537926759518;0;0;0;0;0;0,201979427415261;0;0;0;0;0;0;0;0;0,197874046672782;0,191246816816092;0;0;0;0;0;0;0;0,203256282495834;0;0;0;0;0;0;0;0;0,188478848048077;0,187134289447608;0;0;0;0;0;0;0;0,538120517972857;0;0;0;0;0;0;0;0;0;0;0;0;-0,193826554943744;0;0;0;0,222487608866448;0;0,171920869343729;0;0;0;0;0;0;0;0,181832470255042;0;0,164231794264803;0;0;0;0;0;0;0;0;0;0;0;0,179982921549188;0,17517293648323;0;0;0;0;0;0;0;0;0;0;0;0;0;0;0;0,196849410749733;0;0;0;0,174081563820702;0;0;0;0;0;0;0;0;0;0;0;0;0,214349269556584;0;0;0;0;0;0;0;0;0,1768327032135;0;0;0;0;0;0;-0,193220994926695;0;0,172964387766031;0;0;0;0;0;0;0;0
"63";0;0;0;0;0;0;0;0;0;0;0;0;0;0;-0,175437675715092;0;0;0;0;0;0;0;-0,177358590163855;0;0;0;0;0;0;0;0;0;0;0;0;0;0;0;0;0;0;0;0;0;0;0;0;0;0;0;0;0;0;0;0;0;0;0;0;0;0;0;0;0;0;0;0;0;0;0;0;0;0;-0,173418317136107;0,188274579896858;0;0;0;0,216114665525293;0;0;0,176558616496907;0;0;0;0;0;0;0;0;0;-0,180992144280312;0;0;0;0;0;-0,177907603188177;0;0;0;0;0;0;0;0;0;0;0;0;0;0;0;0;0;0;0;0;0;0;0;0;0;0,169095165033725;0;0;0;0;0;0;0;0;0;0;0;0;0,20820944110923;0;0;0;0;0;0;0;0;0;0;0;0;0;0;-0,179725515915969;-0,187686365563454;0;0;0;0;0;0;0;0;0;0
"64";0;0;0;0;0;0;0;0;0;0;0;0;0;0;0;0;0;0,181098902137099;0;0;0;0;0;-0,182526294645723;0;0;0;0;0;0,178124000052366;0;0;0;0;0;0;0;0;0;0;0;0;0;0;0;0;0;0;0,190460579385369;0;0;0;0;0;0;0;0;0;0;0;0;0;-0,180964467613014;0;0;0;0;0;-0,17846339400908;0;0;0;0,204557704915031;-0,172909834897239;0;0;0;0;0;0;0;0;0;0;-0,195240479139356;0;0;0;0;0;0;0;0;0;0;0;0;0;0;0;0;0;0;0;0;0;0;0;0;0;0;0;0;0;0;0;0;0;0;0,19065019694213;0;0,178188026686164;0;0;0;0;0,184686632792396;0;0;0;-0,167502043504295;0;0;0;0;0;0;0;0;0;0;0;0;0;0;0;0;0;0;0;0;0;0,187136047783056;0;0;0,17197561687052;0;0;-0,175003665312821;0;0;0;0
"65";0;0;0;-0,162885287878203;0;0;0;0;0;0;0;0;0;0;0;0;0;0;0;0;0;0;0;0;-0,181499886978038;0;0;0;0;0;0;0;0;0;0,177251436426733;0;0;0;0,185751689836095;0;0;0;0;0;0,166914604503398;0;0;-0,159357621628133;0;0;0;0;0;0;0;0;0;-0,161351535173462;0;0;0;0;0;0;0;0,204301382568197;0;0;0;0;0;0;0;0;0;0,198581178516589;0;0;-0,233229284305931;0;0;0;0;0;0;0;0;0;0,190611320411193;0;0;0;0;0;0,180854725434201;0,187471614267501;0;0;0;0;0;0;0;0;0;0;0;0;0;0;0;0;0;0;0;0;0;0;0;0;0;0;0;0;0;0;0;0;0;0;0,18129850447833;0;0;0;0;0;0;0;0;0;0;0;0;0;0;0;0;0;0;0;0;0,193958394016022;0;0;0;0;0;0;0;0;0;0;0
"66";0;0;0;0;0;0,20749979013667;0;-0,205665234004428;0;0;0;-0,192411560761249;0;0;0;0;0;0;0,187812324317769;0;-0,184496059109662;0;0;0;0;0;0;0;0;0,19406019427214;0;0;0;0;0;0,193700225369405;0;0;0,210023434508761;0;0;0;0;-0,20586375440199;0;0;0;0;0;0;0;0;0;0;0;0;0;0;0,200583070276501;0;0;0,210595562268568;0;0;0;0;0;0,197045263269895;0;0;0;0;0;0;0;0;0;0;0;0;0;-0,19123782626883;0;0;0;-0,201352202800857;0;0;0,191308704526687;0;0;0;0;0;0;0;0;0;0;0;0;0;0,189362766233161;0;0;0;0;0;0,185848691350172;-0,207707452809578;0;0,2301929784202;0;0;0;0;0;0;0;0;0;0;0;0;0;0;0;0;0;0;0;0;0;0,212053892851218;0;0,209826183867076;0,225520123097897;0;0;0;0;0;0;0,209903354780975;0;0;0;0;0;0;0;0;0;0;0;0;0;0;0;0;0;0;0
"67";0;0;0;0;0;0;0;0;0;0;0;0;0;0;0,164974550495329;0;0;0;0;0;0;0;0;0;-0,178372392062428;0;0;0;0;0;0;0;0;0;0;0;0,182246230847773;0;0;0;0;0;0;0;0;0;0;0;0;0;0;0;0;0;0;0;0;0;0;-0,1712685786584;0;0;0;-0,170171723823831;0;0;0;0;0;0;0;0;0;0;0;0;0;0;0;0,173177036201963;0;0;0;0,168121097981006;0;0;0;0;0;0;0;0;0;0;0;0;0;0;0;0;0;0,170165923115442;0;0;0;0;0;0;0;0;0;0;0;0;-0,180648091258768;0;-0,16064277182535;0;0;-0,18139554203682;0;0;0;0;0;0;0;0;0;0;0;0;0;0;0;0;0;0;0;0;-0,161895545027754;0;0;0;0;0;0;0;0;0;0;0;0;0,188502209359957;0;0;0;0;0;0;0;0;0
"68";0;0;0,20526502235965;0;0;0;0;0,207333796909214;0;0;0;0;0;0;0;-0,183770528793789;0,219333403860465;0;0;0;0;0;0;0;0;0;0;0;0;0;0;0;0;0;0;0;0;0;0;0;0;0;0;0;0;0;0;0;0;0;0;0;0;-0,191072638235948;0;0;0;0;0;0;0;0;0;0,197369627084347;0;0;0;0;0;0;0;-0,180245621769084;0;0;0,195968027598778;0;0;0;0;0;0;0;0;0;0;0;0;0;0;0;-0,166046292265902;0;0;0;0;0;0;0;0;-0,187803992806417;0;0;0;0;-0,183980430378217;0;0;0;0;0;0;0;0;0;0;0;0;0;0;0;0;0;0;0;0;0;-0,192798774470442;0;0;0;0;0;0;0;0;0;0;0;0;0;0;0;0;0;0;0;0;0;0;0;0;0,187069623963681;0;0;-0,174875366923677;0;0;0;0;0;0;0;0
"69";0;0;-0,193542078844576;0;0;0;0;0,195492703078459;0,183013589056374;0;0;0;0,180430071582065;0;0;0;0;0;0;0;0;0;0;0;0;0;0;0;0;0;-0,200241133133008;-0,191320751135174;0;0;0;0;-0,199302124467913;0;0;0;0;0;0;0;0;0;0;0;0;0;0;0;0;0;0;0;0;0;0;0;0;0;0;0,186097599520649;0;0;0;0,204392055225753;0;0;0;0;0;0;0,192809542048106;0;0;0;0;0;0;0;0;0;0;0;0;0;0;0;0;0;0;0;0;0;0;0;0;0;0;-0,183694160179398;0;0,174253799601177;0;0;0;0;0;0;0;0;0;0;0;0;0,173413915777538;0;0;0,195816536852299;0;0;-0,174075237422702;0;0;0;0;0;0;0;0;-0,19259647304962;0;0;0;0;0;0;0;0;-0,174766284789485;0;0;0,198459244676313;0;0;0;0;0;0;0;0;0,192207159419969;0;0;0;0;0;0;0;0;0;0
"70";0;0;0;0;0;0;0;0;0;0;0;0;0;0;0,198067870469438;0;0;0;0;0;0;0;0;0;0;0,213479619778077;0;0;0;0;0;0;0;0;0;0;0;-0,221790523723779;0;0;0;-0,20739350174516;0;0;0;0;0;0;0;0;0;0;0;0;0;0;0;0;-0,209318516398163;0;0;0;0;0;0;0;0;0;0,211576859707338;0,316068459302187;0;-0,166007936661116;0;0,166246545274909;0;0;0,159282201121857;0,180595955104821;-0,207177172055156;0;0;0;0;0;0;0;0;0;0;0;0;0;0;0;0;0;0;0;0;0;0;-0,171955541298516;0;0;0;0;0;0;-0,164487268033246;0,183833586422293;0;0;0;0;0;-0,176958364234983;0;0;0;0;0;0;0;0;0;0;0;0;-0,171170131264954;0;0;-0,180288969138098;0;0;0;0;0;0;0;0;0;0;0;0;0;0;0;0;0;0;0;0;0;0;0;0;0;0;0;0;0;0;0
"71";0;0;0,17261374032182;0;0;0;-0,167960056022908;0;0;0;0;0;0;0;0;0;0;-0,167262841104971;0;0;0;0;0;0;0;0;0;0,178783664509248;0;0,164515223262845;0;0;0,158626269240133;0;0;0;0;0;0;0;0;0;0;0;0;0;0;0;0;0;0;0;0;0;0;0;0;0;0;0;0;0;0;0;0;0;0;0;0;0;-0,338770073372871;0;0;0;0;0;0;0;0;0;0;0;-0,170000217802777;0;0;0;0;0;0;0;0;0;0;0;0,158359914116229;0;0;0;0;0;0;0;0;0;0;0;0;0;0;0;0;0;0;0;0;0;0;0;0;0;0;0;0;0;0;0;-0,175035029507094;0;-0,16872699019931;0;0;0;0;0;-0,174652935885428;0;0;0;0;0;0;0;0,166973111631129;0;0;0;0;0;0;0;0;0;0;0;0;0;0;0;0;0;0;0;0
"72";0;0;0;0;0;0,192118418429842;0;0,190419852747365;0;0;-0,182862063364891;0;0;0;0;0;0,201440551845854;-0,182675868568431;-0,173890328688028;0;0;0;0;0;0;0;0;0;0;0;0;0;0;0;0;0;0;0;0;0;0;0;0;0;0;0;0;0;0;0;0,166203132168966;0;0;0;-0,176758533126604;0;0;0;0;0;0;0;0;0;0;0;0;0;0;0;0;0;0;0;0;0;0;0,186652565597164;0;0;0;0;0;0;0;0;0;0;0;0,166934591026486;0;0;0;0;0;0;0;0;0;0,178770104296366;0;0;0;0;0;0,176238024493929;0;0;0;0;0;0;0;0;0;0;0;0;0;0;0;0;0;0;0;0;0;0;0;0;0;0;0;0;0;0;0;0;0;0;0;0;0,175071684150361;0;-0,163889759509407;0;0;0;0;0;0;0;0;0;0;0;0,167482448387789;0;0;0;0;0;0
"73";0;0;0;0;0;0;0;0;0;0;0;0;0;0;0;0;0;0;0,171228573788159;0;0;0;0;0;0;0;0;0;0;0;0;0;0,170591596114339;0;0;0;0;0;0;0;0;0,181189874086858;0;0;0;0;0;0;0;0;0;0;0;-0,172799083647027;0;0;0;0;0;0;0;0;0;0;0;0;0;0;0;0;0;0;0;0;0;0;0;0;0;0;0;0;0;0;0;0,218210193186503;0;0,196398256212997;0;0;0;0;0;0;0;-0,203910790664832;0;0,208832476612859;0;0;-0,200242441970463;0,210553295936307;0;0;0;0;0;0;0;0;0;-0,249465630832594;0;-0,245371997555155;0;-0,21667907036791;0;0,202097684002246;0,210120149173384;0;0;0;0,199527926987174;0;0,210836904361095;0,198784882049956;0;0;0;0;0;0;0;0;0,216952761859105;-0,22739364894113;0;0;0;-0,187964250173484;0;0;0;0;0;0;0;0;0;-0,219431561795511;0;0;0;0;0;0;0;0;0;0;0;0;0,220112438353558
"74";0;0;0;0;0;0;0;0;0;0;0;0;0;0;-0,192095433373955;0;0;0;0;0;0;0,217520981642639;0,194198738105994;0;0;0;0;0,21343939781099;0;0;0;0;0;0;0;0;0;0;0;0;0;0;0;0;0;0;0;0;0;0;0;0;0;0;0;0;-0,20652928298264;0;0;0;0;0;0;0;0;0;0;0;0;0,225275976489869;0;0;0;0;0;0;0;0;0;0;0;0;0;0;0;0;0;0;0;0;0;0;0;0;0;0;0;-0,176523241044918;0;0;0;0;-0,1734670894079;0;0;0;0;0;0;0;0;0;0;0;0;-0,18315585960727;0;0;0;0;0;0;0;0;0;0;0;0;0;0;0;0,186603110075929;0;0;0;0;0;0;0;0;0;0;0;0;0;0;0;0;0;0;0;0;0;0;0;0;0;0;0;0;0;0;0
"75";0;0,187025073826092;0,207026039447868;0;0;0;-0,201444596003978;0;0;0;0;0;-0,193000526500116;0;0;0;0;0;0;0;-0,187588553207991;0,218526451128127;0;0;0;0;0;0;0;0;0;0;0;0;0,203771755134349;0;0;0;0;-0,219744844339227;0;0;0;0;0;0,206904624531401;0;0;0;0;0;0;0;0;0,19411016904505;0;0;0,185492914352253;0;0;0;0;0;0;-0,191809177549587;0;0;0;0;0;0;0;0;-0,219493036980749;0;0;0;0;0;0;0;0;0;0;0;0;0;0;0;0;0;0,194968220988936;0;0;-0,180524073079761;0;0;0;0;0;0;0;0;0;0;0;-0,180553546084974;0;0;0;0;0,228934526004345;0;0;0;0;0;0;0;0;0;0;0;0;0;0;0;-0,193043792696004;0;0;0;0;0;0;0;0;0;0;0;0;0;0;0;0;0;-0,185031257383655;0;-0,189580105851888;0;0,201372270891132;0;0;0;0;0;0;0;0;0,18907169592431;0;0;0;0
"76";0;0;0;0;0,190107128070328;0;0;0;0;-0,184445485375002;0,181733589321199;0;0;0;0;0;0;0;0;0;0;0;0;0;0;0,188237426449312;0;0;0;0;0;0;0;0;0;0;0;0;0;0;0;0;0;0;0;0;-0,194225830890321;0;0;0;0;0;0;0;0,175667725044468;0;0;0;0;0;0;0;0;0;0;0;0;0;0;0,204814843751597;0;0;0,178937022800606;0;0;0;0;0,198336213171506;0;-0,192188714688951;0;0;0;0;0;0;-0,170980840272353;0,176151261188145;0;0;0;0;0;0;0,176434162293249;0;0;0;0;0;0;0;0;0;0;0;0;0;0;0;0,180489213878828;0;0;0;0;0;0;0;0;0;0;0;0;0;0;0;0;0;0;0;0;0;0;0;-0,194586771576456;0;0;0;0;0;0;0;0;0;0;0;-0,18357110789026;0;0;0;0;0;0;0;0;0;0;0;0,184788132212321;0;0;-0,173239840610336;0
"77";0;0;0;0;0;0;0;0;0;0;0;0;0;0;0;0;0;-0,197021689577652;0;0;0;0;0;0;0;0;0;0;0;0;0;0;0;0;0;0;0;0;0;0;0;0;0;0;0;0;0;0;0;0;0;0;0;0;0;0;0;0;0;0;0,197952592049592;0;0;0;0;0;0;0;0;0;0;0;0,194187592297696;0;0,216565147258917;0;0;0;0;-0,173539453728336;-0,15875558491406;0;0;0;0;0;0;0;0;0;0;0;0;0;0;0;0;0;0;0;0;0;-0,166200264657544;0,161758616616273;0;0;0;0;0;0;0;-0,202036201185605;0;0;0;0;0;0;0;0;0;0;0;0;0;0;0;0,170362396705607;0;0,173350660830588;0;0;0;0;0;0;0;0;0;0;0;0;0;0;0;0;0;0;0;0;0;0;0;0;0;0;0;0;0;0;-0,159739605299441;0;0,178263758138675
"78";0;0;0;0;0;0;0;0;0;0;0;0;0;0;0;0;0;0;-0,171476505001832;0;0;0;0;0;0;0;0;0;0;0;0;0;0;0;0;0,176852279450067;0;0;0;0,197324036220046;0;0;0;0;0;0;0;0;0;0;0;0;0;0;0;0,176443804173778;-0,18631412939826;0;0;0;0;0,192278068640532;0;0;0;0;0;0;0;0,203225890430176;0;0;0,177548829584255;0;-0,198008986926496;0;0;0;0;0;0;0;0;0;0;0;0;0;0;0;0,171948512008978;0;0,191246446772439;0;0;0;0;0;0;0;0;0;0;0;0;0;0;0;0;-0,206695000484794;0;0;-0,171975448259197;0;0;-0,198964780556022;0;0;0;0;0;0;0;0;0;0;0;0,193158805756694;0;0;0;-0,202709577116118;0;0;0;-0,208803403967832;0,224420844425767;0;0;0;0;0,177046721288479;0;0;0;0;0;0;0;-0,20149224595425;0;0;0;0;0;0;0;0;0;0;0;0;0
"79";0;0;0;0;0;0;0;0;0;0;0,174558754803336;0;0;0;0;-0,161115012122355;-0,192293640627596;0;0;0;0;0;0;0;0;0;0,16125151255269;0;0;0;0;0;0;0;0,177130809134141;0;0;0;0;0;0;0;0;-0,181948822422485;0;0;0;0;0;0;0;0;0;0;0;0;0;0;0;0;0;0;0;0;0;0;0;0;0;0,196728762272611;0;0;0;0;0;0;0;0;0;0;0;0;0;0;0;0;0;0;0;0;0;0;0;0;0;0;0;0,219984035284588;0;0;0;0;0;0;0;0;0;0;0;0;0;-0,262786981342491;0;0,258474749921628;0;0;0;0;0;0;0;0;0;0;0;0;0;0,221589099883195;0;0;0;0;0,196585217549215;0,24207950549462;0;0;0;0,210784575254119;0;0;0;0;0;0;0;0;0;0;0;0;0;0,222231897492208;0,232075545534025;0;0;0;0;0;0;0,19896132074929;0;0;-0,231866341819575
"80";0;0;0;0;0;0;0;0;0;0;0;0;0;0;0;0;0;0;0;0;-0,178025418912337;0;0;0;-0,198018726998359;0;0;0;0;0;0;0;0;0,201337186440262;0;0;0;0;0;0;0;0;0;0;0;0;0;0;0;0;0;0;0;0;0;0,186475078807307;-0,196906556878797;0;0;0;0;0;0;0;-0,182030878753222;0;0;0;0;0;0;0;0;0;0;0;0;0;0;0;0;0;0;0;0;0;0;0;0;0;0;0;0;0;-0,17503288824383;0;0;0;0;0;0;0;0;0;0,184614893991477;0;0;0;0;0;0;0;0;0;0;0;0;0;0;0;0;0;0;0;0;0;0;0;0;0,190454894162453;0;0;0;0;0;0,202331471341316;0;0;0;-0,167247781432163;0;0;0,184552929009582;0;-0,172765432051022;0;0;0;0;0,195246925160617;0;0;0;-0,207534834865055;0;0;0;0;0;0;0,175500857482102;0;0
"81";0;0;0;0;0;0;0,182234582216235;0;0;0;0,181663086626467;0;0,174595749957807;0;0;0;0;0;0;0;0;0;0;0;0;0;0;0;0;0;0;0;0;0;0;0;0;0;0;0;0;0,182799997438749;0;0;0;0;0;0;0,190859392712098;0;0;0;0;0;-0,17559957557337;0;0;0;0;0;0;-0,193706248113721;0;0;0;0;0;0;0;0,204735386792322;0;0;0;-0,198561900825423;0,199479733812166;0;0;0;0;0;0;0;0;0;0;0;0;0;0;0;0;0;0;0;0;0;0;0;0;0;0;0;0;0;0;0;0;0;0;0;0;0;0;0;0;0;0;0;0;0;-0,183256261163034;0;0;0;-0,171617877435142;0;0;0;0;0;0;0;0;0;0;0;0;0;0;0;0;0,156943936048408;0;0;0;0;0;0;0;0;0,16462383957732;0;0;0;0;0;0;0;0;0;0;0;0
"82";0;0;0;0;-0,202392454189617;0;0;0;-0,188613387549407;0;0;0;0;0;0;0;0;0;0;0;0;-0,210544362693324;0,187970140818633;0;0;0;0;0;0;0;0;0;0;0;0;0;0;0;0;0;0;0;0;0;0;0;0;0;0;-0,182921653996097;0;0;0;0;0;0;0;0,178717437796691;0;0,193027970140211;0,194194013965804;0;0;0;0,184802987635718;0;0;0;0;0;0;0;0;0;0;0;0;0;0;0;0;0;0;0,179023264017252;0;0;0;0;0;-0,170201766984962;0;0;0,179238761640812;0;0;0;0;0;0;0;0;0;0;0;0;0;-0,169318047703718;0;0;0;0;0;0;-0,211165420609577;0;0;0;0;0;0,193158517304468;0;0;0;0;0;0;0;0;0;0;0;0;0;0;0;0;0;0;0;0;0;0;0;0;0;0;0;-0,177782902093759;0;0;-0,174050243280603;-0,181556195028859;0;0;0;0,1742382420791;0;0;0;0;0;0;0
"83";0;0;0;0;0;0;0;0;0;0;0,172828793481876;0;0;0;0;0;0;0,172652814815593;0;-0,176850050988501;0;0;0;0;0;0;0;0;-0,161598998516417;0;0,184343339083718;0;0;0;0;0,169501657427144;0;0;0;0;0;0;0;0;0;0;0;0;0;0;0;0;0;0;0;0;0;0;0;0;0;0;0;0;0;0;0;0;0;0;0;0;0,170169256411975;0;0;-0,171748075150885;0;0;0;0;0;0;0;0;0;0;0;0;0;0;0;0;0;0;0;0;-0,173965677220919;0,183122692632259;0;0;0;0;0;0;0;0,183089595982681;0;0;0;0;0;0;0;-0,215163760051338;0;0;0;0;0;0;0;0;0;0;0;0;0,190659474400952;0;0;0;0;0;0;0;0;0;0;0;0;0;0;0;0;0;0;0;0;0;0;0;0;0;0;0;0;0;0;0;0,180663355773501;0;0;0;-0,193013955716664
"84";0;0;0;0;-0,178943444552018;0;0;0;0,166760808311039;0;0;0;0;0;0;0;0;0;0;0;0;0;0;0;0;0,177183537641923;0;0;0;0;0;0;0,162063719416924;0;0;0;0;0;0;0;0;0;0;0;0;0;0;0;0;0;0;0;0;0;0;0;0;0;0;0;0;-0,182401975032383;0,170760592534677;0;0;0;0;0,186240729541138;0;0;0;0;0;0;0;0;0;0;0;0,178262654651543;0;0;0;0;0;0;0;0;0;0;0;0;0;0;0;0;0;0;0;0,182949758725323;-0,172970944454943;0;0;0;0;0;0;0;0;-0,19444095808958;0;-0,215490309394684;0;-0,211954197832704;0;0;0,171698959394572;0;0;0;0;0;0;0;0;0;0;0;0;0;0;0;0;0;0;-0,196424363553282;0;0;0;0;-0,173037954313336;0,166550395670956;0;0;0;0;0;0;0;0;0;0;0;0;0;0;0;0;0;0;0;0;0
"85";0;0;0;0;0;0;0;0;0;0;0;0;0;0;0;0;0;0;0;0;0;-0,191097066897427;0;0;-0,18246542797891;0;0;-0,187511303847656;0;0;0;0;0;0;0,178194376569468;0;0;0;0;0,192162527704424;0;-0,176705887503759;0;0;0;0;0;0;0;0;0;0;0;0;0;0;0;0;0;0;0,176256946532247;0;0;0;0;0;0;0;0;0;0;0;-0,17290459154112;0;0;0;0;0;0;0;0;0;0;0;0;0;0;0,187452678260579;0,197882506092692;-0,188764483288466;0;0,202776339000164;0;0;0;0;0;0;0;-0,202147716404532;0;0;0;0;0;0,19928451871367;0;0;0;0;0,192068942967124;0;0,178756247366907;0;0;0,206809738776028;0;0;0;-0,21422496580171;0;0;0;0;0;0;0;0;0;0;-0,188214437314828;0;0;-0,219340546202154;0,207070964125126;0;0;0;0;0;0;0;0;0;0;0;0;0;0;0;0;0;0;0;0;0;0;0;0;0,180272529378665;0;0;0
"86";0;0;0;0;0;0;0;0;0;0;0;0;-0,185351219511578;0;0;0;0;0;0;0;0,180153742241178;0;0,187364028673573;-0,194176046313971;0;0;0;0;0;0;0;0;0;-0,20374420580571;0;0;0;0;0,205080302894756;0,211035563572067;0;0;0;0;0;0;0;0;0;0;0;0;0;-0,185074028008708;0;0;0;0;0;0;-0,193567832861454;0;0;0;0;0;0;0;0;0;0;0;0;0;0;0;-0,207981889355729;0;0;0;0,191573632468343;0;0;0;0,185187030754639;0;0;0;0;0;0;0;0;-0,176328320886402;0,178244008412253;0;0;0;0;0;0;0;0;0;0;0;0;0;0;0;0;0;0;0;0;0;0;0;0;0;-0,203996781873328;0;0;0;0;0;0;0;0;0;0;0,200030128494029;0;0;0;0,206043406137396;0;0;0;0;0;0;0,187938702040184;0;0;0,182694265839272;0;0;0;0;0;0;0;0;0;0;0;0;0;0;-0,178720562925409;0;0
"87";0;0;0;0;0;0;0;0;0,169559749542354;0,176528242070383;0;0;0;0;0;0;0;0,173755650244986;0;0;0;0;0;0;0;0;0;0;0;0;0;0;0;0;0,176495583432139;0;0;0;0;0;0;0;0;0;0;0;0;0;0;0;0;0;0;0;0;0;0;0;0;0;0;0;0;0;0;0;0;0;0;0;0;0;0;0;0;0;0;0;0;0;0;0;0;0;0;0,1834215740493;0,0219213487580419;0;0;0;0;0;0;0;0;0;0;0;0,165113416754607;0;0;0,166673562348191;0;0;0;0;0;0;0;0;0;0;0;0;-0,176940602150253;0;0;0;0;0;0;0;0;0;0;0;0;0;0;0;0;0;0;0;0;0;0;0;0;0;0;0;0;0;0;0;0;0;0;0;0;0;0;-0,184633528084316;0;0;0;0;0;0;0;0;0
"88";0;0;0;0;0;0;0;0;0;0;0;0;0;0;-0,200425872961523;0;0;0;0;0;0;0,226954029397996;0;0;0;0;0;0;0;-0,204922472211859;0;0;0;-0,220334344417336;0;0,204542354497639;0;0;0;0;0;0;0;0;0;0;0;0;0;0;0;0;0;0;0;0;0;0;0;0,208072422597455;0,209329346987581;0;0;0;0;0;0;-0,227063573183662;0;0;0;0;0;0;0;0;0;0;0;0;0;0;0;0;0;0;0;0;0;0;0;0;-0,169854522570649;0;0;0;0;0;0;-0,172726033818048;0;0;0;0;0;0;0;0;0;0;0,164114180107514;0;0;0;0;0;0;0;0;0;0;0;0;0;0;0;0;0;0;0;0;0;0;0;0;0;0;-0,163188174873184;0;0;0;0;0;0;-0,15834878127343;0;0;0;0;0;0;0,1720506242292;0;0;0;0;0;0;0;0;0;0;0
"89";0;0;0;0;0;0;0;0;0;0;0;0;0;0;0;0;0;0;0;0;0;-0,192527318953364;0;0;0;0;0;0;0;0;0;0;0;0;0;0;0;0;0;0;0;0;0;0;0;0;0;0,161404415869359;0,185877453383084;0;0;0;0;0;0;0;0;0;0;0;0;0;0;0,175379445953066;0;0;0;0;0;0;0,161980354686625;0;0;0;0;0;0;0;0;0;0;0;0;0;0;0;0;0,201765004318805;0,293123209616169;0;0;0;0;0;0;0;0;0;0;0;0;0,181267848341845;0;0,171952180125098;0;0;0;0;-0,173395128362009;-0,193789152778069;0;0;0;0;0;0;0;0;-0,180894947118038;-0,193230107425858;0;0;0;0;0;0;0;0;0;0;0;0;0;0;0;0,195765909466591;0;0;0;0;0;0;0;0;0;0;0;0;0;0;0;0;0;0;0;0;0;0;0;0;0;0;0
"90";0;0;0;0,172298161627287;0;0;0,185353240243691;0;0;0;0;0;0;0;0;0;0;0;0;0;0;0;0,179512139496831;0;0;0;0;0;0;0;0;0;0;0;0;0;0;0,198835265842276;0;0;0;0;0;0;-0,17656032585451;0;0;0;0;0;0;0;0;0;0;0;0;0;0;0,184342384123834;0;0;0;0;0;0,199548711165648;0;0;0;0;0;-0,184756730421784;0;0;0;0,18361656405353;0;0;0;0;0;0;0,174619504006887;0;0;0;0;0;0;0;0;0;0;0;0;0;0;0;0;0;0,164447679718609;0;0;0;0;0;0;0;0;0;0;0;0;0;0,183566929890761;0;0;0;0;0;0;0;0;0;0,173148306523104;0,163250669011891;0;0;0;0;0;0;0;0;0;0;0;0;0;0;0;-0,158343507984021;0;0;0;0;0;0;0;-0,18020660774615;0;0;0;0;0;0;0;-0,178220139172775;0;0;0;0;0
"91";0;0;-0,181827350625327;0;0;0;0;-0,18365990734183;0;0;0;0;0;0;0,169493924630618;0;0,194289369270655;0;0;0;0;0;0;0;0;0;0;0;0;0;0;0;0;0;0;0;0;0;0;0;0;0;0,176494096040298;0;0;0,181720714027117;0;0;0;0;0;0;0;0;0;0;0;0;0;0;0;0;0;0;0;0;0;0;0;0;0;0;0;0;0;0;-0,190205382225787;0;-0,168348000744794;0;0;0;0;0;0;0;0;0;0;0;0;0;0;0;0;0;0;0;0;-0,164687012616755;0;0;0;0;0;0;0;0;0;0;0;0;0;0;0;0;0;0;0;0;0;0;0;0;0;0;0;0;0;0;0;0;0;0;0;0;0;0;0;0,146157057485207;0;0;0;0;0;0;0;0;0;0;0;-0,164043037964983;0;0;0;0;0;0;0;0;0;0;0
"92";0;0;0;0;0;-0,195052926098476;0;0;0;0;0;0;0;0;0;0;0;0;0;0;0;0;0;0;0;0;0;0;0;0;0;0;0;0;0;0;0;0,199785709914625;0;0,203158156115668;0;0;0;0;0;0,191287136396766;0;0;0;0;0;0;0;0;0;0;0;0;0;0;0,18634245025725;0;0;0;0;0;0;0;0;0,209234505667206;0;0;0;0;0;0;0;0;0;0;0;0;0;0;0;0;0;0;0;0;0;0,78708716086112;0;0;0;0,179890744919379;0,175020152129785;0;0;0;0;0;0,181043046619807;0;0;0;0;0;0;0;0;0,220079369100294;0;-0,216467952866241;0;0;0;0;0;0;0;0,185065698795451;0;0;0;0;0;0;0;0;0;0;0;0;0;0;0;-0,176528289571319;0;0;0;0;-0,182980346151482;0;0;0;0;0;0;-0,193583218335414;0;-0,1861152159981;0;0;0;0;0;0;0;0;0;0;0
"93";0;0;0;0;0;0;0;0;0;0;0;0;0;0;-0,174608816248911;0;0;0;0;0;-0,169727651880685;0;0;0;0;0;0,167841729416687;0;0;0;0;0;0;0;0;0;0,192889136770561;0,195521770950784;0;0;0;0;0;0;0;0;0;0;0;-0,171779677824436;0;0;0;0;0;0;0,187728739767245;0;0;0;0;0;0;0;0;0;0;0;0;0;0;0;0;0;0;0;0;0;0;0;0;0;0;0;0;0;0,17280636350018;0;-0,175775452759666;0;0;0;0;0,168298858172263;0;0;0;0;0;0;0;0;0,177481350749082;0;0;0;0;0;0;0;0;0;0;0,212209335767917;0;0;0;0;0;0;0;0;0;0;0;0;0;0;0;0;0;0;0;0;0;0;0;0;0;0;0;-0,166750879192843;0;0;-0,167923403936536;0;0;0;0;0;0;0;0;0;0,170560367105796;0;0;0;0,178182658255972;0;-0,170582164686001;0;0
"94";0;0;0;0;0;0;0;0;0;0;0;0;0;0;0;0;0;0;0;0;0;0;0;0;0;0;0;-0,186252277510348;0;0;0;0;0;0;0;0;0,185176404445118;0;0,185486003046043;0;0;0;0;0;0;0;0;0;0;0;0;0;-0,16859392293106;0;0;0;0;0;0;0;0,175073486478031;0;0;0;0;0;0;0;0;0;0;0;0;0;0;0;0;0;0;0;0;0;0;0;0;0;0;0;0;0;0;0,177077475049137;0;0;0;0;0;0;0;0;0;0;0,16582892138171;0;0;0;0;0;-0,162751572760899;0,181893745784978;0;0;0;0;0;0;0;0;0;0;0;0;0;0;0;0;0,175695768891696;0;0;0;0;0;0;0;0;0;0;0;0;0;0;0;0;0;0;0;0;0;0;0;0;0;0;0;0;0;0;0,175360671284267;0;0;0;0;0
"95";0;-0,17031038969291;0;0;0;0;0;0;0;0;0;0;0;0;0;0;0;0;0;0;0;0;0;0;0;0;0;0;0;0;0;0;0;0;0;0;0;0,196784170736434;0;0;-0,169593569030154;0;0;0,190607698133135;0;-0,188413278029098;0;0;0;0;0;-0,187218436232684;0;0;0;0,178931344263759;0;0;0;0;0;0;0;0;0;0;0;0;0;0;0;0;0;0;0;0,181722458225339;0;0,180312655604177;0;0;0;-0,193465940361744;0;0;0;-0,192842106940127;0,173922099692528;0;0;0;0;0;0;0;0;0;0;0;0;0;-0,163567132175936;0;0;0;0;0;0;0;0;0;0;0;0;0;0;0;0;0;0;-0,183339467712289;0;0;0;0;0;0;-0,177604584169461;0;0;0;0;0;0;0;0;0;0;0;0;0;0;0;0;-0,185813787060197;0;0;0;0;0;0;0;0;0;0;0;0;0;0;0;0;0;0;0
"96";0;0;0;0;0;0,193416321952009;0;0;0;0;0,184097433289606;0;0;0,193347335900513;0;0;0;0;0;0;0;-0,200336568906962;0;0;0;0;0;0;0;0;0,19636274075423;0;0;0;0;0;0;-0,198109395040547;0;0;0;0;0;0;0;0;0;0;0;0;0;0;0;0;0;0;0;0;0;0,183669421238755;0;0;0;0;0;0;0;0;0;0;0;0;0;0;0;0;0,198538521642143;0;0;0;0;0;0;0;0;0;0;0;0;0;0;0,186894014421294;0;0;0;0;0;0,176824974319197;0;0;0;0;0;0;0;0;0;0;0;0;0;0;-0,158581591207246;0;0;0;0;0;0;0;0;0;0;0;0;0;0;0;0;-0,181239390541459;0;0;0;0;0;0;0;0;0;0;0;0;0;0;0;0;0;0;-0,174937421023659;0;0;0;0;0;0;0;0;0;-0,174450215786318;0;0;0;0
"97";0;0;0;0;0;0;0;0;0;0,193440311731463;0,190596165034327;0;0;0;0;0;0;0;0;0;0;-0,207408550285085;0;0;0,198040140064351;0;0;0;0;0;0;0;0;0;-0,193404524272818;0;0;0;-0,202679413661462;0;0;0;0;0;0;0;0;0;-0,200244689150881;0;0;-0,195132652761681;0;0;0;0;0;0;0;0;0;0;-0,190260754647827;0;0;0;0;0;0;0;0,174500485036904;0;0;0;0;0;0;0;0;0,198619521612634;0;0;0;0;0;0;0;0;0;0;0;0;0,189361863193128;0;0;0;0,940808984683827;0;0;0;0;0;0,169058900191051;0;0;0;0;-0,174557045813566;-0,165921611658967;0;0;0;0;-0,202138854385426;0;0;0;0;0;0;0;0;0;0,163515723990641;0;0;0;0;0;0;0;0;0;0;0;0;0;0;0;0;-0,16502477520027;0;0;0;0;0;0;0;0;0;0;0;0;0,192145711724485;0;0;0;0;0;0;0;0;0
"98";0;0,168158391078081;0;0;0;0;0;0;0;0;0;0;0;0;0;0;0;0;0;0,184756324841104;0;0;0,175415501936211;0;0;0;0;0,192795171920954;0;0;0;0;0;0;0;0;0,191681504290422;0;0;0;0;0;0,180681902116672;0;0;0;0;0;0;0;0;0;0;0;0;0;0;0;0;0;0;0;0;-0,178981874459133;0;0;0;0;0;0;0;0;0;0,197351056713633;0;0;0;0;0;0;0;0;0;0;0;0;0;0;0;0;0;0,183298065944616;0;0;0;0;0;0,0540820509195328;0;0;0;0;0;0;0;0;0;0;0;0;0;0;0;0;0;0;0;0;0,182209533200233;0;0;0;0;0;0;0;0;0;0;0;0;0;0;0;0;0;0;0;0;0;-0,173711169171207;0;0;0;0;0;0;0;0;0;0;0;0;0;0;0;0,172065032108694;0;0;0;0;0;0
"99";0;0;0;0;0;0;0;0;0;0;0;0;0;0;0;0;0;0;0;0;0;0;0;0;0;0;0;0,178762499386369;0;0;0;0;0;0,176867193961015;0;0;0;0,180155624738057;0;0;0;0;0;0;0;0;0;0;0;0;0;0;0;0;0;0;0,172975051471732;0;0;0;0;0;0;0;0;0;0;0;0;0;0;0;0;0;0;0;0,180545861510959;0;0;0;0;0;0;0;0;0;0;0;0;0;0;0;0;-0,159678603430384;0;0;0;0,165287985800593;0;0;0;-0,182366511727334;0,177744546520145;0;0;0;0,170407417924171;0;0;0;0;0;0;0;0;0;0;0;0;0;0;0;0;0;0;0;0;0;0;0;0;0;0;0;0;0;0;-0,173312045746353;0;0;0;0;-0,179646549569478;0;0;0;0;0;0;0;0;0;0;0;-0,170813299411887;0;0;-0,187961199621769;0;0;0;-0,167294896642413;0
"100";-0,183866413327883;0;0;0;0;0;0;0,199006016648755;0;0;0;0,186181482979479;0;0;0;0;0;0,190912850824889;0;0;0;0;0;0;0;0;0;0;0;-0,187776735524249;-0,203839783513761;0;0;0;0;0;0;-0,205652946388901;0;-0,209124433404058;0;0;0;-0,199198109171022;0;0;0;0;-0,20078184765965;0;0;0;0;0;0;0;0;0;0;0;0;0;0;0,189442068196459;0;0;0;0,208065304252327;0;0;0;0;0;0;0;0;0;0;0;0;0;0;0;0;0;0;0;0;0;0;0;0;0;0;0;0;0;0;0;0,790073621086776;0;0;0;0;0;0;0,173031679124411;0;0;0;0;0;0;0;0;0;0;0;0;0;-0,197999046904253;0;0;0;0;0;0;0;-0,184329152172553;0;0,173427947609765;0;0;0;0;0;0;0;0;0;0;0;0;0;0;0;0,180001603029133;0;0;0;0;0;-0,193756565662354;0;0;0;0;0;0;0;0;0;0,193581904462518
"101";0;0;0;0;0,202556679965797;0;-0,194243940463203;0;0;0;0;0;0;0;0;0;0;0;0;0;0,180883183186467;0;0,188122664006309;0;0;0;0;0;0;0;0;0;0;0;-0,196487915077242;0;0;0;0;0;0,179580811713295;0;0;0;0;0;0;0;0;0;-0,175994445429026;0;0;0;0;0;0;0;0;0;0;0;0;0;0;0,209120314919816;0;0;-0,198776890173928;0;0;0;0;0;-0,212625556944231;0;-0,208824006228169;0;0;0;0;0;0;0;0;0;0;0;0;0;0;0;0;-0,184688396611228;-0,193622922964418;0;-0,201807874020269;0,191176353129366;0;0;0;0;0;0;0;0;0;0;0;0;0;0;0;0,204026456782421;0;0;0;0;0;0;0;0;0;0;0;0;0;0;0;0;0;0;-0,155174094972639;0;0;0;0;0;0;0;0;0;0;0;0;0;0;0;0;0;0;0;0;0;0;0;0;0;0;0;0;0;0
"102";0;0;0;0;0;0;0;-0,18334683920428;0;0;0;0;0;0;0;0;0;-0,17589049995409;0;0;0;0;0;0;0;0;0;0;0;0;0;0;0;0;0;0;0;0;0;0,192669068557328;0;0;0;0;0;0;0;0;0;0;0;0;0;0,168966974035226;0;0;0;0;0;0;0;0;0;0;0;0;0;0;0;0;0;0;0;-0,192448287544878;0;0;-0,189881156619735;0;0;0;0;0;0;0;0;0;0,167458333691371;0;-0,170335535259089;0;0;0;0;0;0;0;0;0;0;0;0;0;0;0;0;0;0;0,185259284342024;0;-0,196805906707215;0;0;0;0;0;0;0;0;0;0;0;0;0;0;-0,184337643455222;0;0;0;0;-0,187143362583083;0;0;0;0;0;-0,198813435956645;0;0;0;0;0;0;0,181344017759661;0;0;0;0;0;0;0;0;0;0;-0,203926326076151;0;0;0;0;0;0;0;0;0
"103";0,173801238356312;0;0;0;0;0;0;0;0;0;0;0;0;0,189722360195057;0;0;0;0;0;0;0;0;0;0;0;-0,187110789972337;0;0;0;0;0,192681230681306;0;0;0;0;0;0;0;0;0;0;0;0;0;0;0;0;0;0;0;0;0;0;0;0;0;0,186647011516557;0;0;0;0;0;0;0;0;0;0;0;0;0;0;0;0;0;-0,198362763911757;-0,179516280065801;0,194816218905475;0;0;0;0;0;0;0;0;0;0;0;0;0;0;0;0;0;0;0;0;0;-0,165370912888979;0;0;0;0;0;0;0;0;0;0;0;0;0;0;0;0;0;0;0;0;0;0;0;0;0;0;0;0;0;0,178604520262359;0;0;0;0;0;0;0;0;0;0;0;0;0;0;0;0;0;0;0;0;0;0;0;0;0;0;0;0;0;0;0;0;0;-0,187569913768367
"104";0;0;0;0;0;0;0;0,184110967937468;0;0,179441907646523;0;0;0;0,185687004828685;0;0;0;0;0,168129090889448;0;0;0;0;0;0;0;0;0;0;0;0;0;-0,167503643425588;0;0;0,173399924178236;0;0;0;-0,193472049246389;0;0;0;0;0;0;0;0;0;0;0;0;0;0;0;0;0;0;0;0;0;0,188524584625551;0;0;0;0;0;0,192492192975811;0;0;0;0;0;0;0;0;0;0;0;0;0;0;0;0;0;0;0;-0,201630871885732;0;0;0;-0,179489360929989;0;0;0;0;0;0,174558841836573;0;0;0;0;0;0;0;0;0;0;0;0;0;0;0,155332207240811;0;0;0,179709597153486;0;0;0;0;0;0;0;0;0;0;0;0;0;0;0;0;0,154779000964325;0;0;0;0;0;0;0;0;0;0;0;-0,161037139896925;0;0;0;0;0,181992462428764;0;0;0;0;0,163565965521206;0;0;0;0;0;0;0,160196842929095;0
"105";0;0;0;0;0;0;0;0;0;-0,180785354590261;0;0;0;0;0;0;0;0;0;0;0;0;0;0;0;0;0;0;0;0;0;0;0;0,188185959585929;0;0;-0,189103865111943;0;0;0;0;0;0;0;0;0;0;0;0;-0,168408659855867;0;0;0;0;0;0;0;0;0;0;0;-0,189936031819556;0;0;0;0;0;0;0;0;-0,163084580360703;0;0;0;0;0;0;0;0;0;0;0;0;0;0;0;0;0;0;0;0;0;0;0;0;0;0,185645811029856;0;0;0,186143807892768;0;0;-0,175953964286181;0;0;0;0;0;0;0;0;0;0;0;0;-0,186682645225311;0;0;0;0,193376209098527;0;0;0;0;0;0;0;0;0;0;0;0;0;0;0;0;0;0;0;0;0;0;0,178699285346787;0;0;0;0;0;0,178001694829893;0;0;0;0;0;0,169912612325604;0;0;0;0;0;-0,16993432712288;0;0
"106";0;0;0;0;0,184979124341764;0;0;0;0;0,179470200406361;0;0;0;0;0;0;0;0;0;0;0;0;0;0;0;-0,183159856583913;0;0;0;0;0;0;0;0;0;0;0;0,190290391931314;0,188042061463189;0;0;0;0;0;0;0;0;0;0;-0,167183542068442;0;-0,181040321862073;0;0;0;0;0;0;0;0;0;0;0;0;0;0;0;0,192522543385356;0;0;0;0;-0,17411032466775;0;0;0;0;0;0;-0,184275371712178;0;0;0;0;0;0;0;-0,201662663198637;0;0;0;0;0;0;0;0;0,184295298618866;0;0;0;0;0;0;0;0;0;0;0;0,174623646047477;0;0;0;0;0;0;0;0;-0,175221031422521;0;0;0;0;0;0;0,182798036634957;0;0;0;-0,181718334636515;0;0;0;0;0;0;0;0,211898969351523;0;0;0;0;0;0;-0,197225435719578;0;0;0;0;0;0;0;0;0;0;0;0;0;0;0;0;0;0;0
"107";0;0;0;0,168290075704925;0;0;0;0;0;0;0;0;0;0;-0,173437227416324;0;-0,198809541971522;0;0;0;0;0;0;-0,181710960168731;0;0;0;0;0;0;0;0;0;0;0;0;0;0;0;0,19748818463645;0;0;0;0;0;-0,185948474989082;0;0;0;0;0;0;0;0;0;0;0;0;0;0;0;0;0;0;0;0;0;0;0;0;0;0;0;0;0;0,179345183798832;0;0;0;-0,188070947137474;0;0;0;0;0;0;0;0;0;0;0;0;0;0;0,180462652722836;0;0;0;0;0;0,191089967887516;0;0;0;0;0;0;0;0;-0,183899917131415;0;0;0;0;0;0;0;0;-0,171663714442245;0;-0,183930491544444;0;0;0;0;0;0,177633580528483;0;0;0;0;0;0;0;0;0;0;0;0;0;0;0;0;0;0;0;0;-0,168773008861875;0;0;0;0;0;0;0;0;0;-0,177294787009381;0;0;0;0;0
"108";0;0;0;0;0;0;0;0,188219588946354;0;0;0;0;0;0;0;0;0;0;0;0;0;0;0;0,181988270022946;0;0;0;0;0;0;0;0;0;-0,1909558683764;0;0;0;0;0;0,197789572178732;0;0;0;0,188401269762791;0;0;0;-0,164896621952746;0;0;0;0;0;0;0;0;0,18675369027745;0;0,183568522019758;0;0;0;0;0;0;0;0;0;0,18554904792168;0;0;0;0;0;0;0;0;0;-0,172527537222104;0;0;0;0;0;0;0;0;0,206130467132828;0;0;0;0;0;0;0;0;0;0;0;0;0;0;0;0;0;0;0;0;-0,17721321063049;-0,198056302236277;0,177060245393254;0;0;0;0;0;0;0,177819454874563;0;0;0;0,184576011790928;0;0;0;0;0;0;0;0;0,17350693944945;0;0;0;0;0;0,215041304760443;0;0;0;0;0;0;0;0;0;0;0;0;0;0;0;0;0;0;0,178140889023662;0;-0,190942717476885;0;0;0;0;0,193670075896097
"109";0;0;0;0;0;0,196321703679194;0;0;0;0,189651268891002;0;0;0;0;0;0;0;0;0;0;0;0,203345902352636;0;0;0;0;0;0;0;0;0;0;0;0;0;0;0;-0,201085273242168;0;0;0;0;0;0,194773801763241;0,178558271430297;0;0,199707654567244;0;0;0;0;0;0;0;0;0;-0,193070494134417;0;0;0;0;0;0;0;0;0;0;0,203444051215656;0;0;0;0;0;0;0;0;0;0;0;0;0;0;0;0;0;0,19705704794004;0;0;0;0;0;0;0;0;0;0;0;0;0;0;0;0;0;0;0;0;0;0;0;0;0;0;0;0;0;0;0;0;0;0;0;0;0;0;0;0;0;0;0;0;0;0;0;0,192197799162199;0;0;0;0;0;0;0,16753589126416;0;0;0;0;0;0;0;0;0,183519664367127;0;0;0;0,195069516242524;0;0;0;0;0;0;0;0;0
"110";0;0;0;0;0;0;0;0;0;0;0;0;0;0;0;0;0;0;0;0;0;-0,204302081127251;0;0;0;0;0;0;0;0;0;-0,191328835109467;0;0;0;0;0;0;0;0;0;0;0;0;0;-0,193436744926742;0;0;0;0;0;0;0;0;0;0;0;-0,173418770317671;0;0;0;0;0;0;0;0;0;0;0;0,211585799573424;0;0;0;0;0;0;0;0;0,179201856284465;0;0;0;0;0;0;0;0;0,214104733318213;0;0;0;0;-0,186525688952139;0;0;0;0;0;0;0,1961907225149;0;0;0;0;-0,182865294096236;0;0;0;0;0;0;0;0;0;0;0;0;0;-0,196401040846365;0;0;0;0;0,185528573195852;0;0;0;0;0;0;0;0;0;0;0;0,212546723908131;0;0,187034527245832;0,182531869933343;0;0;0;0;0;0,181487963012303;0;0;0;0;0;0;-0,197192028099253;0;0;0,184337935457527;0;0;0;0;0;0;0;0
"111";0;0;0;-0,170327055005091;0;0;0;0;-0,178065779501182;0;0;0;-0,175552107946574;0;0;0;0;0;0;0,186908116481546;0;0;0;0;0;0;0;0;0;0;0;0;0;0;0;0;0;0;0,194238158056723;0;0;0;0;0;0;0;0;0;0;0;0;0;0;0;0;0;0;0;0;0;0;0;0,182336715237414;0;0;0;0;-0,198866274495121;0;0;0;0;0;0;0;-0,181515973879307;0;0;0;0;0;0;0;0;0;0;0;0;-0,176709342541342;0;0;0;0;0;0;0,183876987281544;0;0;0;0;0;0;0;0;0;0;0;0;0;0;0;0;0;0;0;0;0;0;0;0;0;0;0,1667293935163;0;0;0;0;0;0;0;0;0,18446904694989;0;0;0;0;0;0;0;0;0;0;0;0;0;0;0;0,172623798147458;0;-0,183361255584297;0;0;0,184096162062181;0,194901137966868;0;0;0;0;0;0;0;0;0,183930209200449
"112";0;0;0;0;0;0;0;0;0;0;0;0;0;0;0;0;0;0;0;0;0;0;0;-0,177989042632073;0;0;0;0;0;0;0;0;-0,167478586865425;0;0;0;0;0;0;0;0;0;-0,17690109145478;0;0;0;0;-0,16127298683004;0;0;0;0;0;0;0;0;0;0;-0,179534568285977;0;0;0;0;0;0;0;-0,165941582637409;-0,192463398424745;0;0;0;0;0;0;0;0;0;0;0;0;0;0,187024188028329;0;0;0;0;0;0;0;0;0;0;0;0;0;0;0;0;0;0;0;0;0;0;0;0;0;0;0;0;0;0;0;0;0;0;0;0;0;0;0;0;0;0,20561310761033;0;0,205920426643984;0,22523212887552;-0,217907081932473;0;0;0;0;0;0;0;0,23555612842994;0;0;0;0;0;0;0;0;0;0;0;0,21399728570236;0;0;-0,209504284153498;0;0;0,24161393129343;0;0;0;0;0;0;0;0;0
"113";0;0;0;0;0;0;0;0;0;0;0;0;0;0;0;0;0;0;0;-0,167046345113308;0;0;0;0;0;0;0;0;0;0;0;0;0;0;0;0;0;0;0;0;0;0;0;0;0;0;0;0;0;0;0;0;0;0;0;0;0;0;0;0;0;0;0;0;0;0;0,153241725143727;0,177733770721454;0;0;0;0;0;0;0;0;0;0;0;0;0;0;0;0;0;0;0;0;0;0;0;0,165727868903648;0;0;0;0;0;0;0;0;0;0;0;0;0;0;0;0,161348404195413;0;0;0;0;-0,766412959666923;0;0;0;0;0;0;0;0;0;0;0;0;0;0;0;0;0;0;0;0;0;0;0;0;0;0;0;0;0;0;0;0,151002557969395;0;0;0;0;0;0;0;-0,171336076392727;0;0;0;0;0;0;0;0;0;0
"114";0;0;0;0;-0,178330745185597;0;0;0;0;0;0;0;0;0;0;0;0;0,170302331059613;0;0;0;0;0;0;0;0;0;0;0;0;0;0;0;0;0;0;0;0;0;0,186547832355709;0;0;0;0;0;0;0;0;0;0;0;0;-0,164774226643315;0;0;0;0;0;0;0;0,171106987954498;0;0;0;0;0;0;0;0;0;0;0;0;0;0;0;0;0;0;0;0;0;0;0;0;0;0;0;0;0;0;0;0;0;0;0;0;0;0;-0,17814810268804;0;0;0;0;0;0;0;0;0;0;0;0;0;0;-0,227747271059859;0;0,202526097252297;0;0;0,228689599726422;0;0,213740920033086;0;0;0;0;-0,221536157872075;0;0;-0,218090818773459;0;0;0;0;0;0;0;0;0;0;0;0;0;0;0;0;0;0,210485674074301;0;0;0;0;0;0;0;0;0;0,221113630699506;0,209921200255535;0;0;0;0
"115";0;0;0;0;0;0,206058140024478;0;0;0;0;0;0;-0,188500005565991;0;0;0;0;0;0;0;0;0;0;0;0,203790274995607;0;0;0;0;0,19271191868757;0;0;0;0;0;0;0;0;0;0;0;0;0;0;0;0;0;0;0;0;0;0;0;0;0;0;-0,202645689036779;0;0;0;0;-0,209132403603339;0,195785013573275;0;0;0;0;0;0;-0,22103986814819;0;0;0;0;-0,21536567151825;0;0;0;0;0;0;0;0;0;0;0;0;0;0;0;0;0;0;0;0;0,197438888837365;0;0;0;0;0;0;0;0;0;0;0;0;0;0;0;0;0;0;0;0;0;0;0;0;-0,208963825242331;0;0;0;0;0;0;0;0;0,198671335737687;0;0;0;0;0;-0,211060282015454;0,22684652555734;0;0;0;0;0;0;0,211137906812086;0;0;-0,189969720091169;0;0;0;0;0;0;0;0;0;0;0;0;0;0;0;0
"116";0,191641964930641;0;0;0;-0,208367031860115;0;0;0;0;0;0;0;0;0;0;0;0;0;0;0,203823802618586;0;0;0;0;0;-0,206317744275848;0;0;0;0;0;0,202995281519102;0;0;0,202124184045378;0;-0,211463684015826;0;0;0;0;0,200435805075969;0;0;0;0;0;0;0;0;0;0;0;0;0;0;0;0;-0,202296238785371;0;0;0;0;0,197453409421504;0;0;0;0;0;0,224487432462952;0;0;0;0;0;0;0;0;0;0;0;0;0;0;0;0;0;0;0;0;0,19210211059581;0;0;0;0;0;0;0;0;-0,208153626846482;0;-0,191774651811505;0;0;0;0;0;0;-0,20353041211294;0;0;0;0;0;0;0;0;0;0;0;0;0;0;0;0;0;0;0;0;0;0;0;0;0;0;0;0;0;0;0;0;0;0;0;0;0;0;0;0;0;0,181969730166708;0;0;0;0;0;0;0;0;0;0;0;0
"117";0;0;0;0;0;0,206328279026731;0,197005102832201;0,204504080509256;0;0;0;0;0;-0,206254687650687;0;0;0;0;0;0;0;0;0;0;0;-0,203415546286373;0;0,209700419524498;0;0;0;0;0;0;0;0;0;0;0;0;0;0;0;0;0;0;0;0,179163243530089;0;0,185672407558163;0;0;0;0;0;0;0;0;0;0;0;0;0;0;0;0;-0,184349733741626;0;0;0;0;0;0,193365224601835;0;0;0;0,211792423087742;0;0;0;0;0;0;0;0;0;0;0;0;0,198422090594366;0;0;0;0;0;0;0;0;0;-0,205225604152865;0;0;0;0;0;0;0;0,194102065381755;0;0;0;0;0;0;0;0;0;0;0;0;0;0,173146339751601;0;0;-0,174021387209885;0;0;0,173624602041786;0;0;0;0;0;0;0;0;0;0;0;0;0;0;0;0;0;0;0;0;0;0;0;0;0;0;0,162777595862388;-0,167109705076309;0,16377409947404;0;0;0;0;0;0
"118";0;0;0;0;0;0;0;0;0;0;0;0;0;0;0;0;0;0;0;0;0;0;0;0;0;0;0;0;0;0;0;0;0;0;0;0;0;0;-0,187780288685515;0;0;0;0;0;0;0;0;0;0;0;0;0;0;0;0;0;0;0,163113659323685;0;0;0;0;0;0;0;0;0;0,192254533342525;-0,181274635213839;0;0;0;0;0;0,193903930373794;0;0;0;0;0;0;0;0;0;0;0;0,167948631048223;0;0;0;0;0;0;0;0;0;0;0;0;0;0;0;0;0;0;0;0;0;0;0;0;0,170695149099247;0,157631491190427;0;0;-0,192336144350107;0;0;0;0;0,18893378241627;0;0;0;0;0;0;0;0;0;0;0;0;0;0;0;0,205102352293919;0;0,163881266298005;0;0;0;0;-0,190899469318196;0;-0,169204231330525;0;0;0;0;0;0;0;0;0;0;0;0;0;0;0;0;0
"119";0;0;0;0;0;0;0;0;0;0;0;0;0;0;0;0;0;0;0;0;0;0;0;0;0;0;0;0,195123937388846;0;0;0;0;0;0;0;0;0;0;0;0;0;0;0;0;0;0;0;0;0;0;0;0;-0,17662447139908;0;0;0;0;0;0;0;0;0;0;0;0;0;0;0;0;0;0;0;0;0;0;0;0;0;0;0;0;0;0;0;-0,175471553084708;0;0;0,208396584332059;0;0;0;0;0;0,174293366478094;0;0;0;0;0;0;0;0;0;0;0;0;0;0,18060984016377;0;0;0,182517397055597;0;0;0;0;0;0;0;0;0;0;0;0;0;0;0;0;0;0;0;0;0,192614102139644;0;0;0;0;0,213244090710764;0;0;0;0;0;0;0;0;0;0;0;0;0;0;0;0;0;0;0;0,173125994579981;0;0;0;0;-0,168528246684938;0
"120";-0,172306638314532;0,166795958274385;0;0;-0,187344263603159;0;0;0;0;0;0;0;0;0;0;0;0;0;0;0;0;0;0;0;-0,186087100787619;0;0;0;0;0;0;0;0;0;0;0;0;0;0;0;0;0;0;0;0;0;0,191403108501002;0;0;0;0;0;0;0,171867678621334;0;-0,175239015573927;0;0;0;0;0;0;0;0;0;0;0;0;0;0;0;0;0;0;-0,196656947554901;0;0,193140900986747;0;0;0;0;0;0;0;0;-0,188862723411811;0;0;0;0;0;0;0;0;0;0;0,186651694498699;0;0;0;0;0;0;0;0;0;0;0;-0,182995624776882;0;0;0;-0,159869518045759;0,16694784077584;0;0;0;0;0;0;0;0;0;0;0;0,185269857851037;0;0;0;0;0;0;-0,173931862694879;0,21418364939059;0;0;-0,227785127293152;0;0;0;0;0;0;-0,212011512459526;0;0,187916944594234;0;0;0;0;0;0;0;0;0;0,18869791144345;0;0;-0,192020396498073;-0,17603415736737;0;0;0
"121";0;0;0;0;0;0;0;0;0;0;0;0;0;0;0;0;0;0,174271102829062;0;-0,178507680017033;0;0;0;0;0;0;0;0;0;0;0;0;0;0;0;0;-0,185198642928655;0;0;0;0;0;0;0;0;0,179740728370166;0;0;0;0;0;0;0;0;0;0;0;0;0;0;0;0;0;0;0;0;0;0;0;0;0;0;0;0;0;0;-0,188132949643194;0;0;0;0;0;0;0;0;0;0;0;0;0;0;0,177098740903852;0;0;0;0;0;0;0;0;0;0;0;0;0;0;0;0;0;-0,179088905905357;0;0,168629857346962;0;0;0;0;0;-0,168446856894368;0;0;0,0382619732990861;0;0,18653140994404;0;0;0;0;0;0,195939562839769;0,200103788418856;0;0;0;-0,214839028943446;0;0;0;0;0;0;0;0;0;0;0;0;0;0;0;0,20513859501267;0;0;0;0;0;-0,189275307305265;-0,185497263563699;0;0;0;0;0;0
"122";0;0;0;0;0;0,188189687503916;-0,179686124042482;0;0;0;0;0;0;0;0;0;0;0;0;0;0;0;-0,174023613087911;0;0;0;0;0;0;-0,176000791581376;0;0;0;0;0;0;0;0;0,190478479436872;0;0;0;0,179248225378471;0;0;0;0;0;-0,188190320939444;0;0;0;0;0;-0,17314390460118;0;0;0;0;0;0;0;0;0;0;0;0;0;0;0;0;0;0;0;-0,196690110942845;0;0;0;0;0;0;0;0;0;0;0;0;0;0;0;0;0;0;0;0;0;0;0;0;0;-0,189659404906192;0;0;0;0;0;0;0;0;0;0;0;0;0;0;0;0;0;0,178984585777288;0;0;0,70594896026887;0;0;0,183657770096357;-0,173159382494229;0;0;0;0;0;0;0;0;0;0;0;0;0;0;0;0;-0,180675185479105;0;0;0;0;0;0;0;0;0;0,191910585597484;0;0;0;0;0;0;0;0;0;0
"123";0;0;0;0;0;0;0;0;0,220269158060849;-0,229321683711808;0;0;0,217159721095891;0;0;0;0;0,225719906352058;0;0;0,211070294128987;0;0;0;0;0;0;0;0;0;0,241003665529841;0;0;0,238709165357869;0;0;0;0;0;0;0;0;0;0;0,215908302035139;-0,232804290078773;-0,241481619729196;0;0;0;0;0;0;0,216834960192714;0;0;0,233456127390435;0;0;0;0;0;0,225552348471647;0;0;0,24401984529966;0;0;0;0,254646974539897;0;0;0;0;0;0;0;0;0;0;0;0;0;0;0;0;0;0;0;-0,228291083083562;-0,217910734374963;0;0;0;0;0;0,235487050684494;0;0;0;0;0;0,223193186402325;0;0;0;0;0;0;-0,231960034758605;0;0,218413236564253;0;0;0;0;0;0;0;0;0;0;0;0;0;0;0;0;0;0;0;0;0;0;0;0;0;0;0;0;0;0;0;0;0;0;0;0;0;0;0;0,17479230748399;0;0;0;0;-0,16439865925296;0;0;0;0;0;0
"124";0;0;0;0;0;0;0;0;0;0;0;0;0;0;0;0;0;0;0;0,186345197285178;0;-0,198171688972941;0;0;0;0;0;0;0;0;0;0;0;0;0,184791326960588;0;-0,193329932080202;0;0;0;0;0;0;0;0;0;0;0;-0,191326867683841;0;-0,165517798363007;0;0;0;0;0,178189748471891;0;0;0;0;0;0,19418069593406;0;0;0;0;0,170945730568719;0;0;0;0;0;0;0,199048241673828;0;0;0;0;0;0;0;0;0,17210194840958;0;0;0;0;0;0;0;0;-0,184874397614355;0;0;0;0;0;0;0;0;0;0;0;0;0;0;0;0;0;0;0;0;0;0;0;0;0;0;0;0;0,173715073110173;0;0;0;0;0;0;-0,173378541078407;0;0;0;0;0;0;0;0;0;0;0;0,154922798258132;0;0;0;0,187489998046625;0;0;0;0;0;-0,180858602357292;0;0;-0,181583478275216;0;0;0;0;0;0;0;0;0;0
"125";0;0;0;0;0;0;0;0,204028570664229;0;0;0;0;0;0;0;0;0;0;-0,186317732645354;0;0;0;0;0;0;0;0;0;0;0;0;0;0;0,206994676286792;0;0;0;0;0;0;0;0;0;0;0;0;0;0;0;0;0;0;0;0;0;0;0;0;-0,198986850286403;0;0;0;0,195585851459118;0;0;0;0;0,213316498396863;0;0;0;0;0,19291561465882;-0,21415667270278;0;0;0;0;0;0;0;0;0;0;0;0,206619555596804;0;0;0;0;0;0;0,194661801458045;0;0;0;0;0;0;0;0;0;0;0;0;0;0;0;0;0,201142223568785;0;0;0;0;0;0;0;0;-0,195779662163706;0;0;0;0;0;0;0;0;0;0;0;0;0;0;-0,201194861793561;0;0;0;0;0;0;0;0;0;0;0;0;0,179187696520438;0;0;0;0;0;0;0;0;0;0;0;0;0;0;0;0
"126";0;0;0;0;0;-0,183414744255787;0;0;0;0;0;0;0;0;0;0;0;0;-0,166012454326531;0;0;0;0;0;0;0;0;0;0;0;0;0;0;0;0;0;0;0;0;0;0;0;0;0;0;0;0;0;0;0;0;0,178732960268511;0;0;0;0;0;0;0;0;0;0;0;0;0;0;0,163876999446413;0;0;0;0;0;0;0;0;0;0;0;0;0;0;0;0;0;0;0;0;0;0;0;0;0;0;0;0;0;0;0;0;0;0;0;0;0;0;0;0;0;0;0;0;0;0;0;0;-0,190149523900684;0;0,168571423809818;0;0;0;0,170993604859015;0;0;0;0,825022742385045;0,179474591441519;-0,173637680810887;0;-0,176683395489395;0;0;0;0;0;0;0;0;0;0;0;0;0;0;0;0;0;0;0;0;0;0;0;0;0;0;0;0;0;0;0;0;0
"127";0;0;0;0;0;0,206720149046016;0;0;0;0;0;0;0;0;0;0;0;0;0;0,201338354009599;0;0;0;0;0;0;0;0;0;0;0;0;0;0;0;0;0;0,211736027533186;0;0;-0,18247945689552;0,197991670060739;0,19689824855945;0;0;0;0;0;0;0;0;0;0;0;0;0;0;0;0;0,196302823621534;0;0;-0,196414017820582;0,195045642048501;0;0;0;0;0;0;0;0;0;0;0;0;0,212194670910054;0;0;0;0;0;0;0;0;0;0;0;0;-0,198798944745598;0;0;0;0;0;0;0;0;0;0;0;0;0;-0,190225638680698;0;0;0;0;0;0;0;0;0;0,183417608344927;0;0;0;0;0;0;0;0;0;0,19593278498338;0;0;-0,604395888978615;0;0;0;0;0;0;0;0;0;0;0;0;0;0;0;0;0,205379763448439;0;0;0;0;-0,186533472860754;0;0;0;0;0;0;0;0;0;0;0,170527784927989;0;0;0
"128";0;0;0;0;0;0;0;0;0;0;0;0;0;0;0;0;0;0;0,173109380572956;0;0;0;0;0;0;0;0;0,19438140651121;0;0;0,19416911069602;0;0;0;0;0;0;0;0;0;0;0;0;0;0,173950561730605;0;0;0;0;0;0;0;0;0;0;0;0,188088295430198;0;0;0;-0,182714708240441;0;0;0;0;0,196599152340066;0;0;0;-0,205161097774762;0;0;0;0;0;0;0;0;-0,173760477464546;0;0;0;0;0;0;0;0;0;0,176112114367933;0;0;0,184806162488899;0;0;0;0;0;0;0;0;0;0;0;0;0;0;0;0;0;0;0;0;0;0;0,195233236789783;0;0;0;-0,181900539281745;0;0;0;0;0;0;0;0;0;0;0;0;0;0;0;0;0;0;0;0;0;-0,174978614091282;0;0;0,198700359333571;0;0;0;0;0;0;0;0;0;0;0;0;0;0;0;0;0;0;0
"129";0;0;0;0;0;0;0;0;0;0;0;0;0;0;0,170414074318411;0;0;0;0;-0,181453841514517;0;0;0;-0,178543589124218;0;0;0;0;0;0;0;0;0;0,187341448434865;0;0;0;0;0;0;0;0;0;0;0;0;0;0,161775452418942;0;0;0;-0,181548584201605;0;0;0;0;0,183218809322844;0;0;0;-0,177984340881052;0;0;0;0;0;0;0;0;0;0;0;0;-0,193823445007558;0;0;0;0;0,169261929433763;0;0;0;0;0;0;0;0;0,202228821808715;0;0;0;0;0;0;0;0;0;0;0;0;0;0,170727102670262;0;0;0;0;0;0;0;-0,182044660185255;0;0;0;0;0;0;0;0;0;0;0;0;0;0;0;0;0;-0,176516960981967;0;0;0,171624039459585;0;0;0;0;0;0;0;0,169958084072601;0;0;0;0;0;0;0;0;0;0;0;0;0;0;0;0;0;0;0,188870604154254;0;0;0;0;0
"130";0;0;0;0;0;0;0;0;0;0;0;0;0;0,191633946278582;0;0;0;0;0;0;0;0,198561242671099;0;0;0;0;0;0;0;0;0;0,185952541689905;0;0;0;-0,178953351018504;0;0;0;0;0;0,183607949508084;0;0;0;-0,188001219757438;0;0;0;0;0;0;0;0;-0,176375702720234;0;0;0;0;0;0;0;0,18214491072083;0;0;0;0;0;0;0;0;0;0;0;0;0;0;0;-0,174166328000585;0;0;-0,193042831959595;0;0;0;0;0;0;0;0;0;0;0;0;0;0;0;0;0;0;0,193199471242622;0;0,180239768223293;0;0;0;0;0;0;0;0;0;0;0;0;0;0;0;0;-0,178689800181267;0;0;0;0;0;0;0;0;0;-0,412119978573173;0,175271496893632;0;0;0;0;0,202111355719424;0;0;0;0;0;0;0;0;0;0;0;0;0;0;0;0;0,195816209351819;0;0;0;0;0;0;0;-0,175309930780828;0;0,195639691493157
"131";0;0;0;0;0;0;0;0;0;0;0;0;0;0;0;0;0;0;0;0;0;0;0,176749676123524;0;0;0;0,168059490065811;0;0;0;0;0;0;0,192201900456271;0,184609204507779;0;0;0;0;0;0;0;0;0;0;0;0,194434202673484;0;0;0;0;0;0;0;0;0;0;0;0;0;0;0;0;0;0;0;-0,170777253745372;0;0;0;0;0;0;0;0;0;0;0;0;0;0;0,192474223204351;0;0;0;0;0;0;0;0,183813553870459;0;0;0;0;0;0;0;0;0;0,190116168676339;0;0;0;0;0;0;-0,179537591140217;0;0;0;-0,181710710114835;0;0;0;0;0;0;0;0;0;0;0;0;0,18116344417029;0;0;0;0;0;0;0;0;0;0;-0,177651733873313;0;0;0;0;0;0;0;0;0;0;0;0;-0,169159524353887;0;0;0;0;0;0;0;0;0;0;0;0;0;0;0
"132";0;0;0;0;0;0;0;0;0;0;0;0;0;0;0;0;0;0;0;0;0;-0,19296951719033;0;0;0;0;0;0;0;0;0;0;0;0;0;0;0;0;0;0;0;0,178437326903567;0;0;0;0;0;0;0;0;0;0;0;0;0;0;0;0;-0,180093571993417;0;0;0,189083291040599;0;0;0;0;0;0;0;0;0;0;0;0;0;0,176218699822689;0;0;0;0;0;0;0;0;0;0;0;0;0;0;0,171018282358573;0;0;0;0,177316688163993;0;0;0;0;0;0;0;0;0;0;0;0;0;0;0,182044298249171;0;0;0;0;0;0;0;0,171226630151054;0;0;0;0;-0,219093293949073;0;0;0;0;0;0;0;0,176407752970462;0;0;0;0,198877459380276;0;0;0;0;-0,172304109929229;0;0;0;0;0;0;0;0,189370605622503;0;0;0;0;0;-0,213809144100588;0;0,185594908377175;0;0;0;0;0;0;0
"133";0;0;0;0;0;0;0;0;0;0;0;0,212116967197371;0;0;0;0;0;0;0;0;0;0;0;0;0;-0,225521158592563;0;0;0;0;-0,232235107279026;0;0;0;0;0;0;-0,234300847673584;0;0;0;0;0,21788179876801;0,226946837637258;0;0;0;0;-0,228751194330876;0;0;0;-0,210447017926254;0;0;0;0;0;0;0;0;0;0;0;0,207966982193554;0;0;0;0;0;0;0;0;-0,237982901008912;0;0;0,23480836891705;-0,214689057032531;0;0,226894670610131;0;0;0;0;0;0;0;0,248303303451118;-0,210638116571502;0;0;0;0;0;0;0;0;0;0;0;0;0;0;0;0;0,210531274748893;0;0;0;0;0;0;0;0;0;0;0;0;0;0;-0,207694459896201;0;0;0;0,233270314960309;0;0,234258048104281;0;0;0;0;0;0;0;0;0;0;0;0;0;0;0;0;0;0;0;0;0;0;0;-0,156725592216957;0;0;0;0;0;0;0;0;0;0;0;0
"134";0;0;0;0;0;0;0;0;0;0;0;0;0;0,185418786576688;0;0;0;0;0;0;0;0;0;0;0;-0,182866455996051;0;0;0;0;0;0,179921643897424;0;0;0;0;0,187427477959149;0;0;0;0;0;0;0;0;0;0;0;0;0;0;0;0,170643413608201;0;0;0;0,182413197674666;0;0;0;0;0;0;0;0;0;0;0;0;0;0;0;0;0,192971204860571;0;0;0;0;0;0;0;0;0;0;0;0;0;0,201339623286749;0;0;0;0;0;0,168391247200879;0;0;0;0;0;0;0;0;-0,174394149710007;0;0;0;0,174227935325518;0;0;0;0;0;0;0;0;0;0;0;0;0;0;0;0;0;0;0,168536010642711;0;0;0;0;0;0;0;-0,0860662392806262;0;0;0;0;0;0,179368225170937;-0,191158935135707;-0,183991982621566;0;0;0;0;0;0;0;0;0,192995456806074;0;-0,210235721177217;-0,222574880647891;0;0;-0,189347458018497;0;0;0;0;0;0
"135";0;0;0;0;0;0;0;0;0;0;0;0;-0,183998293309972;0;0;0;0;0;0;0;0;0;0;0;0;-0,198297659504334;0;0;0;0;0;0,195104349153033;0;0;0;0,187760687549209;0;0;-0,203583369041552;0;0,177551102322921;0;0,19158047525974;0;0;0;0;0,174655538919356;0;0;0;0;0;0;0;0;0;0;0;0;0;0;0;0;0;0;0;0;0;-0,215761046640871;0;0;0;0,209255098575372;0;0;0;0;0;0;0;0,202543593896893;0;0;0;0;0;0;0;0;0;0;0;0;0;0;0;0;0;0;0;0;0;0;0;0;0;0;0;0;0;0,185060390395253;0;0;0;0;0;0;0;0;0;0;-0,236537328966644;0;0,205111386342414;0;0;0;0;0;0;0;0;0,184820724255695;0;-0,204856085646554;-0,220178286622375;0;0;0;0;0;0;0;0;0;0;0,186107008041659;0,186126278652783;0;0;0;0;0;0;0;0;0;0;0;0;0;0
"136";-0,174551234286042;0;0;0;-0,18978475100099;-0,190609044534455;0;0;0;0;0;0;0;0;0;0;0;0;0;0;0;-0,197428849847232;0;0;0;0;0;0;0;0;0;0,184892056164347;0;0;0;0,177932781808852;0;0;0;0;0;0;0;0;0,173362500799546;0;0;0;0;0;0;0;0;0,174106556373461;0;0;0;0;0;0;0;0;0;0;0;0,195934525106787;0;0;0;0;0;0;0;0;0;0;0;-0,178892240946122;0;0,189062715376444;0;0;0;0;0;0;0;0;-0,175516746046524;0;0;0;0;0;0;0;0;0;-0,166084529850144;0;0;0;0;0;0;0;0;0;0;0;0;0;0;0;0,19457322719937;0;0;0;0;0;0;0;0;0;0;0;0;0;0;0;0;0;0;0;0;0;0;-0,188942383012874;0;0;0;0;0;0;0;0;0,19325907046782;0;0;0;0;0;0,208027112796786;0;0;0;0,187358289002637;0;0,194540323230966;0;0;0;0
"137";0;0;0;0;0;0;0;0;0;0;0;-0,179042499415806;0;0;0;0;0;0;0;0;0;0;0;0;0;0;0;0;0,171838238180542;0;0;0;0;0;0;0;0;0;0;0;0;0;0;0,19156001324156;0;0;0,196412456947595;0;0;0;0;-0,188153817894318;0;0;0;0;0;0;-0,186646239450045;0;0;0;0;0;0,175539603360677;0;0;0;0;0;0;0;0;-0,200875271685424;0;0;0;0;0;0;0;0;0;0;0;0;0;0;0;-0,185683749255756;0;0;0;0;0;0;0;0,181446269697381;0;0;0;0;0,181537303602668;0;0;0;0;-0,181641061891894;0;0;0;0;0;0;0;0;0;0;0;0;0;0;0;0;0;0,175439216183022;0;0;0;0;0;0;0;0;0;0;0;-0,203074319373157;0;0;0;0;0;0;0,197052090359243;0;0;0;0;0;0;0;0;0;0;0;0;0,220239121391573;0;0;0;0;0
"138";-0,177108832671771;0;0,189779314218107;0;0;0;0;0;0;0;0;0;0;0;0;0;0;0;0;0;0;0;0;0;0;0;0;0;0;0;0;0;0;0;0;0;0;0;0;0;0;0;0;0;0;0;0;0;0;0;0;0;0;0;0;0;0;0;0;0;0;0;0;0;0;0;0;0;0,188972205914405;0;0;0;0;0;0;0;0;0;0;0;0;0;0;0;0;0;0,175080331851438;-0,209933327691873;0,178088491518236;0;0;-0,186880106567584;0;0;0;0;0;0;0;0;-0,19491235252211;0;0;0;0;0;0;0;0;0;0;0;0;0;0,197424196279173;0;0;0;0;0;0;0;0;0;0;0;-0,198058466776768;0;0;0;0;0;0;0;0;-0,182622425963302;0;0;0;0;0;0;0;0;0;0;0;0;0;0,182326649785254;-0,168045887675309;-0,175292900380429;0;0;0;0;0;0;0;0;0;0;0
"139";0;0;0;0;0,196988718007529;0;0;0;0;0;0;0;0;0;0;0;0;0;0;0;0;0;0;0,189603059957374;0;0;0;0;0;0;0;0;0;0;0;0;0;0;0;0;0;-0,189490592308427;0;0,196284393727002;0;0;0;0;0;0;0;0;0;0;0;0;-0,194567875888218;0;0;0;0;0;0;0;0;-0,203371929043966;0;0,205021886356004;0,193312828643803;0;-0,172409279695681;-0,188296543987915;0;0;-0,206780817523044;0;0;0;0;0;0;0;0;0;0;0;0;0;0;0,190263205409485;0;0;0;0;0;0;0;-0,185921218311179;0;0;0;0;0;0;0;0;0;0;0;0;0;0;0;0;0;0;0;0;0;0;0;0;0;0;0;0,179766014846745;0,202607797608151;0;0;0;0;0;0;0;0;0;0;0;0;0;0,162439753849095;0;0;0;0;0;0;0;0;0;0;0;0;0;0;0;0;0;0;0;0;0,156627357326751;0
"140";0;0;0;0,166729883458311;0;0;0;0;-0,174305172265545;0;0;0,174191823860579;0;0,187784325175435;0;0;0;0;0;0;0;0;0;0;0;0;0;0;0;0;0;-0,182217050966186;0;0;0;0,1753584629001;0;0;0;0,195657301067249;0;0;0;0;0;0;0;0;0;0;0;0;0;0;0,172832595455266;0;0;0;0;0;0;0,190653955216469;0;0;0;0;0;0;0;0;0;0;0;0;0;0;0;0;0;0;0;0;0;0;0;0;0;0;0;0;0;0;0,177642648327676;0;0;0;0;0;0;0;0;0;0;0;0;0;0;0;0;0;0;0;0;0;0;0;0;0;0;0;0;0;0;0;0;0;0;0;0;0;0,177873124851878;0,173374677963172;0;0;0;0;0;0,179980257614444;0;0;0;0;0;0;0;0;0;0;0,161256699867558;0,171269372620224;0;0;0;0;0;0;0;0;0;0;0;0;0
"141";0;0;0;0;0;0;-0,191537384588278;0;0;0;0;0;0;0;0;-0,17623161431968;0;0;-0,181568814875342;0;0;0;0;0,192245698604804;0;0;0;0;0;0;0;0;0;0;0;0;0;0;0;0;0;0,192131663410714;0;0;0;0;0;0;0;-0,180519219160482;0;-0,195481308355846;0;0,183234165508803;0;0;0;0;0;0;0,191643531538888;0;0;0;0;0;0;0;0;0;0;0;0;0,208698188348525;0;0;0;0;0;-0,198974407411297;0;0;0;0;0;0;0;0;0;0;0;0;0;0;0;0;-0,198995923821291;0;0;0;0;0;0,188607119540748;0;0;-0,184624590441287;0;0;0,195098059546327;0;0;0;0;0;0;-0,207967672328064;0;0;0;0;0;0;0;0;0;0;0;0;0;0;0;0;0;0;0;0;0,191878920736609;0;0;0;0;0;0;0;0;0;0;0;0;0;0;0;0;-0,194015130063427;0;0;0;0;0;0;0,164067982672756;0;0
"142";0;0;-0,201560452692709;0;0;0;0;-0,203591890537968;0;0;0;0;0;0,20533468910035;0;0;0,215374931707987;0;0;0;0;0;0;0;0;0;0;0;0;0;0;0,199247096231112;0;0;0;0;0;0;0;0;0;0;0;-0,203788409620279;0;0;0;0;0;0,184844216219888;0;0,200164776895871;0;0;0;0;0;0;0;0,195056752820772;0;0;0;0;0;0;0;0;0;0;0;0;0;0;0;0;0;0;0;0;0;0;0;0;0,187738768860431;0;0;0;0;0;0;0;0;0;-0,195499326242553;0;0;0;0;0;0;0,188233648675127;0;0;-0,190433286385073;0;0;0;0;-0,200711721059756;0;-0,188989869132689;0;0,182253328983643;0;0,212950297310898;0;0;0;0;0;0;0;0;0;0;0;0;0;0;0;0;0;0;-0,204672388677557;0;0;0;0;0;0;0;0;0;0;0;0;0;0;0;0;0;0;0;0;0;0;0;0;0;0;0;-0,176229490585859
"143";0;0;0;0;0;0;0;0;0;0;0;0;0;0;0;0;0;0;0;0;0;0;0;0;0;0;0,198276680938525;0,229189865108399;0;0;0;0;-0,203349301232799;0;0;0;0;-0,230975979156527;0;0;0;0;0;0;0;0;0;0;0;-0,202928702475179;0;0,219748171121528;0;0;0;0;-0,221769827844259;0;0;0;0;0;0;0;0;0;0;0;0;0;0;0,214621719814939;0;0,234605781962954;0;0;0,2314762983714;0;0;-0,223674900154794;0;0,227081196832354;0,202845862110856;0,200771771442163;0;0;0;0,24477973175036;0;0,216863334279292;-0,207002602964156;-0,217899953561603;0;0;0;0;0;0;0;0;0;0,20664974468215;0;0;0;0;0;0;0;0;0;0;0;0;0;0;0;0;0;-0,210197360217909;0;0;0;0;0,22996007031597;0;0,230933786938593;0;0;0;0;0;0;0;0;0;0;0;0;0;-0,224098784603593;0;0,555764479795471;0;0;0;0,176277705470441;0;0;0;0;0;0;0;0;0;-0,170895416221884;0,186907337314762;0;0;0;0;0
"144";0;0;0;0;0;0;0;0;0;0;0;0;0;0;0;0;0;0;0;0;0;0;0;0;0;0;0;0,195195633131011;0;0;0;0;-0,173187830893444;0;0;0;0;0;0;0;0;0;0;0;0;0;0;0;0;0;0;0;0;0;0;0;0,18887616140854;0;0;-0,18237835369047;0;0;0,182481660482437;0;0;0;0;0;0;-0,206020478464274;0;0;0;0;0;0;0;0;0;0;0;0;0;0;0;0;0,173862577703075;0;0;0;0;0;0;0;0;0;0;0;0;0;0;0;0;0;0;0;-0,180400892336254;0;0;0;0;0;0;0;0;0;0;0;0;0;0;0;0;0;0;0;0;0,181967376258994;0;0;0;0;0;0;0;0;0;0;0,188236093047075;0;-0,190859679261556;0;0;-0,890687654260546;0;0;0;0;0;0;0;0;0;0;0;0,191244547467981;0;0;0;0;0;0;0,207916027734199
"145";0;0;0;0;0;0;0;0;0;0;0;0,17501813054274;0;0;0;0;0;0;0;0;0;0;0;0;0;0;0;0;0;0;0;0;0;0;0;0;0;0;0;0;0;0;0;0;0;0,185098472983963;-0,191997660569073;0;0;0;0;0;0;0;0;0;0;0;0,182450960012099;0;0;0;0;0;0;0;0;0,19558980838638;0;0;0;0;0;0;0;0;0;0;0;0;0;0;0;0,16804180019937;0;0;0;0;0;0;0;0;0;0;0;0,180847480551281;0;0;0;0;0;0;0;0;0;0;0;0;0;0;0;0;0;0;-0,192667790879387;0;-0,192920375343114;0;0;0;0;0;0;0;0;0;0;-0,178827176354237;0;0;0;0;0;0;0;0;0;0;0;0;0;0;0;0;0;0;0;0;0;0;0;0;0;0;0;0;0;0;0;0;-0,159027133786071;0;0
"146";0;0,162778406441575;0;0;0;0;0;0,18200238606914;0;0;0;0;0;0;0;0;0;0;0;0;0;0;0;0;0;0;0;0;0;0;0;0;0;0;0;0;0;0;0;0;0;0;0;0;0;0;0;0;0;0;0;0;0;0;0;0;0;0;0;0;0;0;0;0;0;-0,188756242618848;0;0;0;0;0;-0,174764276999063;0,172089144493801;0;0;0;0;0;0;0;0,173618395240029;0,18490990202999;0;0;0;-0,1843136576644;0;0;0;0;0;0;0;0;0;0;0;0;0;0;0;0;0;0;0;0;0;0,172744910284706;0;0;0;0;0;0;0;0;0;0;0;0;0;0;0;0;0;0;0;0;0;0,174385765829057;0;0;0;0;0;0;0;0;0;0;0;0;0;0,17470817047291;0,171693242239299;0;0;0;-0,172976473067511;0;0;0;0;0,195279105729046;0;0;0;0;0;0;0;0,16171471090303;0
"147";0;0;0;0;-0,191328800187304;0;0,183476842525037;0;0;0;0,182901451152816;0;-0,1757859377236;0;0;0;-0,201483941369026;-0,18271521625071;0;0;0;0;0;0;0;0;0;0;0;0;0;0;0;0;0;0;0;0;0,194496877053149;0;0;0;0;0;0;0;0;0;0;0;0;0;0;0;0;0;0;0;0;0,182476219666355;0;0;0;0;0;0;0;0;0;0;0;0;0;0;0;0;0;0;0;0;0;0;-0,172851767772438;0;0;0;0;0;0;0;0;0;0;0;0;0;0;0;0;0;0;0;0;0;0;0;0,180497697187388;0;0;0;0;0;0;0;0;0;0;0;0;0;0;0;0;0;0;0;0;0;0;0;0;0;0,217758065094889;0;0;0;0;0;0;0;0;0;0;-0,182827657334498;0,179672611611732;-0,174801920554827;-0,497826920589432;0;0;0;0;0,179297743825014;0;0;0;0;0;0;0;0;0;0;-0,18707085898264
"148";0;0;0;0;0;0,190030302888634;0;0;0;0;0;0;0;0;0;0;0;0;0;0;0;0;0;0;0;0;0;0;0;0;0;0;0;0;0;0;0;0;-0,192341480669082;0;0;0;0;0;0;0;0;0;0;0;0;0;0;0;-0,174837362615835;0;-0,186883282854832;0;0;0;-0,181544122263092;0;0;0;0;0;0;0;-0,185677804570694;0;0;0,18085964155202;0;0;0;0;0;0;0;0;0;-0,191359121983163;0;0;0;0;0;-0,206273505690584;0;0;0;0;0;0;0;0;0;0;0;0;0;0;0;0;0;0,174895071859207;0;0;0;0;0;0;0;0;0;-0,197007998280575;0;-0,174651600965484;0;0;0;0;0,223475720542124;0;0;0;0;0;0;0;0;0;0;0;0;0;0;0;0;0;0;0;0;0;0;0;0;0;0;0;0;0,180971761298315;0;0;0;-0,173677365013983;0;0;0;0,162021658693259;0;0;0
"149";0;0;0,201763925983966;0;0,204726121028314;0;0;0;0;0;-0,195708667949147;0;0;0;0;0;0;0;0;0;0,182820494783349;0;0;0;0;0;0;0;0;0;0;0;0,185414317460526;0;0;0;0;0;0;-0,214159448863835;0;0;0;0;0;0;0;0;0;0;0;0;0;0;0;0,191497744426616;0;0;0;0;0;0;-0,195364260599993;0;0;0;0;0;0;0;0;0;0;0;0;0;0,211060572181104;0;0;-0,203947240997764;0,194409429632711;0;0;0;0;0;0;0;0;0;0;0;0;0;0;0;0;0;0;0;0;0;0;0;0;0;0;0;0;0;0;0;0;0;0;0;0;0;-0,195557851724892;0;0,186688880582546;0;0;0;0;0;0;0;0;0;0;0;-0,233006029128207;0;0;0;0,196674421595177;0;0;0;0;0;0;0,195629706903213;0;0;0;0;0;0;0;0;0;0;0;0;0;0;0;0;0;0;0
"150";0;0;0;0;0;0;0;0;0;0;0;0,191472045861514;0;0;0;0;0;0;0;0;0;0;0;0;0;0;0;0;0;0;0;0;0;0;0;0;0;0;0;0,215066946845181;0;0;0;0;0;0;0;0;0;0;0;0;0;0;0;0;0;0;0;0;0;-0,209567257795664;0;0;0;0;0;0;0;0;0;0,196521776914318;0;0;0;0;0;0;0;0;0;0;0;0,183839852332144;0;0;0;0;0,190137128817395;0;0;0;0;0,187457459951492;0;0;0;0;0;0;0;-0,189222111624321;0;0;0;0;0;0;0;0,201765709552957;0;0;0;0;0;0;0,211057327836653;0;-0,196386525671423;0;0;0;0;0;0;0;0;0;0;0;0;0;0;0;-0,20574717564766;0;0;0;0;0,192156882990507;0;-0,210115907121035;0;0,196458685335161;-0,193068409794229;0;0;0;0;0;0;0;0;0;0;0;0;0;0;0;0;0;0
"151";0;0;0;0;0;0;0,20896114962818;0;0;0;0;0;0;0,218772082692692;0;0;-0,229469373031876;0;0;0,213152550525516;0;-0,226680384372277;0;0;0;0,215760636618886;0;0;0;0;0;0;0;0;0;0;0;0,224160342071177;0;0;0;0;0;0;0;0;0;0;0;0;0;0;0;0;0;0;0;0;0;0;0,209076952550293;0;0;0,206490592793576;0;0;0;0;0;0;0;0;0;0;0;0;0,224645897871223;0;0;-0,217074703242007;0;0;0;0;0;0;0;0;0;-0,210464132990205;0;0;0;0;0;0;0;0;0;0;0;0;0;0;0;0;0;0;0,21284573192153;0;0;0;0;0;0;0;0;0;0;0;0;0;0,257367862079374;0;0,223174410659417;0;-0,224119394860825;0;0;0;0;0;0;0;0;0;0;0;0;0,203662418880121;0;0;-0,244484593760662;0,208221794830759;0;0;0;0;0;-0,223866190409104;0;0;0;0;0;0;0;0;0;0;0;0;-0,184853114541814
"152";0,187716878815564;0,18171335122425;0;0;0;0;0;0;0;0;0;0;0;0;0;0;0;0;0;0;0;0;0;0;0;0;0;0;0,182432027493816;0,191709089598269;0,20810852426543;0;0;-0,206127205667366;0;0,191353481840141;0;0;0;0;-0,180948536552103;0;0;0;0;0;0;0;0;0;0;0;0;0;0;0;0;0;0;0;0;0;0;0;0;0,210713018763207;0;0;0;0,219889626838861;0;0;-0,192107146389264;0;0;0;0;0;0;0;0;0;0;0;0;0;0;0;0;0;0;0;0;0;0;0,196411461668181;0;0;0;0;-0,206586751807332;0,18784684809001;0;0;0;0;0;0;0;0;0;0;0;0;0;0;0,209523366270897;0;0;0;0;0;0;0;0;0;0;0;0;0;0;0;0;0;0;-0,193560712282993;0;0;0;0;0;0;0;0;0;0;0;0;-0,208799356113538;0;0;0;0;0;0;-0,177363521369156;0,173823243709957;0;0;0;0;0;0
"153";0;0;0;0;0;0;0;0;0;0;0,198867831628001;0;0;0;0;0;-0,219072480154593;0;0;0;0;0,216409856142034;0;0;0;0;0;0;-0,185946113380618;0;0;-0,202667762625839;0;0;0;0;0;0;0;0;0;0,200112415721509;0;0;0;0;0;0;-0,208935091213859;0,188017614531046;0;0;0;0;0,192230064332649;0;0;0;0;0;0;-0,212051563421795;0;0;0;0;0;0;0;0;0;0;0;0,217367079875065;0;0;0;0;0;0;0;0;0;0;0;-0,209716974392355;0;0;0;0;0;0;0;0;0;0;0;0;0;0;0;0;0;0;0;0;0;0;0;0;0;0;0;0;0,213279691088153;0;0;0,192025823239879;0;0;0;0;0;0;0;0,189842730751816;0;0;0;0;0;0;0;0;0,208186196281888;0;0;0;0;0;0;0;0;0;0;0;0;0;0;0;0;0,21216983197909;-0,269428519764915;0;0;0;0;0,198530287717295;0;0;0;0;0
"154";0;0;0;0;0;0;0;0;0;0;0,183161899466499;0;0;0;0,176020610432319;0;0;0;0;0;0;0;0;0;0;0;0;-0,195578481138901;0;0;0;0,186661724318552;0;0;0;0;0,194448735920166;0;0;0;0;0;0;0,190916187263947;0;0;0;0;-0,192434079753642;0;0;0;0;0;0;-0,179220935793417;0;0;0;0;0;0;0;0,181565766452195;0;-0,197809884690016;0;0;0;0;0;0;0;0;0;0;0;0;0;0;0,181945954560268;0;0;0;0;0;0;0;0;0;0;0;0;0;0;0;0;0;0;0;0;0;0;0;0;0;0;0;0;0;0;0;0;0;0;0;0;0;-0,183020751982362;0;0;0;0;0;0;0;0,197066651580525;0;0;0;0;0;0;0;0;0;0;0;0,188605290923484;0;0;0,19581573223149;0;0;-0,179928462117096;0;0;0;0;0;0,208630191771159;0;0;0;0;0;0,192176586820587;0;0,19954332160332;0;0;0;0
"155";0;0;0;0,179170824868293;0;0;0;0,2000835270734;0;0;0;0;0;0;0;0;0;0;0;0;0;0;0;-0,193459432974087;0;0;0;-0,205167542196471;0;0;0;0;0;0;0;0;0;0;0;0;0;0;0;0;0;0;0;0;-0,201868973253016;0;0;0;0;0;-0,185728905038136;0;0;0;-0,195139292094792;0;-0,192853464154117;0;0;0,190467794989977;0;0;0;0;0;0;0;0;0;0,210015794754515;0;0;0,20721432507993;0;0;0;0;0;0;0;0;0;0;0;0;0;0,185305817333331;0;0,190897871290219;0,183264760336389;0;0;0;0;0;0;0;0;0;0;0;0;0;0;0,196329802165123;0,197252989637714;0;0;0;0;0;-0,209280666654783;0;0;0;0;0;0;0;0;0,205857019060334;0;0,206728676479238;0;0;0;0;0;0;0;0;0;0;0;0;0;0;0;0;0;0;0;0;0;0,20562379138374;0;0;0;0;0;0;0;0;0;0;0;-0,161524395542778;0;0
"156";0;0;0;0;0;0;0;0;0;0;0;0;0;0,195954261679248;0;0;0;0;0;0;0;0;0,181268358215573;0;0;0;0;0;0;0;0,19901032360543;0;0;0;0;0,182987787157924;0;-0,200780528245126;0;0;0;0;0;0;0;0;0;0;0;0;0;0;0;0;0;0;0;0;0;0;0;0;0;0;0;0;0;-0,203135731487481;0;0;0;0;0;0;0;0;0;0;0;0,194433918073452;0;0;0;0;0;0,196758407723761;0;0,212779718583775;0;0,188512827059339;0;0,189413929277203;0;0;0;0;0;0;0;0;0;0;0;0;0;-0,180411556235989;0;0;0;0;0;0,180356131898663;0;0,173927341142642;0;0;0;0;0;0;0;0;0;0;0;0;0;-0,185726391258575;0;0;0;0;0;0;0;0;0;0;0;0;0;0;0;0;0;0;0;0;0;0;0;0;-0,202894076878918;0;0;0;0;0;0;0;0,165823152496993;0;0
"157";0;0;-0,190665155354828;0;0;0;0;0;0,180293167241942;0;0;0;0;-0,194235376404619;0;0;0,203732896334799;0;0;-0,18924611117354;0;0;0;0;0;0;0;0;0;0;0;0;0;0;0;0;0;0;0;0;0;0;0;0;0,176723749935937;0;0,19765584267437;0;0;0;0;0;0;0;0;0;0,191086872941296;0;0;0;0;0;0;0;0;0;0;0;0;0;0;0;0;0;0;0;0;0;0;0;0;0,195663387703644;0;0;0;0;0;0;0;0;0;0;0;0;-0,184931661503204;0;0;0;0;0;0;0;0;0;0,180139465099811;0;0;0;0;0;0;0;0;0;-0,198345721763491;0;0;0;0;0;0;0;0;0;0;0,176549831164926;0;0;0,179331063732578;0,184527217497923;0;0;0;0;0,19360887645725;0;0;0;0;0;0;0;0;0;0;0;0;0;0;0;0;0;0;0;0;0;0;0;0;0;0;0;0
"158";0;0;0;0;0;0;0;0;0;0;0;0;0;0;0,162575701280509;0;0;0;0;0;0;0;0;0;0;0;0;0;0;0;0;0;0;0;-0,171664195757522;0;0;0;0;0;0,156893087313421;0;0;0;0;0;0;0;0;0;0;0;0;0;0;0;0;0;0;0;0;0;0;0;0;0;0,158802157216609;0;0;0;0;0;0;0;0;0;0;0;0;0;0;0;0;0;0;-0,178400594402739;0;0;0;0;0;-0,171741365271938;0;0;0;0;0;0;0;0;0,179122936867582;0;0;0;0;0;0;0;0;0;0;0;0;0;0;0;0;0;0;0;-0,1613747723278;-0,165698379965368;0;0;0;0;0;0;0;0;0;0;0;0;-0,177098402600681;0;0;0;0;0;0;0;0;0;0;0;0;-0,16731901599188;0;0;0;0;0;0;0;0;0;0,219149704789743;0;0;0,177739785244666;0,17405646672712;0
"159";0;0;0;0;0;0;0;0;0;0;0;0;0;0;0;0;0;0;0;0;0;0;0;0,179098304460784;0;0;0;0;0;0;0;0,181277717381272;0;0;0;0;0;0;0;-0,19464868264734;0;0;0;0;0;0;0;0;0;-0,168173781306226;0;0;0;0;0;0,17405154841558;0;-0,164308525770662;0,180653462126793;0;0;0;0;0;0;0;0;0;0;0;0;0;0;0;0,195324346673086;0;0;0;0,169787807672317;0;0;0;0;0;0;0;0;0;0;0;0;0;0;0;0;0;0;0;0;0;0;0;0;0;0;0;0;0;0;0;0;-0,171945552696138;0;0;0;0;0,19101973329284;0;0;0;-0,169680790939109;0;0;0;0;0;0;0;0;0;0;0;0;0;0;0;0;0,179052454756796;0;0;0;0;0;0;0;0;0;0;0;0;0;0;0;0;0;0;0;0;-0,902502189856023;0;0;0,165245997236823;0
"160";0;0;0;0;0;0;-0,189633167911904;0;0;0;0;0;0;-0,198536633079977;0;0;0;0;0;0;0;0;0;0;0;0;0;0;0;0;0;0;0;0;0;0;0;0;0;0;0;0;0;0;0;0;0;0;0;0;0;0,193537882177762;0,182715944918743;0;0;-0,184971064393402;0;0;0;0;0;0;0;0;0;0;0;0;0,194058518898814;0;0;0;0;0;0;0;0;0;0;0;0;0,199996267058897;0;0;0;0;0;0,215583823251963;0;0;0;0;0;0;0;0;0;0;0;0;0,200158548515102;0;0;0,182760283060964;0,184128574041233;0;0;0;0;0;0,188812107421805;0;0;0;0;0;0;0;0;0;0;-0,18515745557304;0;0;0;0;0;0;0;-0,188613491279455;0;0;0;0;0;0;0;0;0;0;0;0;0;0;0;0;0;0;0;0,203159558373346;0;0;0;0;0;0;0;0;0;0;0;0;0
"161";0;-0,169493611148258;0;0;0;0;0;0;0;0;0;0;0;0;0;0;0;0;0;0;0;0;0;0;0;0;-0,168115274675007;0;0;0;0;0;0;-0,192265698745195;0;0;0;0,195840428614333;0;0;0;0;0;0;0;0;0;0;0,191201749326194;0;0;0;0;0;0;0;0;0;0;0;0;0;0;0;0;0;0;0;0;0;0;0;0;0;0;0;0;0;0;0;-0,180780789137164;0;0,171989402203218;0;0;0;0;0;0;0;0;0;0;-0,17358062609376;0;0;0;0;0;0;0;0;0;0;0;0;0;0;0,185955280863233;0;0;0;0;0;-0,195177601784778;0;0;0;0;0;0;0;0;0;0;0,17372985076717;0;0;0;0;0;0;0;0;0;0;0;0;0;0;0;0;0,21359696005677;0;0;0;0,182013139200516;0;0,194758154173492;-0,195583439411668;0;0;0;0;0;0;0;0;0;0;0,636873936280608;0;0
"162";0;0,167261399832363;0;0;0;0;0;0;0;0,182272114847432;0;0;0;0;0;0;0;0;0;-0,183770796822484;0;0;0;0;-0,186606373982284;0;0;0;0;0;0;0;0;0;0;-0,176134835551409;0;0;0;0;0;0;-0,179718107902067;0;0;0;-0,191937215933486;0;0;0;0;0,183866749263908;0;0;0;0;0;0;0;0;0;0;0;0;0;0;0;0;0;0;0;0;0;0;0;0;0,193679857702453;0;0;0;0;0;0;0;0;0;0;0;0;0;0;0;0;0;0;0;0;0;0,164406305883612;0;0;0;0;0;0;0;0;0;0;0;0;0;0;0;0;0;0;0;0;0;0;0;0;0;0;0;0;0;0;0;0;0;0,213818119125734;0;0;0;0;-0,180777092551729;0;0;0;0;0;0;0;0;0;0;0;0,19300762806575;0;0;0;0;0;-0,183228167258928;0;0;0;0;0;0;0
"163";0;0;0;0;0;0;0,175436890893205;0;0,170489725320355;0,177496437586723;0;0;0;0;0;0;0;0;0;0;0;0,19031337610609;0;0;0;0;0;0;0,16352320195641;0;0;0;0;0,184762407917642;0;0;0;0;0;0;0;0;0;0;0;0;0;0;0;0;0;0;0;0;0;0;0;0;0;0;0;0;0;0;0;0;0;0;0;0;0;0;0;0;0;0;0;0;0;0;0,173725704190742;0;0;0;0;0;0;0;0;0;0;0;0;0;0;0;0;0;0;0;0;0;0;0;0;0;0;0;0;0;0;0;0;0;0;0;0;0;0;0;0;0;0;0,174151213344384;0;0;0;0;0;0;0;0;0;0;0;0;0;0;0;0;0;0;-0,205261203228347;0;0;0;0;0;0;0;0;0;0;0,175159029589534;0;0;0;0;-0,170106802445056;0;0;0;0
