"";"1";"2";"3";"4";"5";"6";"7";"8";"9";"10";"11";"12";"13";"14";"15";"16";"17";"18";"19";"20";"21";"22";"23";"24";"25";"26";"27";"28";"29";"30";"31";"32";"33";"34";"35";"36";"37";"38";"39";"40";"41";"42";"43";"44";"45";"46";"47";"48";"49";"50";"51";"52";"53";"54";"55";"56";"57";"58";"59";"60";"61";"62";"63";"64";"65";"66";"67";"68";"69";"70";"71";"72";"73";"74";"75";"76";"77";"78";"79";"80";"81";"82";"83";"84";"85";"86";"87";"88";"89";"90";"91";"92";"93";"94";"95";"96";"97";"98";"99";"100";"101";"102";"103";"104";"105";"106";"107";"108";"109";"110";"111";"112";"113";"114";"115";"116";"117";"118";"119";"120";"121";"122";"123";"124";"125";"126";"127";"128";"129";"130";"131";"132";"133";"134";"135";"136";"137";"138";"139";"140";"141";"142";"143";"144";"145";"146";"147";"148";"149";"150";"151";"152";"153";"154";"155";"156";"157";"158";"159";"160";"161"
"1";0;0;0;0;0;0,172496930623888;0;0,175766332795486;0;-0,194215121285804;0;0;0;0;0;0;0,188391756634846;0;0;0,18133828888563;0;0;0;0;0;0;0;0,191474319416913;-0,176535951152652;0;0;0;0;0;0;0;0;0;0;0;0;0;0;0;0,180313923997804;0;0;0;0;0;0;0;0;0;0;0;0;0;0;0;0;0;0;0;0,194919337800346;0;0;0;0;0;0;0;0;0;0;0;0;0;0;0;-0,178286459397087;0;0;0;0;0;0;0;0;0;-0,184898233294757;0;0;0;0;0,173313203230184;0;0,181209919874019;0,191762331763872;0;0,187062740796028;0;0;0;-0,186862408297353;0;0;0;0;0;0;0,209533523096595;0;0,175908994471186;0;0;0;0;0;0;0;0;0;0;0;0;0;0;0;0;0;0;0;0;0;0;0;0;0;0;0,195335774474348;0;0;0;0;0;0;0;0;-0,191127474624421;0;0;0;0;0;0;0,17973517161616;0;0;0;0
"2";0;-0,626973726553842;0;0;0;0;0;0;0;0;0;0;-0,191783489199122;0;0;0;0;0;0;0;0;0;0;0;-0,159803849553543;0;0;0;-0,158793221436541;0;0;0;0;0;0;0;0;0;0;0;0;0;0;0;0;0,162582388788385;-0,152634786600388;0;0;0;0;0;0;0;0;0;0;0;0;0;0;0;0;0;0;0;0;0;0;0;0;0;0;0;0;0;0;0;0;0;0;0;0;0;0;0;0;0;0;0;0;0;0;0;0;0;0;0;0;0;0;0;0;0;0;0;0;0;0;0;0;0;0;0,158229276979329;0;0;-0,174547243911097;0;0;0;0;0;0;0;0;0;0;0;0;0;0;0;0;0;0;0;0;0;0;0;0,175703570224978;0;0;0;-0,161757165270072;0;0;0;0;0,171918225168758;0;0;-0,158874509701753;0;0,173182310163776;0;0;0;0;0;0
"3";0;0;-0,979279438499361;0;0,170247482280056;0;0;0;0;0;0;0;0;0;0;0;0;0;0;-0,179207297526838;0;0;-0,186895394948165;0;0;0;0;0,189224214805165;0;0;0;0;0;0;0;0;0;0;0,17027843041456;0;0;0;0;0;0;0;0;0;0;0;0;0;0;0;0;0;0;0;0;0;0;-0,196344247943687;0;0;0;0,184373367723394;0;0;0;0;0,191368629241271;0;0;0;0;0;0;0;0;0;0;0;0;0;0;0;0;0;0;0,178973684189084;0;0;0;0,181541976507702;0;0;0;0;0,189508842583833;-0,176381410552625;0;0;0;0;-0,184666500418152;0;0;0,209383055307015;0;0;0;0;0;0;0;0;0;0;0;0;0;0;0;0;0,196537297311261;0;0;0;0;0;0;0;0;0;0;0;0;0;0;0;0;0;0;0;0;0;0;0;-0,184813699884963;0;0;0;0;0;0,19027025857411;0;0;0;0;0;0
"4";-0,198189095534441;0,195315860335107;0;0;0;0;0;-0,164566414767854;0;0,181839637292185;0;0;0;0;0;-0,174982385833664;-0,176387340329211;0;0,190626329371769;0;0;0;0;0;0;0;0,165059355413265;0;0;0;0,183185639408767;0;0;0;0;0,182010505282283;0;0;0;0;0;0;0;0;0;0;0;0;0;0;0;0;0;0;0;0;0;0;0;0;0;0;0;0;0;0;0;0;0;0;0;0;0;0;0,171378865409366;0;0,173855331168428;0;0;0;0;0;0;0;0;0;0;0;0;0;-0,173116426031561;0;0;0;0;0;0;0;0;0;0;0;0;0;0;0;0;0;0;0;0;0;0;0;0;0;0;0;0;0;0;0;0;0;0;0;0;0;0;0;0;0;0;0;0;0,177228705644944;0;0;0;0,164519590605665;0;0;0;0;0;0;0;0;0;0;0;0;0;0;0;0;0;0;0;0;0
"5";0;0;0;0;0;0;0;0;0;0;0;0;0;0;0;0;0;0;0;0;0;0;0;0;0;0;0;0,17144530538767;0;0;0;0,176693694112564;0;0;0;0;0,1652126035812;-0,169214131700041;0;0;0;0;0;0;0,161452333971435;0,16184145184934;0;0;0;0;0;0;0;0;0;0;0;0;0;0;0;0;0,175933166449056;0;0;0;0,166010788170104;0,162431264065606;0;0;0;-0,160749972179041;0;0;0;0;0;0;0;0;0;0;0;0;0;0;0;0;0;0;0;0;0;0;0;0;0;0;0;0;0;0;0;0;0;0;0;0;0;0;0;0;0;0;0;0;0;0;0;0;0;0;0;0;0;0;0;0;0;0;0;0;0;0;0;0;0;0;0;0;0;0;0;0;0;0;0;0;0;0;0;0;0;0;0;0;0;0;0;0;0
"6";0;0,192357823448092;0;0;0;0;0;0;0;0;0;0;0;0;0;0;-0,168905507023336;0;-0,182540519940045;0;0;0;0;0;0;0;0;0;0;0;0,175415442207944;0;0;0;0;0,174290153822259;0;0;0;0;0;0;0;0;0;0;0;0;0;0;0;0;0;0;0;0;0;0;0;0;0;0;0;0;0;0;0;0;0;0;0;0;0;0;0;0;0;0;0;0;0;0;0;0;0;0;0;0;0,165232885946656;0;0;0,153637030690281;0,172556502841945;0,164699695459302;0;0;0;0;0;0;0;0;0;0;0;0;0;0;0;0;0,174575222106493;0;0;0;0;0;0;0,156663095943446;0;0;0,168281684060053;0;0;0;0;0;0;0;0;0;0;0;0;0;0;0;0;0;0;0;0;0;0;0;0;0;0;0;0;0,17135825677394;0;0;0;0;0;0,158982012447117;0;0;0;0;0
"7";0;0;0;0;0;0;0;0;0;0;0;0;0;0,206322243870428;0;0;0;-0,187265014243625;0;0,181899096505869;0;0;0;0;0;0;0;0;0;0;0;0;0;0;0;0,194998813022344;0;0;0;0;0;-0,178664806340656;0;0;0;0;0;0;0;0;0;-0,18809249598569;0;0;0;0;0;0;0;0;0;0;0;0,180303048229721;0;0;0;0;0;0;0,194243098573263;0;0;0;0;0;0;0;0;0;0;0;0;0;0;0;0;0;0;0;0;0;0;0;0;0;0;0;-0,192355376826715;0;0;0;0;0;0;0;0;0;0;0;0;0;0,203232255269248;0;0;0;0;0;0;0;0;-0,179818782969974;0;0;0;0;0;0;0;0;0;0;0;0;0;0;0;0;0;0;-0,195939870782434;0;0,211778284677953;0,183393367112158;0;0;0;0;-0,187589710323861;0;0;0;0;0;0,193128229732863;0;0,180291021428612;0;0;0;0
"8";0;0;0;0;-0,205727419643699;-0,210485318698828;0;0;0;0;0;0;0;0;0;0;0;0,170550050881398;0;0;0;0;0;0;0;0;0;0;0;0;0;0;0;0;0;0;0;0;0;0;0;0;0;0;0;0;0;0;0;0;0;0,17130367298098;0;0;0;0;0;0;0;0;0;0;0;0;0,178070165019436;0,170438712595079;0;0;0;0;0;0;0;0;0;0;0;0;0;0;0;0;0;-0,179795276713878;0;0;0;0;0;0;0;0;0;0;0;0;0;0;0;0;0;0;0;0;0;0;0;0;0;0;0;0;0;0;0;0,163942788662801;0;0,159632393218675;0;0;0;0;0;0;0;0;0;0;0;0;0;0;0;0;0;0;0;0;0;0;0;0;0,192875307613043;0;0;-0,167448865725661;0;0;0;0,174606077212203;0;0;0,161358430037331;0;0;0;0;0;0;0;0
"9";0;0;0;0;0;0;0;0;0,14940636488609;0;0;0;0,198786052192002;0;0;0;0;0;0,189823886057549;0;0;0;0;0;0;0;0;0;0;0;0;0;0;0;0;0;0;0;0;0;0;0;0,172991920832917;0;0;0;0;0;0;0;0;0;0;0;0;0,165836953927933;0;0;0;0;0;0;0;0;0;0;0;0;0;0;0,180541921165123;0;0;0;0;0;0;0,16471221142488;0;0;0;0;0;0;0;0;0;0;0;0;0;0;0;0,171271212741412;0,162266266285202;0;0;0,168948935227428;0;0;0;0;0;0;0;0;0;0;0;0,181969083789188;0;0;0;0;0;0;0,180920462355632;0;0;0;0;0;0;0;0;0;0;0;0;0;0;0;0;0;0;0;0;0;0;0;0;0;0;0;0;0;0;0;0;0;-0,165584273697255;0;0;0;0;0;0;0;0;0;0
"10";0;0;0;0;0;0;0;0;0;0;0,184017340778129;0;0;0;0;0;0;0;0;0;0;0;0;0;0;-0,205422953666731;0;0;0;0;0;0;0;0;0;0;0;0;0;-0,178545852274322;0;0;0;0;0;0;0;0;0;0;0;0;0,180627347105245;0;0;0;0;0;0;0;0;0;0;0;0;0;0;0;0;0;0;0;0;0;0;-0,188077374036107;0;0;0;0;0;0;0;0;0;0;0;0;0;0;0;0;0;0;0;0;0;0;0;0,180164913181519;-0,188829948993997;0;0;0;0;0;0;0;0;0;0,196555079631158;0;0;0;-0,172808604394168;0;0;0;0;0;-0,18946915496812;0;0;0;0,200753157580906;0;0;0;0;0;0;0,182463354994411;0,192238340724337;0;0;0;0;0;0;0;0;0;0;-0,184555154105094;0;0;0;0;0;-0,19293308293838;0;0;0;0;0;0;-0,181433155230598;0,212217025736134;0;0;0
"11";0;0;0;0;0;0;0;-0,20272851510484;0;0;0;0;0;0;0;0;0,178499747346907;0;0;0;0;0;0;0;0;0;0;0;0;0;0;0;0;0;0,175009693584216;0;0;0;0,16325600738401;0;0;0,168761623431903;0;0;0;0;0;0;0;0;0;0;0;0;0;0;0,173119669560009;0,176581627664083;0;0;0;0,188246849081607;0;0;0;0;0;0;0;0;0;0;0;0;0;0;0;0;0;0;0;0;0;0;0;0,167677969846349;0;0;0;0;0;0;0;0,174055035538517;0;0;0;0;0;0;0;0;0;0;0;0;0;0;0;0;0;-0,198531409237529;0;0;0;0;0;0;0;0;0;0;0;0;0,188431936933905;0;0;0;0;0;0;0;0;-0,16374236816665;0,182216713158076;0,179351188816598;0;0;0;0;0,185079151096116;0;0;0;0;0;0;0;0;0;0;0;0;0;0;0;0;0;0;0;0
"12";0;0;0,191565213927925;0;0;0;0,204022527982394;0;0;0;0;0;0;0;0;0;0;0;0;0;0;0;0;0;0;-0,187546005135903;0;-0,176462718514698;0;0;0;0;0,181960793658039;0;0,170227148913116;0;0;0;0;-0,163007885584002;0;0;0;0;0;0;0;0,159296039054092;0;0;0;0;0;-0,160728259944687;0;0;0;0;0;0;0;0;0;0;0;0;0,17086915805028;0;0;0,162761245012196;0;0;0;0;0;0;0;0;0;0;0;0;0;0;0;0;0;0;0;0;-0,170402198034269;0;-0,177374770883943;0;0;0;0;0;0;0;0;0;0;0;0;-0,164302413938972;0;0,195262023882267;0;0;0;0;0;0;0;0;0;0;0;0;0;0;0;0;0;0;0;0;0;0;0;0;0;0;0;0;0;0;0;0;0;0,163657570448914;0;0;0;0;0;0;0;0;0;0;0;0;0;0;0;0;0;0;0
"13";0;0;0;0;0;0;0;0;0;0;0,174355319958348;0;0;0;0;0;0;0;0;0;0;0;0;0,228168407828848;0;0;0;-0,212189307244962;0;0;0;0;0;0,200862198910599;0;0;-0,204475402944177;0;0;0;0,199464325983107;0;0;0;0;0;0;-0,191547067042032;0;0;0;0;0;0,193269254941862;0;0;0;0;0;-0,223936082074019;0;0;0,217743709142838;0;0;0;0;0;-0,197364603855431;0;0;0;0;0,206126774261028;0;0;-0,205776348747191;0;-0,194679063673412;0;0;0;0;0;0;0;0;0;0;-0,200694726635608;0;0;0,213286013461607;0;0;-0,19206339858947;0;0;0;0;0;0;0;0;0;0;0;0;0;0;0;0;0;0;0;0,19886989510354;0;0;0;0;0;0;0;0;0;0;0;0;0;0;0;0;0,2110422396299;0;0,21312061407615;0;0;0;0;0;0;0;0;0;0;0;0;0;0;-0,211804938435272;0;0,215376035901166;-0,195734953134155;0;0;0;0;-0,232975150691571;0;0;0
"14";0;0;0;0;0;0;-0,192235439162828;-0,211879736586065;-0,186203435672609;0;0;-0,215324777680267;0;0;0;0;0,201403707867046;0;0,217662160339297;0;0;0,202139203106854;0;0;0;0;0;0;0;0,185616629486311;0;0,21096555555862;0;0;0;0;0;-0,20203524229748;0;0;0;0,190416049378438;0;0;-0,192767950795238;0;0;0;0;0;0;0;0;0;0;-0,190157468618566;0;0;0,2214260734314;0;0;0;0;0;0;0;0;0;0;0;0;0;0,187124542511839;-0,198850648910258;0;-0,199185874153167;0;0;0;0;0;0;0;0;0;0;0;0;0;0,193610348618854;0;0;0;0;0;0;0,197447974084775;0;0;0;0;0,204057633803099;-0,185983217790882;0;-0,199768729610601;0;0;0;0;0;0;0;0;0;0;0;-0,207453021344072;0;0;0;-0,200659858480061;0,19164592601352;0;0;0;0;0;0;0;0;0;0;0,203592601923398;0;0;0;0;0;0;0;0;0;0;0;0;0;0;0;0;0;0;0;0;0;0;0;0;0;0;0,188362722256711;-0,190344692014108
"15";0;0;0;0;0;0;0;0;0;0;0;0;0;0;0;0;0;0;0;0;0;0;0;0;0;0,184231138638818;0;0,173343748568284;0;0;0;0;0;0;0,167218392355399;0;0;0;0;0;0;0;0;-0,196312016652629;0;0;0;0;0;-0,168161043787447;0;0;0;0;0;0;0;0;0;0;0;0;0;0;-0,176462560544164;0;0;0;0;0;-0,175308195017283;0;0;0;0;0;0;0;0;0;0;0;0;0;0;0;0;0;0;0;0;0;0;0;0;0;0;0;0;0;0;0;0;0;0;0;0;-0,19181077713003;0;0;0;0;0;0;0;0;0;0;0;0;0;0;0;0;0;0;0;0;0;0;0;0;0,172406674957754;0;0;0;0;0;0;0;0;0;0,191134043389167;0;0;0,165937149566526;0;0;0;0;0,160784154493207;0;0;0;0;0;0;0;0;0;0
"16";0;0;0;0;0;0;0;0;0;0;0;0,192290754950605;0;0;0;0;0;0;0;0;0;0;0;0;-0,172574967112089;0;0;0;0;0;0;0;0;0,176065641017564;0;0;0;0;0;0;0;0;0;0;-0,175153421137159;0;0;-0,167900467717174;0;-0,18043347144795;0;0,182146068154709;0;0;0;0;0;0;0;0;0;0;0;0;0;0;0;0;0;0;0;0;0;0;0;0,180984894824044;0,180373136134756;0;0;0;0;0;0,170594505202137;0;0;0;0,169687499105326;0;0;0;0;0;0;0;0;0;0;0;0;0;0;0;0;0;0;0;0;0;0;0,189589149170356;0;0;0,196807193320056;0;0;0;0;0;0;0,165474503618973;0;0;0;-0,179362059769463;0;0;0;0;-0,189659591495238;0;0;0;0;0;0;0;0;0;0;0;0;0,172497588684539;0,205083045299013;0;0;0;0;0;0;0;0;0;0;0;0;0;0;0;0;0;0
"17";0;0;0;0,197986603349931;0;-0,194988118358292;0;0;0;0;0;0,208314947560487;0;0;0;0;0;0;0;0;0;0;0;0;0;-0,199263532304695;0;0;0;0;-0,191579196098789;0;0;0;0;0;0;0;0;0;0;0;0;0;0;0;0;0;0;0;0;0;0;-0,170770264045653;0;0;0,178909393013471;0;0;0;0,175402538328144;0;0;0;0;0;0;0;0;0;0;0;0;0;-0,179231436314639;0;0;0;0;0,17101356672541;0;0;0;0;0;0;0;0;0;0;0;0;0,188456818168207;0;0;0;0;-0,177437089942867;0;0;0;0;0;0;0;0;0;0,207461633616507;0;0;0;0;0;0;0;0;0,19001007794626;0;0;0;0;0;0;0;0;0;0;0,187033316243269;0;0;0;0;0;0;0;0;0;0;0;0;0;0;0;0;-0,176086948683;0;0;0;0;0;0,173903384626803;0;0;0;0;0;0;0;0,190883108946726;0;0
"18";0;0;0;0;0,181806876993789;0,186011560889415;0,177415544776033;0;-0,171848563006342;0;0;0;0;0;-0,163327195815061;0;0;0;0;0,175956645987348;0;0;0;0;0;0;0;0;0;0;0;0;0;0,175873908037872;0;0;0;0;0;0;0;0;0;0;0,174962681551946;0;0;0;0;0;0;0;0;0;0;0;0;0;-0,200973758413957;0;0;0;0;0;0;-0,18102900853768;0;0;0,172811431800817;0;-0,18789738260211;0;0;0;0;0;0;0;0;0;0;0;0;0,190966947518535;0;0;0;0;0;0;0;0;0;0;0;-0,168169723741798;0;0;0;0;0,181511211239173;0;0;0;0;0;0;0;0;0;0;0;0;0;0;0;0,188291345945607;0;0;0;0;0;0;0;-0,192972295902899;0;0;0,185341510475437;0;0;0;0;0;0,167687819994015;0;0;0;0;0;0;0;0;-0,20485971277864;0;0;0;0;0;-0,18146135348869;0;0;0;0,171384518012946;0;0;0;0;0;0;0;0
"19";0;0;0;0;0;0;0;0;0;0;0;0;0,179967173362378;0;0;0;0;0;0;0;0;0;0;0,217881553419059;0;0;0;0;0;0;0;0;0,208936012933994;0;0;0;0;0;0;0;0;0,188484610263989;0;0;-0,19081265573795;0;0;0;0;0;0;-0,198430466108961;0;0;0;0;0;0;0;0;0;0;0,2079268468703;-0,190212893468179;0;0;0,196200070898277;0;0;0;0,204919119108686;0;0;0;0,193700016956553;0;0;0;0;0;0;0;0;0;0;0;0;0;0;0;0;0;0;0;0;0;0;0;0;0,188870680742675;0;0;0;0;0;0;0;0;0;0;0;0;0;0;0,181158906991143;0;0;-0,184910980840368;0;0;0;0;0;0;0;0;0;0;0;0;0;0;0,201527509637056;0;0;0;0;-0,173711499763827;0;0;0,206709149585883;0;0;-0,193473062955823;0;0;0;0;0;0;0;0;0;0;0;0;0;0;0;0;0
"20";0;0;0;0;0;0;0;0;0;0;0;0;0,158464087994315;0;0;0;-0,170685579412448;0;0;-0,820273784920573;0,165838711391704;0;0;0;0;0;0;0;0;0;0,184406389256063;0;0;0;0;0;0;0;0;0;0;0;0;0;-0,16994927656449;0;0;0;0;0;0;0;0;0;0;0;0;0;0;0;0;0,187258724613791;0;0;0;0;0;0;0;0;0;0;0,164973899946306;0;0;0;-0,1750139038036;0;0;0;0;0;0;0;0,174706277683836;0;0;0;0;0;0;-0,161511721710522;0;0;0;0;0;0;0;0;-0,176310163772171;0;0;0;0;0;0;0;0;-0,183956091390005;0;-0,197489300197964;0;0;0;0;0;0;0;0;0;0;0;0;0;0;0;0;0;0;0;0;0;0;0;0;0;0;0;0;0;0;0;0,172318795925226;0;0;0;0;0;0;0;0;0;0;0;0;0;0;0;0;0
"21";0;0;0;0;0;0;0;0;0;0;0;0;0;0;0;0;0;0;0;0;0;0;0;0;0;0;0;0;0,161446845194008;-0,158784357977333;0;0;0;0;0;0;0;0;0;0;0;0,16288998584238;0;0;0;0;0;0;-0,165738288252279;0;0;0;0;-0,15949468425268;0;0;-0,167096404681401;0;0,189417279079727;0;-0,163821099792216;0;0;0;0;0;0;0;0;0;0;0;0;0;0;0;0;0;0,16065812330336;0;0;0;0;0;0;0;0;0;0;0;0;0;-0,176013434639694;0;0;0;0;0;0;0;0;0;0;0;0;0;0;0;0;0;0;0;0;0;0;0;0;0,159801625230846;0;0;0;0;0;0;0;0;0;0;0;0,158838186561918;0;0;0;0;0;0;0;0;0;0;0;0;0;0,167201048624695;0;0;0;0;0;0;0;0;0;0;0;0;0;0;0,17827952284766;0;0
"22";0;0;0;0;0,196726739347354;0;0,191975035325621;0;0;0;0;0;0;0;0;0;0;0;0;0;0;0;0,185856583195936;0;0;0;0;0;0;0;0,192278813738747;0;0;0;0;0;0;0;0;0;0;0;0;0;0;0;0;0;0;0;0;0;0;0;0;0;0;0;0;0;0;0;0;0,176647528658039;0;0;-0,182207720069779;0;0;0;0;0;0;-0,182796119457091;0;0;0;0;0;0;0;0,174051384889455;0;0;0;0;0;0,172036286877031;0;0;0;0;0;0;0;0;0;0;0;0;0;0;0;0;0;0;0;0;0;0;0;0;-0,19911186188695;0;0;0;0;0;0;0;0,184459259559762;0;0;0;0;0;0;-0,187716333031982;0;0;0;0;0;0;0;0;0;0;0;0;0;0;0,20748462646142;0;-0,176729991027752;0;0;0;0;0,18783159522395;0;0;0;0;0;0,174265574195531;0;0;0;0;0
"23";0;0;0;0;0;0;0;0;0;0;0;0;0;0;0;0;0;0;0;-0,152817929731722;0;0;0,670310023473576;0;0;0;0;0;0;0;0;0;0;-0,178163287565985;0;0,191083815618029;0;0;0;0;0;0;0,182383395045673;0;0;0;0;0;0;0;0;0;0,175886653709339;-0,17142840232072;0;0;0;0;0;0;0;0;0;0;0;0;0;0;0;0;0;0;0;0;0;0;0;0;0;0;0;0;0;0;0;0;0;0;0;0;0;0;0;0;0,171075460657289;0;0;0;-0,188493451775426;0;0;0,187620481385017;0;0;0;0;-0,165136856404598;0;0;0,191847914833417;0;-0,205961706180005;0;0;0;0;0,19074236530111;0,171758309249847;0;0;0;0;0;-0,181498979860281;0;0;0;0;0;0;0;0;0;0;0;0;0;0;0;0;0;0;0;0;0;0;0;0;0;0;0;0;0;0;0,189250788089064;0;0;0;0;0;0
"24";0;0;0;0;0;0;0;0;0;0;0;0;0;0;0;-0,186144825035379;0;0;0;0;0;0;0;0,957316650077701;0;0;0;0;0;0,185803722198864;0;0;0;0,193967222089946;0;0;0;-0,202238884188928;0;0;0;0;0,198561673258528;0;0;0;0;0;0,193940960308809;0;0;0;0,191488639936896;0;0;0,190349138280463;0;0,199440291061085;0;0;0;-0,212615586733571;0;0;0;0,199652661929759;0;0;0;0;0;0;0;0;0;0;-0,198712684391499;-0,189058148780399;0;0;0;0;0;0;0;0;0;0;0;0;0;0;0;0;0;0,185470457316534;0,197646992228579;0;0;0;0;0;0;0;0;0;0;0;0;0;0;0;0;0;0,183199748848393;-0,192043307898473;0;-0,186994091606666;0;0;0;0;0;0;0;0;0;0;0;-0,185866710464862;0;0,193435048712999;0;0;0;0;0;0;0;0;0;0;0;0;0;0;0;0;0,200129485070085;0;0;0;0;0;0;0;0;0;0;0,188552582899847;0
"25";0;0;0;0;0;0;0;0;0;0;-0,19345573609554;0;0;0;0;0;0,195606202856639;0;0;0;0;0;0;0;0;0,187911936646323;0;0;0;0;0;0,182219549768632;0,182315827549656;0;0;0;0,17037940370125;0;0;0;0;0;0;0;0;-0,166902823770842;0;0;0;0;0;0;0;0;0;0;0;0;0;0;0;0,183459830191737;-0,181435237633855;0;0;0;0;0;0;0;0;0;0;0,171755411065477;0;0,172044958772315;0;0;0;0;0;0;0;0;0;0;0;0;0,170178055110856;0;0;0;0;0;0;0;0;0;0;0;0;0;0;0;0;0;0;0;0;0;0;0;0;0;0;-0,165708606776148;0;0;0;0;0;0;0;0;0;0;0;0;0;0;0;-0,16690949960544;0;0;0;0;0;0;0;0;0;0;0;0;0;0;0;0;0;0;0;0;0;0;0;-0,163740102467222;0;0;0;0;0
"26";0,174558264722703;0;0;0;0;0;0;0,188239225015881;0;0;0;0;0;0;0,157224778855633;0;0;0;0;0;0;0;0;0;0;0;0;0;0;-0,183644212103336;0;0;0;0;0;0;0;0;0;0;0;0;0;-0,229358671307451;0;0;0;0;0;0;0;0;0;0;0;0;0;0;0;0;0;0,210144454828438;0;0;0;0;0;0;0,188374553480463;0;0,204819120928393;0,189889859204139;0;0;0;0;0;-0,186860814000979;0;0;0;0;0;0;0,196057916952573;0;0;0;0;0;0;0;0;0;0;0;0;0;0;0,188778514016276;0;0;0;0;0;0,188567760045205;-0,177695723674129;0;0;-0,206438191957417;0;0,221625355027621;0;0;0;0;0;0;0;0;0;0;0;0;0;0;0;0;0;0;-0,195407093899826;0;0;0;0;0;0;0;0;0;-0,206608277891244;0;0;0,19337865031968;0;0;0;0;0;0;0;0;0;0;0;0;-0,190107390128779;0;0;0;0
"27";0,18290412524413;0;0;0;0;0;0;0;0;0;0;0;0;0;0;0;0;0;0;0;-0,185467322585125;0,188609874365632;0;0;0;0;0;0;0;0;0;0;0;0;0;0;0;0;0;0;0;0;0;0;0;0;0;0;0;-0,170201316837038;0;0;0;0,159803020185686;0;0;0;0;-0,189783461524905;0;0;0;0;0;0;0;0,169885541736201;0;0;0;0;0;0;0;0;0;0;0;0;0;0;0;-0,160920305958546;0;0;0;0;0;0;0;0;0;0;0;-0,159474013189166;0;0;0;0;0;0;0;0;0;0;0;0,153938134172501;0;0;0;0;0;0,185646505591608;0;0;0;0;0;0;0;0;0;0;0;0;-0,166030396790441;0;0;0;0;0;0;0;0;0,17621694564633;0;0;0;0;0;0;0;0;0;0;0;0;0,167605158195073;0;0;0;0;0;0;0;0;0;0;0;0;0
"28";-0,172597739711589;0;0;0;0;0;0;0;0;0;0;0;0;0;0;0;0;0;0;0;0;0;0;0;0;0;0;0;0;0;0;0;0;0;0,183821993285855;0;0;0;0;0;0;0;0;0;0;0;0;0;-0,180358877926769;0,184858243322542;0;0;0;0;0;0;0;0;0,206126709012222;0;0;0;0;0;0;0;0;0,180536757378087;0;0;0;0;0;0;0;0;0;0;0;0;0;0;0;0;0;0;0,173848747389726;0;0;0;0;0;0;0;0;0;-0,183805368846204;-0,180340406836271;0;-0,177622390604042;0;0;0;0;0;0;0;-0,21085622753036;0;0;0;0;0;-0,175064917258106;0,170369895488557;0;0;0;0;0;0;0;0;0;0;0;0;0;0;0;0;0;0;0;0;0;0;0;0;0;0;0;0;0;0;0;0;0;0;0;0;0,193417379796362;0;0,188688935893057;0;0;0;0;0;0;0
"29";0;0;0;0;0;0;-0,185658245444814;0;0;0;0;0,207957599280389;0;0,19594316774843;0;0;0,189564299817645;0;0;0;-0,192417427279455;0,195677741389074;0;0;0;0,174080781099795;0;0;0;0;0;0;0;0;0;0;0;0;0;0;0;0,163429965294377;0;-0,198967864648568;0;0;0;0;0;0;0;0;0;0;0;0;0;0;0;0;0;0;-0,180287808751008;0;-0,178849871039827;0;0;0;0;0;0;0;0;0,170669199136571;0;0;0,170379053220214;0;0;0;0;0;0,161142234945652;0;0;0;0;0;0;0;0;0;0;0;0;0;0;0;0;0,163764716682538;0;0;0;0;0;0;0;0;0;0;0;0;0;0;0;0;0;0;0,178593937731506;0;0;0;0;0;0;0;0;0;-0,179150966299934;0;0;0;0;0;0;0;0;0;0;0;0;0;0;0;0;0;0;0;0;0;0;0;0;0;0,176660085044538;0;0;0;-0,178870518534422;0;0
"30";0;0;0;0;0;0;0;0;0;0;0;0;0;0;0;0;0;-0,160361055089235;0;0;0;0;0;0;0;0;0;0;0;0;0;0;0;0;0;0;0;0;0;0;0;0;0;0;0;0;0;0;0;0;0;0;0;0;0;0;0;0;0;0;0;0;0;-0,162208608585733;0;0;0;0;0;0;0;0;0;0;0;0;0;0;0;0;0;0;0;0;0;0;0;0;0;0;0;0;0;0;0;0;0;0;0;0;0;-0,172249963599901;0;0;0;0,160884191228888;0;0;0;0;0;0;0;0,158744944946653;0;0;0;0;0;0;0;0;0;0;0;0;0;0;0;0;-0,166719444802889;-0,163118767730515;0;0;0;0;0;0;0;0;0;0;0;-0,164988796335902;0;0;0;0;0;0;0;0;0;0;0;0;0,162197788742736;0;0;0;0,160674539147609
"31";0;0;0;0;0;0;0;-0,200873076208968;0;0;0;0;0;0;0,167777066561665;0;0;0;0;0;0;0,192084775931681;0;0;-0,191685164761777;0;0;0;0;0;0;0;0;0;0;-0,197686671948414;0;0;0;0;0;0,181127517713378;0;0;0;0,183806621997257;0;0;0;0,188892274387868;0;0,190685158404635;0;0;0;0;0;0;0,210624866803855;0,20549325250725;0;0,202040510147586;0;0;0;0,189722335452103;0;0;-0,181110136430143;0,17959532321394;0;0;0;0;0;0;0;0,179654772323984;0;0;0;-0,180101947363118;0;0;0;0;0;0;0;0;0;-0,174261096333482;0;0;0;0;0;0;0;0;0;0;0;0;0;0;0;0;0;0;0;0;0;0;0;0;0;0;0;0,17323202336551;0;0;0;0;0;0;0;0;0;0;0,187871476171996;0,183813973955592;0;0;0;0;-0,185111767782299;0;0;0;0;0;0;0;-0,182873670104839;-0,18639421402902;0;0;0;0;0;0;0;0;0;0;0;-0,213787885478648;0;0;0
"32";0;0;-0,197635419422805;0;0;-0,220685867983979;0;0;0;0;0;0;0;0;0;0;0;0,205021946876443;0,219394454326553;0;-0,218150602617775;0;0;0;0;0;0;0;0;0,190253866286481;0;-0,0445296778343618;0;0;0;0;0;0;0;0;0;0;0;0;0;0;0;0;0;0;0;0;0;0;0;0;0,187403300025927;0;0;0;0;0;0;0;0;0;0;0;0,182668152623441;0;0;0;0;0;0;0;0;0;0;0;0,182862599903443;0;0;0,201859212390274;-0,190118765168784;0;0;0;0;0;0;0;0;0;0;0;0;0;0;0;-0,191864145166734;0;0;0,204921020028361;0;0;0;-0,21731108754908;0;0;0;0;0;0;0;0;0;0;0;0;0;-0,183865630469584;0;0;0;0;0;0;0;0;-0,189487657396882;0;-0,19532730431717;0;0;0;0,18670420836823;0;0;-0,18022649380967;0;0;0,216544385347001;0;0;0;0;0;0;0;0;0;0;0;0,197474608240656;0;0;0;0;-0,180715715721784;-0,182617222978399
"33";0;0;0;0;0;0;0;0;0;0;0;0;0;0;0;0;0;0;0;0;-0,174292353952542;0;0;-0,182348119734144;0;0;0;0;0;0;0;0;0;0;-0,189549362446839;0,199492637827678;0;-0,193935583162397;0;0;0;0;0;0,222528258243703;0;-0,185485786730206;0;0;-0,185978346287886;0;0;0;0;0;0;0;0;0;0;0;0;0,20388625050003;0;0;0;0;0;0;0;0;0;0;0;-0,190878661168676;0;0;0;0;0;0;0;0;0;0;0;0;-0,179265378646286;0;0,189125682377867;0;0;0;0;0;0;0;0;0;0;0;-0,191965518779928;0;0;0;0;0;0;0;0;0,200290361944431;0;0;0;0;0;0;0;0;0;0;0;0;0;0,189486012398549;0;0;0;0;0;0;0,189587775365612;0;0;0,177345956420344;0;0;0;0;0;0;0;0;0;0;0;-0,188097017699651;0;0;0,191912789425795;0;0;0;0;0;0;0;0;0;0;0;0
"34";0;0;0;0;0;0;0;0;0;0;0;0;0;-0,182633940041607;0;0;0;0;0;0;0;0;0;0;0;0,162256532356336;0;0;0;0;0;0;0;-0,949441737728193;0;0,183137269113007;0;0;0;0;0;0;0;0;0;0;0;0;0;0;0;0;0;0;0;0;0;0;0;0;0;0,187170672225607;0;0;0;0;0;0;0;0;0;0;0;0;0;0;0;0;0;0;0;0;0;0;0;0;0;0;0;-0,170611694160615;0;0;0;0;0;0;0;0;0;0;0;0;0;0;0;0;0;0;0,16865076904172;0;0;0;0,190869880943444;0;0;0;0;0;0;0;0;0;0;0;0;0;0;0;0;0;0;0;-0,179408172034746;0;0,181175009615978;0;0;0;-0,165732374021979;0;0,184021083458281;0;0;0;0;0;0;0;0;0;0;0;0,166395363348533;0;0;0;0;0;-0,183649967792541;0;0
"35";0;0;0;0;0;0;0,177319222078714;0;0;-0,167301792256363;0;0;0;0;0;0;0;0;-0,184822656300348;0;0;0;0;0;0;0;0;0;0;0;0;0;0;0;0;0;0;0;0;0;0;0;0;0;-0,173107626272847;0;0;0;0;0;0;0;0;0;0,17214707676802;-0,170763386106537;0,175411329797426;0;0;0;0;0;0,188633834380183;0;0;0;0,177995156644162;0;0;0;0;0;0;0;0;0;0;0;0;0;0;0;0;0;0;0;0;0;0;0,173864108286698;0;0;0;0;0;0;0;0;0;0;0;0;0;0;0;0;0;0,203405312720935;0;0;0,186933710231935;0;0;0;0;-0,172283236121219;0;0;0;0;0;0;0;0;0;0;0;0;0;0;0;0;0;0;0;0;-0,174756973138231;0;0;0;0;0;0;0;0;0;0;0;0;0;0;0;0;0;0;0;0;0;-0,187150933845553;0;0
"36";0,195892175821908;0;0;0;0;0;0;0;0;0;0;0;0;0;0;0;0;0;0;0;0;0;0;0,207818375633999;0;0;0;0;0;-0,173235967545016;0;0;0;0;0;0;0;0;0;0;0;0;0;0;0;0;0;0;0;0;0;0;0;0;-0,181177472693467;0;0;0;0;-0,204175015255885;0;0;0;0;0;0,188505268482958;0;0;0;0;0;0;0;0;0;0;0;0;0;0;0;0;0;0;0;0;0;0;0;0,182984575299735;0;0;0;0;0;0;-0,186611583210471;0;0;0;0;0;0;0;0;0;0;0;0;0;0;0;0;0;0;0;0;0;0;0;0,189647192134147;0;-0,173618921073844;0;0;0;0;0;0;0;0;0;0;0;0;0;0;0;0;0;0;0;-0,213320149464561;0;0;0;0;0;0;0;0;0;0;0;0,19453431165093;0,179166808490413;0;0,212416438236027;0;-0,178024950527307;0,179898145306932
"37";0;0;0;0;0;0;0;0;0;0;0;0;0;0;0;0;0;0;0,194035380122325;0;0;0;0;0;0;0;-0,182894735587121;0;0;0;0;0;0;0;0,181225698176683;0,195882119403885;-0,162819829303771;0;0;0;0;0;0,177943031356308;0;0;0;0,162735904032952;0;0;0;0;0;0;0;0;0;0;0;0;0;0;-0,190537586615279;0;0;0;0;0;0;0;0;0;0;0,167862559221792;0;0;0;0;0,169426352752349;0;-0,167493046342091;0;-0,1698480684404;0;0;0;0;-0,167528671144662;0;0;0;0;0;0;0;0;0;0;0,173784333592234;0;0;0;0;0;0;0;0;0;0;0;0;0;0;0;0;0;0;0;0;0;0,163369274965872;0;0;0;0;0;0;0;0,183183010008493;0;0;0;0;0;0;0;0;0,174572661005274;0;0;0,168515851265398;0;0;0;0;0;0;0;0;0;0;0;0;0;0;0;0;0;0;0;0;0
"38";0;0;0;0;0;0;0;0;0;0;0;0;0;0;0;0;-0,169448687038944;0;0;0;0;0;0;0;0;0;0;0;0;0;-0,16605199129361;0;0;0;0;0;0;0;0;0;0;0;0;0;0;0;0;0,169779267326527;0;0;0;0;0;0;-0,176130604143137;0;0;0;0;0;0;0;0;0;0;0;0;0;0;0;0;0;0;0;0;0;0;0;0;0;0;0;0;0;0;0;0;0;0;0;0;0;0;0;0;0,170236921902895;0;0;0;0,175310828888466;0;0,187486235624188;0;0;0;0;0;0;0;0;0,191259404086409;0;0,19900945804841;0;0;0;0;0;0;0;0;0;-0,168782603073138;0;0;0;0;0;0;0;0;0;0;0;0;0;-0,178800894182716;0;-0,172799971227327;0;0;0;0;0;0;0;0;0;0;0;0;0;0;0;0,189115375815059;0;0;0;0;0;0
"39";0;0;0;0;-0,169829098986126;0;0;0;0;0;0;0;0;0;0;0;0;0;0;0;0;0;0;0;0;0;0;0;0;0;0,165821812193158;0;0;0;0;0;0;0;0,802360080415383;0;0;0;0;0;0;0;0;0;0;0;0;0;0;0;0;0;0;0;0;0,180969388334562;0;0;0,175965148145502;0;0;0;0;0;0;0;0;0;0;0;0;0,166857976724188;0;0;0;0;0;0;0;0;0;-0,158487239246835;0;0;0;0;0,165587200859683;0;0;0;0;0;0;-0,162284100097982;0;0;0;0;0;0;0;0;0;0;0;0;0;0,187649546226448;-0,181445253285237;0;0;0;0;0;0;0;0;0;0;0;0;0;0;0;0;0;0;0;0;0;0;0;0;0;0;0;0;0;0;0;-0,161049259854417;0;0;0;0;0;0;0;0;0;0;0;-0,160963376629509;0;0;0;0
"40";0;0;0;0;0;0;0;0;0;0;0;0;-0,1783052653869;0;0;0,177283417166487;0;0;0;0;0;0;0;0;0;0;0;0;0;0;0,188207108860203;0,217368454881162;0;0;0;0,197925200313151;0,192243559204514;0;0;0;0;0;0;0;0;0;0;0;0;0;-0,176416387583708;0;0;0;0;0;0;0;0;0,185770966505238;0;-0,182649602288057;0;0;0;0;0;0;0;-0,162358599935525;-0,17802102372438;0;0;0;0;0,171285143252269;0;0;0;0;0;0;0;0;0;0;0;0,160931574527325;0;0;0;0;0;-0,168879761719475;0;0;0;0;0;0;0;0;0;0;0;0;0;0;0;0;0;0;0;0;0;0;0;0;0;0;0;0;0;0;0;0;-0,164126790147053;0;0;0;0;0;0;0;0;0;-0,167345601827961;0;0;0;0;0;0;0;0;0;0;0;0;0;0;0;0;0;0;0;0;0;0,179213939762369;0;0,163682379473731
"41";0;0;0;0;0;0,191900770205048;0;0;0;0;0;0;0;0;0;0;0;0;0;0,167983025980879;0,189696191448405;0;0;0;0;0;0;0;0;0;0;0;0;0;0;0;0;0;0;0;0;0;0;0;0;0;0;0;0;0;0;0,175421676265955;-0,167398952650297;0;-0,167751159763933;0;0;0;0;0;0;0;0;0;0,182350829360985;0;0;0;0;0;0;0;0;0;0;0;0;0;0;0;0;0;0;0;0;-0,165559121278277;0;0;0;0;0;0;0;0;-0,162819931667598;0;0;0;0;0;0,175000830146645;0;0,162750003643193;0;-0,174813415200064;0;0;0;0;0;0;0;0;0;0;-0,167883842176209;0;0;0;0;0;0;0;0;0;0;0;0,178693745540025;0;0;0;0;0,178159605465137;0;0;0;0;0;0;0;0;0,166129395300345;0;0;0;0;0;0;0,174952760676642;0;0;0;-0,165237357636426;0;0;0;0;0;0;0;0
"42";0;0;0;0;0;0;0;0;0;0;-0,185426691860034;0,205679735688842;0;0;0;0;0;0;-0,19139489181035;0;0;0;0;0;0;0,172173987240723;0;0;0;0;0;0;0;0;0;0;0;0;0;0;0;0;0;0;0;0;0;0,160015138859199;0;0;0;0;0;0;0;0;0;0;0;0;0;0;0;0;0;0;0;0;0;0;0;0;0;0;0;-0,172485064934245;0;0;0;0;0;0;-0,162582652744713;-0,182196727101826;0;0;-0,161718243559315;0;0;0;0;0;0;0;0;0;0;0;0;0;0;0;0;-0,184960293471026;0;0;0;0;0;0;0;0;0;-0,16284955372368;0;0;0;0;0;0;0;0;0;0;0;0;0;0;0;0;0;0;0;0;0;0;0;0;0;0;0;0;0;0;0;0;0;0;0;0;0;0;0;0;0;0;0;0;-0,180469405869646;0;0
"43";0;0;0;0;0;0;0;0;0;0;0;0;0;0;0;0;0;0;0;0;0;0;0;0;0;0;0;0;0;0;0;0;0;0;0;0;0;0,153809107510208;0;0;-0,169634664084063;0;-0,521591858705506;0;0;0;0;0;0;0,179135069840858;0;0;0;0;0;0;0;0;0;0;-0,172753282621847;0;0;-0,173346434380084;0;0;0;0;0;0;0;0;0;0;0,176524349462132;0;0;0,170374729680143;0;0;0;0;0;0;0;-0,170668420615675;0;0;0;0;0;0;0;0;0;0;0;0;0;0;0;0;0;0;0;0;0;0,204328161764075;0;0;0;0;0;0,169644943152452;0;0;0;-0,168514650200429;0;0;0;0;0;0;0;0;0;0;0;0;0;0;0;0,166662629494383;0;0;0;0;0;0;0;0;0;0;0;0;0;-0,176402640572456;0;0;0;0,187429217196462;0;0;0;0;0;0;0;0,169919125672644;0
"44";0;0;0;0;0;0;0,168695475870129;0;0;0;0;0;0;0;0;0;0;-0,164315122024212;0;0;0;0;0;0;0;0,158175793039059;0;0;0;0;0;0;0;0;0;0;0;0;0;0;0;-0,170065733583429;0;0,442901823669672;0;0;0;0;0;0;0;-0,211339277445018;0;0;-0,202098222122359;0;0;0;0;-0,227751314617537;0;0;0;0;0;0;0;0;0;0;0;0;0;0;0;0;0;0;0;0,196842061294544;0;-0,199609742785503;0;0;0;0;0;0;0;0;0;0;0;-0,207043051276919;0;0;0;0;0;0;0;0;0;0;0;0;0;0;0;0;-0,219457519708685;0;-0,228350194179953;0;0;0;0;0;0;0;0,211545948792731;0;0;0,208109065964203;0,224144754330778;0,204221852849062;0;-0,215281303144758;0,220057020352897;0;0;0;0;0;0,216751581872796;0;0;0;0;0,198044087490872;0;0;0,237952446895007;0;0;0;0;0;0,210774351354141;0;0;0;0;0;-0,216997389035041;0;0;0;0;0;0
"45";0;0;-0,171872204905513;0;0;0;0;0;0;0;0;0;0;0;0;0;0;0;0;0;0;0;0;0;0,192526212045424;0;0;0;-0,186579444056191;0;0;0;0;0;0;0;0;0;0;0;0;0;0;0;-0,701207214733586;0,169396529926197;0;0;0,169846364284527;0;0;0;0;0;0;0;0;0;0;0;0;0;0;0;0;0;0;0;0;0;0;0;0;0,174321620049319;0,171546378477143;-0,174615493907643;-0,17402526484026;0;0;0;0;0;0;0;0;0;0;0;0;0;0;0;0;0;0;0;0;0;0;0;0;0;0;0;-0,175126451795642;0;0;0;0;0;0;0;0;0;0;0;0;0;0;0;0;0;0;0;0;0;0;0;0,182984902002235;0;0;0;0;0;0;0;0;0;0;0;0;0;0;0,171345381401779;0;0;0;0;0;0;0;0;0;0;0;0;0;0;0;0,165127421412181;0
"46";0;0;0;0;0;0;0;0;0;0;0;0;0;-0,181524209220179;0;0;0;0;0;0;-0,178257919010112;0;0;0,1864969725985;0;0;0;0;0;0;0;0;0;0;0;0;0;0;0;0;0;0;0;0;0;0,336804603459314;0;0;0;0;0;0;0,168102884579963;0;0;0;0;0;0;0;0;0;0;0;0;0;0;-0,170423627874636;0;0,16591429930236;0;0;0,164437335328646;0;0;0;0;0;0;0;0;0,166382330369185;0;0,184891646340214;0;0;0;0;0;0;0,173703274906255;0,160986417554923;0;0;0;0;0;0;0;0;0;0;0;0;0;0;0;0;0;-0,183357788689547;0;0;0;0;0;0;0;0;0;0;0;0;0;0;0;0;0;0;0;0;0,173560000172417;0;0,178908787182694;0;-0,180670706749801;0;0;0;0;0;0;0;0;0;0;0;0;0;0;0;0;0;0;0;0;0;0;0;0;0;0
"47";0,172817640018752;0;0;0;0;0;0;0;0;0,159531550562398;-0,17074307879581;0;0;0;0;0;0;0;0;0;0;0;0;0;0;0;0,166119830689884;0;0;0;0;0;0;-0,160638575572419;0;0;0;0;0;0;0;0;-0,156706843731156;0;0;0;0;0;0;0,163826070132443;0;0;0;0;0,158149558676459;0;0;-0,164370953383035;0;0;0;0;0;0;0;0;0;0;0;0;0;0;0;0;0;0,164326739570102;0;0;0;0;0;0;0;0;0,163483423477629;0;0;0;0;0;0;0;0;0;0;0;0;0;0;0;0;0,168345901986344;0;0;0;0;0;0;0;0;0;0;0;0;0;0;0;0;0;0;0;0;0,151551709699401;0;0;0;0;0;0;0;0;0;0;0;0;0;0;0;0;0;0;0;0;-0,161249309760809;0;0;0;0;0;0;0;0;-0,155779639460254;0;0;0;0;0;0;0;0
"48";0;0,199578756553873;0;0;0;0;0;0;0;0;0;0;0;0,209115478629956;0;0;0;0;0;0;0,205352719692419;0;0;0;0;0;0;0;0;0;0;0;0;0;0;0;0;0;0;0;0;0;0,183635419128839;0;0;0;0,183930832405018;0;0;0;0;0;0;0;0;0;0;0;0;0;0;0;0;0;0;0;0;0;0;0;0;0,161286839492204;0;0;0;0;0;0;0;0;0;0;0;0;0;0;0;0;0;0;0;0;0;0;0;0;0;0;0;0;-0,168054591111943;0;0;0;0;0,160163887504492;0;0;0;0;-0,174929791139433;0;0;0;-0,153795939186589;0;0;0;0;0;0;0;0;0;0;0;0;0,171600925068905;0;0;0;0;0;0;0;0;0;0;0;0;0;0;0;0;0,161557758229885;0;0;0;0;0;0;0;0;0;0;0;0;0;0;0;0
"49";0;0,174818213817982;0;0;0;0;0;0;0,168111297136233;0;0;0;0;0;0;0;0;0;0;0;0;0;0;0;0;0,162734355478787;0;0;0;0;0;-0,20056324491653;0;0;0;0;0;0;0;0;0;0,174966959305161;0;0;0;0;0;0;0;0;0;0;0;0;0;0;0;0;0;0;0;0;0;0,169312503254389;0;0;0;0;0;0;-0,182402824479299;0;0;0;0;0;0;0;0;0;0;0;0;0;0;0;0;0;0;0;0;0;0;0;0;0;0;0;0;0;-0,176203399675841;0;0;-0,18819451837997;0;0;0;0;0;0;0;0;0;0;0;0;0;0;0;0;0;0;0;0;0;0,170678738819417;0;0;0;0;0;0;0;0;0;0;0;0;0;0;0,183996168313514;0;-0,198869136522088;0;0;0;0;0;0;0;0;0;0;0;0;0;0;0;0;0;0
"50";0;0;0;0;0;0;0;0;0;0;0;0;0;0;0;0;0;0;0;0;0;0;0;0,192651383781133;0;0;0;0;0;0;0;0;0;0;0;0;0;0;0;0;0;0;0;0,164552650327131;-0,178553583132203;0;0;0;0;0;0;0;0;0;0;0;0;0;0;0;0;0;0;0;0;0;0;0;0;0;0;0;0;0;0;0;0;0;0;0;0;0;0;0;0;0;0,16865094394033;0;0;0;0;0;0;0;0;0;0;0;0;0;0;0,184278881463216;0;-0,19288935743312;0,180405689107868;0;0;0;0;0;-0,187987501786597;0;0;0;0;0;0;0;0;0,164463684010542;0;0;0;0;-0,192002591030587;0;0;0;0;0;0;0;0;0;0;0;0;0;0;0;0;0;0;0;0;0;0;0;0;0,184523383173981;0;0;0;0;0;0;0;0;0;0,170105235074552;0
"51";0;0;0;0;0;0;0;0;0;0;0;0;0;0;0;0;0;0;-0,184857701167138;0;0;0;0;0;0;0;0;0;0;0;0;0;0;0;0;0;0;0;0;0;0;0;0;0;0;0;0;0,192926054953058;0;0;0;0;0;-0,173949247304633;0;0;0;0;0;0;0;0;0;0;0,194414059660833;0;0;0;-0,177635207915282;0;0;0,179064125156528;0;-0,185521474912416;0;0;0;0;0;0,17419707919883;0;0;0;-0,196297508063591;0;0;0;0,174601221156526;0;0,180632437615465;0;0;0;0;0;0;0;0;0;0;0;0;0;0;0;0;0;0;0;0;0;0;0;0;0;0;0;0;-0,194135854073186;0;-0,1872094112086;0;0;0;0,19835883278897;0;0;0;0;0,173233253039995;0;0;0;0;0;0;0;0;0;0;0;0;0;0;0;0;0;-0,182442053213576;-0,186526579403063;0,190632025912775;0;0;0;0;0;0;0;0,209685974707529;0;0;0
"52";0;0;0;0;0;0;0;0;0;0;0;0;0;0;0;0;0;0;0;0;-0,185994486051968;0;0;0;0;0;0;0;0;0,162209820439298;0;-0,207385597272586;0;0;0,174706134136384;0;0;0;0;0;0;0;0;0,166209472893384;-0,180351376150004;0;0,166592001769065;0;0;0;0;0;0;0;0;0;0;0;0;0;0;0;0;0;0;0;0,18069753650166;0;0;0,172123257042048;0;0;0;0;0;0;0;0;0,171213210759144;0;0;0;0;0;0;0;0;0;0;0;0,18020371698794;0;0;0;0,169623388928894;0;0;0;0;0;0;0;0;0;0;0;0;0;0;0;0;0;0;0;0;0;-0,189123362815326;0;0;0;0,182930414664124;0;0;0;0;0;0;0;0;0;0;0;0;0;0;0;0,177410189849685;0;0;0;0;0,173071139036475;0;0;0;0;0;0;0;0;0;0;0;0,184784841519194;0;0;0;0;0;0;0
"53";0;0,178789492076541;0;0;0,181893262628679;0,186099944382108;0;0;-0,171930216943012;0;0;0;0;0;0;0;0;0;0;0;0;0;0;0;0;0;-0,174388420842859;0;0;0;0;0,20511936316421;0;0;0;0;-0,181410299199161;0;0;0;0;0;0,16450690384197;0;0;0;0;0;0;0;0;0;0,81365792453289;0;0;0;0;0;0;0;0,166599578816105;0,184778938804084;0;0;-0,181282294876393;0;0;0;0;0;0;0;0;0;0;0;0;0;0;0;0;0,164714723230486;0;0;0;0;0;0;0;0;0;0;0;0;0;0;0;0;0,178346160854551;0;0;0;0;0;0;0;0;0;0;0,181520040915031;0;0,194874035327342;0;0;0;0;0;0;0;0;0;0;0;0;0;0;0;0;0;0;0;0;0;0;0;0,17604715566004;0;0;0;0;0;0;0;0;0;0;0;0;0;0;0;0;0;0;0;0;0;-0,195522663148381;0,181303223184487;0;0
"54";0;0;0;0;-0,195862985538989;0;0;0;0;0;0;0,214088966616829;0;-0,201720304735434;0;0;0;-0,186169199149127;-0,199220085859146;0;0;0;0;0;0,201027964261951;0;0;0;0;0;0;0;0;0;0;0;0;0;0;0;0;0;0;-0,177018883449413;0;0;0;0;0;0;0;0;0;0;0;0;-0,165623157016592;0;0;0;0;0;0;0;0;0;0;0;0;0;0;0;0;0;0;0;0;0;0;0;0;0;0;0;0;0;0;0;0;0;0;0;0;0;0;0;0;0;0;0;0;0,173020528639374;0;0;0;0;0;0;0;0;0;0;0;0;0;0;0;0;0;0;0;0;0;0;0;0;0;0;0;0;0;0;0;0;0;0;0;0;0;0;0;0;0;0;0;0;0;0;0;0;0;0;0;0;0;0;0,162923385096273;0;0,176707676396389;0;0
"55";-0,179153571469783;0;0;0;0;-0,183775443018657;0;0;0;0;0;-0,196335920863605;0;0;0;0;0;0;0;0;0;0;0;0;0;0;0;0;0;0;0;0;0;0;0;0;0;0;0;0;0;0;0;0;0;0;0;0;0;0;0;0;0;0;0;-0,165775779756299;0;0;0;0;0;0;0;0;0;0;0;0;-0,165985275963089;0;0;0;0;0;0;0;0;0;0;0;0;0;0;0;0;0;0;0;0;0,168785936962382;0;0;0;0;0;0;0;0;0;0;0;-0,177893687819272;0;0;0;0;0;0;0;0;0;0;0;0;0;0;0;0;0;0;0;0;0;0;0;0;0;0;0;0;0,172181963045618;0;-0,177488281589219;0;0;0;-0,169652723282065;0,152990307084599;0;0;0;0;0;0;0;0;-0,159554035506856;0;0;0,178129717638103;0;0;0;0;0;0;0;0;0;0;0
"56";0;0;0;0;0;0;0;0;0;0;0;0;0;0;0;-0,166120175300338;0;0;0;0;0;0;0;0;0;0;0;0;0;0;0;0;0;0;0;0;0;0;0;0;0;0;0;-0,163240518379923;0;0;0;0;0;0;0;0;0;0;0;0;0;0;0;0,186818327122074;0;0;0;0;0;0;0;0;0;0;0;0;0;-0,171960939862233;0;0;0;0;0;0,161464291260236;0;0;0;-0,181949307998794;0;0;0;0;0;0;0;0;0,177933523996651;0;0;0;0;0;0;0;0;0;0;0;0;0;0;0;0;0;0;0;0;0;0;0;0;0;0;0,157488951166291;0;0;0;0;0;0;0;0;0;0;0;0;0;0;0;0;0;0;0;0;0;0;0;-0,169025005725433;0;0;0;0;0;0;0;0;0;0;0,177997168874576;0;0;0;0;0;0
"57";0;0;0;0;0;0;0;0;0;0;0;0;0;0;0;0;0;0;0;0;0;0,17681591643207;0;0;0;0;0;0;0;0;0;0;0,154890497179421;0;0;0,17652549185536;0;0;0;0;0;0;0;0;0;0;0;0;0;0;-0,163348352168144;0,165289972645987;0;0;0;0;0,149379378184676;0;0;0;0;0;0;0;0;0;0;0;0;0;0;0;0;0;0;0;-0,176341180231223;0;0;0;0;0;0;0;0;0;0;0;0;0;0,175591709950165;0;0;0;0;0;0;0;0;0;-0,177647270820465;0;0;0;0;0;0;0;0;0,18535118388559;0;-0,198987026305226;0;0;0;0;0;-0,165941891989233;0;0;0;0;0;0,175352704877407;0;0;0;0;0;0,164941433856805;0;0;0;0;0;0;0;0;0;0;-0,185503896079483;0;0;0;0;0;0;0;0;0;0;0;0;0;0;0;0;0;0;0;0
"58";0;0,189050294576213;0;0;0,19233219179715;0,196780296746929;0;0;0;0,177083509068491;0;0;0;0;0;0;-0,191635362439231;0;0;0;0;0;0;0;0;0;0;0;0,191306626705307;0;-0,187793922109255;0;0,173286187049795;0;0;0;0;0;0;0;0;0,18921114954409;0;0;0;0;0;0;0;0;0;0;0;0;0;0;0;0;0;0;0;0;0;0;0;0;0;-0,175721502850642;0;0;0;0;0;0;0;0;0;0;0;0;0;0;0;0;0;0;0;0;0;0;0;0,165990922644255;0;0;0;0;0;0;0;0;0;0,18489179048231;0;0;0;0;0;0;0;0;0,188612745625756;0;0;0;0;0,173830681206702;0;-0,16926031258949;0;0;0;0;0;0;0;0;0;0,185023496674545;0;0,168239847809935;0;0;0;0;0;0;0;0;0;0;0;0;-0,204508209136832;0;0;0;0;0;0;-0,185137105402394;0;0;0;0;0;0;0;0,203641828884481;0;0;0
"59";0;0;0;0;0;0;0;0;0;0;0;0;0;0;0;0;0;-0,185563625938466;0;0;0;0;0;0;0;0;-0,187170940124911;0;0;0;0;0;0;0;0;0;0;0;0;0;0;0;0,176565116538818;0;0;0;0,176849155858591;0;0;-0,185831870349631;0;0;0;-0,199910181532847;0,183332892869299;0,184350059309757;0;0,196306429573569;0;0;0;0;0;0;0;-0,20084255895819;0,199592851776563;0;0;0,190121970643342;0;0;-0,188429510726189;0;0;0;0;0;0;0;0;0;0;0;0;0;0;0;0;0;0;0;0;0;0;0;0;0;0;-0,192136718472217;0;0,205480689926226;0;-0,215081825600811;-0,201161875794761;0;0;0,228086242333193;0;0;0;0;-0,218109882069421;0;0;0;0;0;0;0;0;0;0;0;0,214093034206218;0;0,192192521926869;0;0;0;0;0;0;0,186041182823515;-0,207031406872288;0;0;0;0;0;0;0;0;0;0;0,197319365858429;0;0;0;0;0;0;0;0;0;0;0,1934892341271;-0,22631866665289;0;0;0
"60";0;0;0;0;0;0;0;0;0;0;0;0;0;0;0;0;0,171598147154223;0;0;0;0;-0,177132180974948;0;0;0;0;0;-0,155812235241814;0;0;0;0;0;0;0;0;0,171764832103014;0;0;0;0;0;0;0;0;0;0;0;0;0;0;0;0;0,176354459571092;0;0;0;0;0;0;0;0;0;0;0,204722975342997;0;0;0;0;0;0;0;0;0;0;0;0;0;0;0;0;0;0;0;-0,194683933563901;0;0;0;0;0;0;0;0;0;0;0;0;0;0;0;0;0;0;0,209841623017225;0;0;0;0,222529203224863;-0,188024390168022;0;0;0;0;0;0;0;0;0;0;0;0;0;-0,180475074200115;0;0;-0,190311088105589;0;0;0;0;0;0;0,200017541157182;0,181508519572393;0;0;0;0;0,184770746873217;0;0;0;0;-0,192023443361486;0;0;0;0;0;0;0;0;0;0,199134732957239;0;0;0;0;0;0;0
"61";0;0;0;0;0;0;0;0;0;0;0;0;0;0;0;0;0;0;0;0;0;0;0;0;-0,177151128659707;0;0;0;0;-0,152239874529232;0;0;0;0;0;0;0;0;0;0;0;0;0;0;0;0;0;0;0;0;0,163999214496093;0;0;-0,176741014231288;0;0;0;0;0;0;0;0;-0,182939140577366;0;0;0;0;0;0;0;0;0;0;0;-0,170422026617643;0;0;0;0;-0,162608073782844;0;0;0;0;0;0;0;0;0;0;0;0;-0,179193971451287;0;0;0;0;0;0;0;0;0;0;-0,18601756601314;0;0;0;0;0;0;0;0;0;0;0;0;0;0;0;0;0,174754719715504;0,166904483730805;0;0,171915565863483;0;0;-0,166221320815441;0,177840436112117;0;0,161708369173154;0;0;0;-0,160901219386458;0;0;0;0;0;0;0;0;0;0;0;0;0;0;0;0;0;0;0;-0,176526266813812;0;0;0;0;0;0;0
"62";0;0;0;0;0;0,214465342496499;0;0;0;0;-0,206561867091438;-0,229123379167171;0;-0,215886127146082;0;0;0,208858022471763;0;0;0;0,212001539263199;0;0;0;0,215145167014761;0;0;0;0;0;0;0;0;0;0;0;0;0,186374795589403;0;0;0;0;0;0;0;0;0;0;-0,194909920631417;0;0;0,201539969705423;0;0;0;0;0;0;0,213948887915869;0;0;0;0;0;0;0;0;0;0;0;0;0;0;0;0;0;0;0;0;0;0;0;0;0;0;0;0;-0,18077030167119;-0,190312415769222;0;0;0;0;0;0;-0,178971631391559;0;0;0;0;0;0;0;0;0;0;0,173485665002811;0;0;0;0;0;0;0;0;0;0;-0,180441878020021;0;0;0;0,185117114968601;0;-0,190675006803121;0;0;0;0;0;0;0;0;0;0;-0,198593507479831;0;0;0;0;0;0;0;0;0;0;0;0;0;0;0;0;0;0;0;-0,198818722475229;0;0;-0,217094683834522;0;0;0
"63";0;0;0;0;0;0;0;0;0;0,164611336014795;0;0;0;0;-0,160613409040413;0;-0,178138287437033;0;0;0;0;0;0;0;0;0;0;0;0;0;0;0;0;0,165753610789026;0;0;0;0;0;0;0;0,175884814340907;0;-0,161584920217961;0;0;0;0;0;0;0;0;0;0;0;0,168826063094486;0;0;0;0;0;0;0;0;0;0;0;0;0;0;0;0;0;0;0;0;-0,189633776931954;0;0;0;0;0;0;0;0,189300453111927;0;0;0;-0,188212200696329;0;0;0;0;0;0;0;0;0;0;0;0;0,194930806118773;0;0;0;0;0;0;0;-0,19932295458693;0;0;-0,206911584487708;0;0;0;0;0;0;0;0;0;0;0;0;0;0;0,195069663523725;0;0,177374717770546;0;-0,184597269121446;0;0;0;0;0;0;0;0;0;0;0,21561233173716;0;0;0;0;0;0;0;0;0;0,180380100368243;0;0;0,181092003945651;0;0;0,199084872056533;0;0
"64";0;0,177439319543671;0;0;0;0;0;0;0;0;0;0;0,166986815295812;0;0;0;0;0;0;0;0;0;0;0;0;0;0;0;0;0;0;0;0;-0,167360853659122;-0,171492090437864;0;0;0;0;-0,181918183640025;-0,17701771352325;0;0;0;0;0;-0,163527232600218;0;0;0;0;0;0;0;0;0;0;0;0;0;0;0;0,168734248104704;0;0;-0,174298878993405;0;0;0;0;0;0;0;0;0;0;0;0;0;0;0,166563923799623;0;0;0;0;0;0;0;0;0;0;0;0;0;0;0;0;0;0;0;0;0;0;0;0;0;0,156954448815389;0,197941992766431;0;0;0;0;0;0;0;0;0;0;0;0;0;0;0;0,172505841304925;0;0;0;-0,178451054710875;0;0;0;0;0;0;-0,179669798679369;0;0;0;0;0,164162775753151;0;0;0;0;-0,168006975144633;0;0;0;0;0,178560627806582;0;0;0;0;0;0;0;0;0;0;0
"65";0;-0,181702468275802;0;0;0,184856807849873;0;0;0;0;0;0;0,202058611818653;0;0;0;0;0;0;0;0;0;0;0;0;0;0;0;0;0;0;0;0;0;0;0;0;0;0;0;-0,186288941349933;0;0;0;0;0;0,170340497371703;0;0;0;0;0;0;0;-0,189292310850544;0;0;0;0;0;0;0;0;0;0;0;0;0;0;0;0;-0,19618239779914;-0,181882666655098;0;0;0;0;0,188121297740747;0,178981348905542;0;0;0;0;0;0;0;0;0;0;0;0;0;0;0;0,186108561229089;0;0,175584881407041;0;0;0;0;0;0;0;0;0,189311680753764;-0,180616317195378;0;0;0;0;0;0;0;0;0;0;0;0;0;0;0,190156162792442;0;0;0;0;0;0;0,193513828842325;0;0;0;0;0;0;0;0;0;0;0;0;0;0;0;0;0;0;0;0;0;0;0;0;0,178941426558499;0;0;-0,179647652142437;0;0,212986516459622;0;-0,17850272968788;-0,180380951703445
"66";0;0;0;0;0;0;0;0;0;0;0;0;0;-0,203805655470745;0;0;0;0;0;0;0;0;0;-0,209388807735523;0;0;0;0;0;0;0;0;0;0;0;0;0;0;0;0;0;-0,194676589478981;0,178972581123112;0;0;0;0;0;0;0;0;0;0;0,202635955975243;0;0;0;0;0;0;0;-0,216866080057802;0;0;0;0,637626583687961;0;0;0;0;0,187774719650827;0;0;0;0;0;0;0;0;0;0;-0,171737252731167;0;0;0;0;0;-0,169748946824509;0;0;0;0;0;0;0;0;0;0;0;0;0;0;0;0;0;0;-0,162908445973292;0;0;0;0;0;0;0;0,16600238728564;-0,17401578208363;0;0;0;0;0;0;0,166624218315535;0;0;0;0;0;0;-0,16841899537553;0,17914593182758;0;0;0;0;0;0;0;0;-0,170390217585128;0;0;0;0;0;0;0;0;0;0;0;-0,188459039061192;0;0;0;0;0;0,203858673694868;0;0;0
"67";0;0;0;-0,200149221715711;0,19266224593291;0;0;0;0;0;0;0;0,178219128276016;0;0;0,177197773698083;0;0;0,195964485433261;0;0;-0,198155059704342;0;0;0;0;0;0;0;0;-0,188116188288846;0;0;0;0;0,197829585049692;0;0;0;0;0;0;0;0;0;0;0,174526837892998;-0,20451760920343;0;0;-0,183062153733881;0;0;0;0;0;0;0;0;0;0;0,211139389936003;0;-0,181830301172156;0;0;0,311729351291433;0;0;0;0;0;0;0;0;0;0;0;0;0,168302248336618;0;0;0;-0,189654798472647;0;0;0;0;0;0;0;0;0;0;0;0;0;0;0;0;0;0;0,167644759473026;0;0;0;0;0;0,172513990844443;0;0;0;0;0,169515664656061;0;0;0;0;0;0,164158553960038;0;0;0;0;0;0;0;0;0;0;0;0;0;0;0;0;0;0;0;0;0;0,171125787361483;0;0;0;0;0;0;0;0;0;0;0;0;0;0;0;-0,202590199274531;-0,187856770783578;0;0
"68";0;0;0;0;0;0;0;0;0;0;0;0;0;0;0;0;0;0;0;0;0;0;0;0;-0,182487154109817;0;0;0;0;0;0;0,200501783609335;0;0;0;0;0;0;0;0;0;0;0;0;0;0;0;-0,188739274947128;0,165323521868178;0;0;0;0;-0,182064686494353;0;0;0;0;0;0,160089286880347;0;0;0;0;0;0;0;-0,314292995957658;0,167923473920085;0;0;0;0;0;0;0;0;0;0;0;0,168102225729217;0;0;0;0;0;0;0;0,173767950004622;0;0;0;0;0;0;0;0,174141475243223;0;-0,180808317634122;0;0;0;0;0;0;0;0;0;0;0;0;0,197564367571918;0;0;0;0;-0,18296553989969;0;0;0;0;0;-0,162017033057568;0;0;0;0;0;0;0;0;0,170430444535526;0;0;0;0;0;0;0;0;0,18417763505272;0;0;0;0;0;0;0;0;0;0;0;0;0;0;0;0;0;0;0;-0,167876655233859
"69";0;0;0;0;0;0;0;0;0;0;0;0;0;0;0;0;0,17900589421776;0;0;0;0;0;0;0;0;0;0;0;0;0;0;0;0;0;0;0;0;0;0;0;0;0;0;0;0;0;0;-0,190711880430166;0;0;0;-0,172733812523849;0;0;0;0;0;0;0;0;0;0;0;0;0;-0,185869358173663;0;0;0;0;0;0;0;0;0;0;0;0,163534413001092;0;0;0;0;0;0;0;0;0;0;0;0;0;0;0;0;-0,161105957944908;0;0;0;-0,177508907460764;0;0;0;0;0;0;0;0;0;0;0;0;0;0;0;0;0;0;0;0;0;0;0;-0,159060528323039;0;0;0;0;0;0;0;0;-0,167320410938021;-0,176284153982725;0;0;0;0;0;0;0;0;0;-0,19543270667689;0;0;0;0;0;0;0,17692123835922;0;0;0;0;0;0;0;0;0;0;0,164813223465921
"70";0;0,179944191416706;0;0;0;0;0;0;0;0;0;0;0;0;0;0,168373638534198;0;0;0,186205801276593;0;0;0,188287288830324;0;0;0;0;0;0;0;0;0,178748335424035;0;0;0;0;0;0;0;0;0;0;0,180097298383266;0;0;0;0;0;-0,194332994637784;-0,170223262210307;0;0;0;0;0;0;0;0;0;0;0;0;0;0;0;0;0;0,184397159567707;0;0,171949638880039;0;0;0;0;0;0;0;0;0;0;0;0;-0,162570249510315;0;0;0;0;0;0;0;0;0;0;0;0;0;0,159089224049246;-0,169533774188354;0;0;0;-0,17171032400942;0,175208993513052;0;0;0;0;0;0;0;0;0;0;0;0;0;0;0;0;0;0;0;0;0;0;0;0;0;0;0;0;0;0;0;0,158633341197116;0;0;0;0,150681443788931;0;0;0;0;0;0;0;0;0;0;0;0;0;0;0;0;-0,176731452013452;0;0;0;0;0;-0,163434718352777
"71";0;0;0;0;0;0;0;0;0;0;0;0;0;0;0;0;0;0;-0,181854815012042;0;0;0;0;-0,189181441315371;0;0;0;0;0;0;0;0;0;0;0;0;0;0;0;-0,180175475598077;0;0;0;0;0;0;0;0;0;0;0;0;0;0;0;0;0;0;0;0;0;0;0;0;0;0;0;0,166194787738748;0,167931769877933;0;0;0;0;0;0;0;0;0;0;0;0;0;0;0;0;0;0;0;0;0;0;0;0;0;0;0;0;0;0;0;0;0;0;0,201087507118388;0;0;0;0;0;0;0;0;0;0;0;0;0;0;-0,195901661728092;0;-0,188912217797113;0;0;0;0;0;0;0;0;0;0;0;0;0;-0,193560889614302;0;0,183211482277822;0;0;0;0;-0,178730545011252;0;0;0;0;0;0;0;0;0;0;0,177770845028268;0,190827284193137;0;0;0,180899839566536;0;0;0;0
"72";0;0;0;0;-0,19548168019255;0;0;0;0;0;0,192632128591657;0;0;0,20132759638133;0,175612029572218;0;0;0;0;0;0;0;0;0;0;0;0;0;0;0;0;0;0;0;0;0;0;0;0;0;0,191689491036736;0;0;0;0;0;0;0;0;0;0;0;0;0;0;0;0;0;0;0;0;0;0;0;0;0;0;-0,181710243626207;0;0;0;0;0;0;0;0;0;0;0;0;0;0;0;0;0;0;0;0;0;0;0;0;0;0;0;0;0;0;0,178936808727198;0;0;0,178108098051566;0;-0,186430242651865;0;0;0;0,197702308807114;0;0;0;0;0;0;0;0;0;0;0,181622393430786;0;0,175142409931429;0;0;0;0;0;0;0;0;0;0,172389489097532;0;0;0,161258175860012;0;0;0;0;0;0,163963994365153;0;0;0;0;0;0;0;0;0;0;0;0;0;0;0;0;0;-0,196170196263136;0;0;0
"73";0;0;0;0;0;0;0;0;0;0;0;0;0;0;0;0;0;0;0;0;0;0;0;0;0;0;0;0,165030383464026;0;0;0;0;0;0;0;0;-0,181926766300488;0;0;0;0;0;0;0;0;0;0;0;0;0;0;0;0;0;0;0;0;0;0;0;0;0,199905119856701;0;0;0;0;0;0;0;-0,174585785701998;0;0,186424286808565;0,0160111770965159;0;0;0;0;0;0;0;0;0;0,159772270323451;0;0;0;0;0;0;0;0;0;-0,175095564309283;0;0;0;0;0;0;0;0;0;0;0;0;0;0;-0,192752972079713;0;0;0;0;0;0;0;0;0;0,158968295827036;0,177075605951422;0;0;0;0;0;0;0;0;0;0;0;0,168073840813218;0;0;0;0;0;0;0;0;0;0;0;0;0;0;0;0;0;0;0;0;0;-0,160687152044525;0;0;0;0;0;0;0;0
"74";0;0,173251944636863;0;0;0,176259583830973;0;0;0,18957893226486;0,166605118014779;0;0;0;0;0;0;0;0;0;0;0;0;0;0;0;0;0;0,168987185333255;0;0;0;0;0;0;0;0;0;0;0;0;0;0;0;0;0;0;0;0;0;0;0;0;0;0;0;-0,165522006377221;0;0;0;0;0;0;0;0;0;0;0;0;0;0;0;0;0;0;0;-0,176959440289008;0;0;0;0;0;0;0;0,169784354340764;0;0;0;0;0;0;0;0;0;-0,186067878199386;0;0;0;0;0;0;0;0;0;0,168186131011632;0;0;0;0;0;0,17307108648494;0;0;-0,202570175342004;0;0;0;0;0;0;0;0;0;0;0;0;0;0;0;0;0;0;0;0;0;0;0;0,182999767673574;0;0;0;0,169876808325306;0;0;0;0;0;0;0;0;0;0;0;0;0;0;0;0;0;0;0;-0,170337936183014;0
"75";0;0;0;0;0;0;0;0;0;0;0;0;0;0;0;0;0;0;0;0;-0,199797853132846;0;0;0;0;0;0;0;0;0;0;0;0;0;0;0;-0,197026489681677;0;0;0,199081506550566;0;0;0;0;-0,193735946313254;0;0;0,209707219358575;0;0;-0,187707334242983;0;0;0;0;0;0;0,198644446328113;0;0;0;0;0;0;0,190923723700135;0;0;0;0;0;0;-0,201897299491565;0;0;0;0;0;0;0;0;0,169617496879802;0;0;0;-0,176348083614886;0;0;0;0;0;0;0;0;0;0;0;0;0;-0,182438121322373;0;0;0;0;0;-0,177776450682302;0;0;0;0;0;0;0;-0,192754221145749;0;0;0;-0,184614788759772;0;0,185176255703219;0;0;0;0;0;0;0;0;0;0;0;0;0;0;0;0;0;0;0;0,167368547176431;0;0;0;0;0;0;0;0;0;0;0;0;0;0,168038081786273;0;0;0;0;0;0;0;0
"76";0;0,197244143697985;0;0;0;0;0;0;0;0,184758691794409;0;-0,219341422508797;0;0,206669308039437;0;0,184561190291963;0;0;0;0;0,202950564735331;0;0;0,212330908609722;0,205959981693881;0;0;0;-0,19959827014724;0;0;0;0;0;0;0;0;0;0;0;0,196775480277218;0;0;0;0;0;0;0;0;0;0;0;0;0;0;0;0;0;0;0;0;0;0;0;0,193936405915988;0;0;0;0;0;0;0;0;0;0;0,0469773574732244;0;0;0;0;0;0,171508429408663;0;0;0;0;0;0;0;0;0;0;0;0;0;0;0;0;0;0;0;0;0;0;0;0;0;0;0;0;0;0;0,196202763514665;0;0;0;0;0;0;0;0;0;0;0;0;0;0;0;0;0;0;0;0;0;0;0;0;0;-0,170362917534346;0;0;-0,171967817987644;0;0;0;0;0;0;-0,181101270188119;0;0;0,188207935571484;0;0;0;0;0;0,203587051677548;0;0;-0,172420427107443
"77";0;0;0;0;0;0;0;0;-0,178452244526014;0;0,186041176392694;0;0;0;0;0;0;0,179449344781599;0;-0,169084862758993;0;0;0;0;0;0;0,181003698314825;0;0;0;0;0;0;0;0;0;0;0;0;0;0;0;0;0;0,185147278122944;0;0;0;0;0;0;0;0;0;0;0;0;0;0;0;0;0,206899318544173;0;0;-0,182459726472343;0;0;0;0;0;0;0;0;0;0;-0,198066172952472;0,0442381999455392;0;0;0;0;0;0;0;0;0;0;0;0;0;0;0;0;0;0;0;0;0;0;0;0,180538708753131;0;0;0;0;0;0;0;0;0;0;0;0,195539565928153;0;0;0;0;0;-0,18785209706525;0;0;-0,17301233370212;0;0;0;0;0;0;0;0,167626067942762;0;0;0;0;0;0,182688659192645;0;0;0;0;0;0,171386538500016;0;0;0;0;0;-0,176536799205262;0;0;0;0;0;0;-0,185817995083534;-0,171139049233348;0;0;0;0;0
"78";0;0;0;0;0;0;0;0;0;0;0;-0,214222927787246;0;0;0;0;0;0;0;0;0;0;-0,174833715673189;0;-0,201153752815208;0;0;0;0,194940496524301;0;-0,191361068096281;0;0;0;0;0;0;0;0;0;0;0;0;0;0;0;0;0;0;0;0;-0,188433334622514;0;0;0;0;0;0;0;0;0;0;0;0;0;0;0;-0,182178609219469;0;0;0;0;0;0,180601739423834;0;0;0;0,246836731676012;0;0;0;0;0;0;0;0;0;0;0;0;0;0;0;-0,168680054145372;0;0;0;0;0;0,163885105002103;0;0;0;0;0;0;0;0;0;0;0;0;0;0;0;0;0;0;0;0;0;0;0;0;0;0;0;0,175391840716136;0;0;0,16963960262537;0;0;0;0;-0,173812657284057;0;0;0,161537890206246;0;0;0;0;0;0;0;0;0;0;0;0;0;0;0;0;0;0;0;0;0;0
"79";0;0;0;0,180538614615748;0;0;0;0,186917580639163;0;0;0;0;0;0;0;0;0;0;0;0;0;0;0;0;0;0;0;0;0;0;0;0;0;0;0;-0,178446255792141;0;0;0;0;0;0;0;0;0;0;0;0;0;0;0;0;0;0;0;0;0;0;0;0,156475697010151;0;0;0;0;0;0;0;0;0;0;0;0,177608618161605;0;0;0;0;0,171531698797294;0,178066411647287;0;0;0,162789050851605;0;0,16035500117805;0;0;0;0;0;0;0;0;0;0;0;0,158913789160982;0;0;0;0;0;0;-0,174282632392434;0;0;0;0;0;0;0;0;0;0;0;0;0;0;0;0;0;0;0;0;0;0;0;0;0;0;0;0;0;0;0;0;0;0;0;0;0;0;0;0;0;0;0;0;-0,156315255801664;0;0;-0,174513871053306;0;0;0;0;0;-0,161909714432918;0;0;0,177996676166118;0,160877838616817;0
"80";0;0;0;0;0;0;-0,176412285552933;0;0;0;0;0;0;0;0;0;0;0;0;0;0;0;0;0;0;0;0;0;0,179814826087834;0;0;0;0;0;0;0;0;0;0;0;0;0;0;0;0;0;0;0;0;0;0;0;0;0;-0,169765902217805;0;-0,162482063811111;0,181779371972664;0;0;0;0;0;0;0;0;-0,182091316806001;0;0;0;0;0;0;0;0;0;0;0;0;0;0;0;0;0;0;0,160645648584425;0;-0,15890706423306;0;0;0;0;0;0;0;0;0;0;0;0;0;0;0;0;0;0;0;0;0;0;0;0;0;0;0;0;0;0;0;0,154635924933724;0;0;0;0,16761384626561;0;0;0;0;0;0;0;0;0;0;0;0;0;0,149011342546026;0;0;0;0;0;0;0;0;0;0;0;0;0,161218273509694;0;0;0;0;0;0,163155508038815;0;0;0;0
"81";0;0;0;0;0;0;0,200283896167269;0;0;0;0;0;0,189855142537083;0;0;0;0;0;0;0;0,207575547930441;0;0;0,21716965781647;0;0;0,196773087862671;0;0;0;0;0;0;0,190280404295951;0;0;0;0;0;0;0;0;0;0;0,201277664295307;0;0;-0,217870664177668;0;0;0;0;0;0;0,192738143071852;0;0;0;0;0;0;0;0,191841880857821;0;0;0,21233853089924;0;0;0;0;0;0;0;0;0;0,215322078034069;0;0;0;0;0;0;0;0;0;0;0;0;0;0;-0,171337199497214;0;0;0;0;0;0;0;0;0;0;0;0;0;0;0;0;0;0;0;0;0;0;0;0;0;0;0;-0,180364852711508;0;0;0;0;0;0;0;0;0;0;0;0;0;0;0;0,178209725420546;0;0;0;0;0;0;0;0;0;0,166641678954024;0;0;0;0;0;0;0,180095690820401;0;-0,175692920127469;0;0;0;0;0;0;0
"82";0;0;0;0;0;0;0;0;0;0;0;0;0;0;0;0;0;0;0;0;0;0;0;0;0;0;0;0;0;0;0;0;0;0;0;0;0;0;0;0,170043175294855;0;0,16599779690237;0;0;0;0;0;0;0;0;0;0;0;0;0;0;0;0;0;0;0;0;0;0;0;0,174570847444959;0;0;0;0;0;0;0;0;0;0;0;0;0;0;0;0;0;0;0;0;0;0;0;0;0;0;0;0;0;-0,159538002120607;0;-0,166807075527535;-0,176520765420075;0;0;0;0;0;0;0;0;0;0;0;0;0;0;0;0;0;0;0;0;0;0;0;0;0;0;0;0;0;0;0;0;0;0;0;0;0,174245290833489;0;0;0;0;0;0;0;0;0;0;0;0;0;0;0;0;0;0;0;0;0;0;0;0;0
"83";-0,197500589630088;0;0;0;0;0;0;0;0;0;0,195129725957199;0;0;0;0;0;0;0;0;0;0;0;0;0;0;0;0;0;0;0;0;-0,223301078524613;0;0;0;0;0;0;0;0;0;0;0;0;0;0;0;0,210201041092809;0;0;-0,188149350314761;0;-0,1883052987195;0;0;0;0;0;0;0;0;0;0;0;0;0;0;0;0;0;0;0;0,188841395579621;0;0;0;0;0;0;0;0;0;0,601071740267798;0;0;0;0;0;0;0;0;0;0;-0,167682253974324;0;0;0;0;0;0;0;0;0;0,182371176622591;0;-0,162733788128004;0;0;0;0;0;0;0;0;0;0;0;0;0;0;0;0;0;0;0;0;0;0;0;0;0;0;0;0;0;0;0;0;0;0;0;0;0;0,16688558161829;0;0,16731011475053;0;0;0;0;0;0;0;0;0;0;0;0;0;0;0
"84";0;0;0,191401298540007;0;0;0;0;0,224678918944145;0;0;0;0;0;0;0;0;0,208136700034548;0;0;0;-0,211269360220302;0;0;0;0;0;0;0;0;0;0,203964480964519;0;0;0;0;0,214496205781772;0;0;0;0;0;0;0;0;0;0;0;0;0;0;0;0;0;0;0;0;0;0;0;0;0;0;0;0;0;0,216117100595269;0;0;0;0;0;0;0;0;0,215749322111852;-0,219153740029186;0;0,214039625017451;0;0;0;0;0;0,763323736842722;0;0;0,178691163209845;0;0;0;0;0;0;0;0,17803170019012;0;0;0;0;0;0;0;0;0;0;0;0;0;0;0;0;0;0;0;0;0;0;0;0,199101987669743;0;0;0,183373516024726;0;0;0,203432993192724;0;0,182622943104169;0;0;0;0;0,184899041697713;0;0;0,196722975789873;0;0;0;0;0,179744119476177;0,199813292256599;0,181650356894006;0;-0,18701876404416;0;0;-0,175120553747746;0;0;0;0;0;0;0,193944713124525;0;0;0,183855089891104;0;0;0;0
"85";0;0;0,160402538087462;0;0;0;0;0;0;0;0;0;0;0;0;0;0;0;-0,178062350458585;0;0;0;0;0;0;0;0;0;0;0;0;0;0;0;0;0;0;0,155650686032802;0;0;0;0;0;0;0;0;0;0;0;0;0;0;0;0;0;0;0;0;0;0;0;0;0;0;0;0;0;0;0;0;0;0,178913275155835;-0,166950520046253;0;0;0;0;0;-0,159055730744059;0;0;0;0;0;0;0;0;0;0,177555271855198;0,174478531843016;0;0,165094645626689;0;0;0;0;0;0;0;0;0;0;0;0;0;0;0;0;0;0;0;0;-0,195195861361719;0;0;0;0;0;0;0;0;0;0;0;0;0;-0,172001307363303;0;0;0;0;0;0;0;0;0;0;0;0;0,169289920616017;0;0;-0,203403955935313;0;0;0;0;-0,176226496255869;0;0;0;-0,187242062450567;0;0;0;0;0;0;0;0;0
"86";0;0;0;-0,196234622150239;0;0;-0,184331564373671;0;0,178547570306284;-0,173917980958909;0;0;0;0,194542992436804;0;0,17373206785134;0;0;0;0;0;0;0;0;0;0;0;0;0;0,166612255913239;0;0;0,170188539510542;-0,175124836618088;0;0;0;0;0;0;0;0;0;0;0;0;0;0;0,175640555122831;0;0;0;0;0;0;0;0;0;0;0;0;0;0;0;0;0;0;0;0,177421873097153;0;0,176566192439513;0;0,180141914325256;0;0;0,198171976118646;0;0;0;0;0;0;0;0;0;-0,344174423022196;0;0;0;0;0;0;0;0;0,160086825169401;0;0;0;0,176386012020736;0;-0,172063254254276;0;0;0;0;0;0;0;0;0;0;0,19273223361287;0;0;0;0;0;0;0;0;0;0;0;0;0,182927770616993;0;0;0;0;0;0;0;0;0;0;0;-0,167435836679589;0;0;0;0;0;0;-0,168168029350744;0;0;0;0,168249215786885;0;0;0;0;0;0;0;0;0;0,193373732561267;0;0;0
"87";0;0;0;-0,202975723092434;0;0,199901678439605;0;0;0;0;0;0;0;0;0;0,179700155406173;0;0;0;0;0;0;0;0;-0,200535338221942;0;0;0;0;0;-0,190772759524169;0;0;0;0;0;0;0;0;0;0;0;0;0;-0,191609803493591;0;0;0;0;0;0,185647352043018;0;0;0;0;0;0;0;0;0;0;0;-0,182627243920502;0;-0,18882844343866;0;0,196801580813042;0;0,183516713766939;0;0;0,199681590420575;0;0;0,201795397659981;0;0;0;0;0;-0,209650852510715;0;0;0;0;0;0,763072415720671;0;0;0;0;0;0;0;0;0;0;0;0;0;0;0;-0,157953488746504;0;0;0;0;0;0;0,177208744651617;0;0,190245567329494;0;0;0;0;0;0;0;0;0;0;0;0;-0,180567603295941;0;0;0;0;0;0;0;0;0;0;0;0;0;0;0;0;0;0;0;0;0;0;0;0;0;0;0,176459664934748;0;0;0;0;0;-0,190878789541945;0;0;0
"88";0;0;0;-0,179584443384773;0;0;0;0;0;0;0;0;0,159907606322985;0;0;0;0;0;0;0;0;0;0,154210014748014;0;0;0;0;0;0;0;0;0;0;0;0;0;0;0;0;0;0;0;0;0;0;-0,159291971599605;0;0;0;-0,164548616131991;0;0;0;0;0;0;0;0;0;0;0;0;0;0;-0,167067521147354;0,178844490344024;0;0;0;0;0;0;0;0;0;0;0;0;0;0;0;-0,152498004329588;0;0;0;0;0;-0,944093592697755;0,167683237949444;0;0;0;0;0;0;0;0;0;0;0;0;0,173669021589251;0;0;0;0;0;0;0;0;0;0,19064639283028;0;0;-0,155760329589144;0;0;0;0;0;0;0;0;0;0;0;0;0;0;0;0;0;0;0;0;0;0;0;0;0;0;0,161572984038786;0;0;0;0;0;0;0;0;0;0;0;0;0;0;0;0;0,177369989031967;0;0
"89";0;0,178832831600845;0;0;0;0;0;0,195685753137435;0;0;0;0,198867489493966;0;0;0;0;0;0,172932785098412;0,185055768906058;0;0;0;0;0;0;0;0;0;0;0;0;0;0;0;0;0;0;0;0;0,183346870263561;0;0;0;0;0;0;0;0;0;0;0;0;0;0,186302807391078;0;0;0;0;0;0;0;0;0;0;0;0;0;0;0;0;0;0;0;0;0;0;0;0;0;0;0;0;0;0;0;0;0;0;0;0;0;0,164145547809162;0;0;0;0;0;0;0;0,170962850659524;0,179185313054716;0;0,166641554374482;0;0;0,17077198624961;0;0;0;0;0,186515876659604;0;0;0;0,163982271042725;0;0;0;0;0;0;0;0;0;0;0;-0,171012504456881;0;0;0;0;0,173143897776124;0;0;0;0,181319146542377;0;0;0;0;0;0;0;0;0;-0,175574359475513;0;0;0;0;0;0;0;0;0;0;0;0;0;0;0
"90";0;0;0;0;0;0;0;0;-0,181432365199302;0;0;0;0;0;0;0,176539058622658;0;0;0;0;0;-0,197418438005464;0;0;0;0;0;0;0;0;0;0;0;0;0;0;0;0;0;0;0;0;0;0;0;0;0;0;0;0;0;-0,184549495747873;0;0;0;0;0;0;0;0;0;0,210354500282685;0;0;0;0;0;0;0;0;0;0;0;0;0;0;0;0;0;0;0;0,169329216299854;0;0;0;0,189558238403392;0;0;0;0;0;0;0,181164441566453;0;0;0;0;0;0;0;0;0;0;-0,188063070400124;0;0;0;0;0;0;0;0;-0,190710739933527;0;0;0;0;0;0;0;0;0;0;0;0;0,170559525063279;0;0;0;0;0;0;0;0;0;0;0;0;0;0;0;0;0;0;0;0;-0,161145461356431;0;0;0;0;0;0;-0,178467402056708;0;0;0;0;0;0;0
"91";-0,182628518061512;0;0;0;-0,183105324251672;0;0;0,196941982439556;0;0;0;0;0;0;0;0;0;0;0;0;0;0;0;0;0;0;0;0,165658455521874;0;0;0;0;0;0;0;0;0;0;0;0;0;0;0;0;0;0;0;0;0;0;0;-0,176049449585609;0;0;0;0;0;0;0;0;0;-0,200665918064689;0;0,172810693105388;0;0;0;0;0;0;0;0;0;0;0;0;0;0;0;0,17305876117933;0;0;0;0;0;0;0;0;0;0;0;0;0;0;0;0;0;0;0;0;-0,179771398493476;0;0;0;0;-0,171330553091852;0;0;0;0;0;0;0,194708500301611;0;0;0;0;0;0;0;0;0;0;0;0;0,174134867017985;0;0;0;0;0,177544695169008;0;0;0;0;0,181912211396551;0;0;0;0;0;0;0;0;0;0;0;0;0,179722018637163;0;0;0;0;0;0;0;0;0,202036550366931;0;0,169325628385763;0
"92";0;0;0;0;0;0;0;0;0;0;0;0;0;0;-0,166470766919763;0;0;0;0;0;0;0;0;0;0;0;0;0;0,184318027645526;0;0;0;0;0;0;0;0;0;0,164530736014949;0;0;0;0;0;0;0;0;0;0;0;0;0;0;0;-0,174017443049798;0;0;0;0;0;0,167214815530209;0;0;0;0;0,191714040714095;0;0;0;0;0;0,189383002745288;0;0;0;0;0;0;0;0;0,198838099661378;0;0;0;-0,169600170329278;0;0;0;0;0;0;0;-0,171420970618213;0;0;0;0;0;-0,170796055001607;0;0;0;0;0;0;0;0;0;0;0,173835572032873;0;0;0,180453845490043;0;0;0;0;0;0;0;0;0;0;0;0;-0,161386412707287;0;0;0;0;0;0;0;0;0;0;0;0;0;0;0;0;0;0;0;0;0;0;0;0;0;0;0;0;0;0;0;0;0;0;0
"93";0;0;0;0;0;0;-0,159130485378829;0;0;0;0;0;0;0;0;0;0;0;0;0;0;0;0;0;0;0;0;0;0;0;0;0;0;0;0;0;0;0;0;0;0;0;0;0;0;0;0;0;0;0;0;0;0;0;0;0;0;0;0;0;0;0;0;0;0;0;0;0;-0,153165459636297;0;0;0;0;0;0;0;0;0;0;0;0;0;0;0;0;0;0;0;0;0;0;0;0;0;0;0;0;0;0;0;0;0;0;-0,199861866016142;0;0;0;0;0;0;0,194782819512523;0,209605885988404;0;0;0;0;0;0,174797311859129;0;0;0;0;0;0;-0,198943045038721;0;0;0;0;0;0;0;0;0;0;0;0;0;0,175983323633777;0;0;0,177641171010193;-0,211198270069026;0;-0,179893175754474;0;0;0;0;0,191193480944382;0;0;0;0;0;0,177384649794885;0;0;0;0;0
"94";0;0;0;0;0,190981803480421;0;0;0;0;0;0;0;0;0;0;0;0;0;0;0;0;0;0;0;0,196018063643283;0;0,183101972208073;0;0;0;0;0;0;-0,177060377908251;0;0;0;0,169805471581154;0;0;0;0;0;0;0,187293586202326;0;0;0;0,1775817963153;0;0;0;0;0;0;0;0;0;0;0;0;0;0;0;0;-0,197585981933413;0;-0,177527377524159;0;0;0;0;0;0;0,197249738884715;0;0;0;0;0;0;0;0;0;0;0;0;0;0;0;0;0;0;0;0;0;0;0;0;0;0,178607099439146;0;0,166103818250821;0;0;0;0;0,202295759790752;0;0;0;0;0;-0,167957526624791;0,163453116168296;-0,171343450592008;0;0;0;0;0;0;0;0;0;0;0;0;0,186421876555098;0;0;0;0;0;0;0;0;0;0;0;0;0;0;0;0;0;0;0;0;0;0;0;0;0;0;0;0;0;0;0;0
"95";0;0;0;0;0;0;0;0;0,183275987111796;0;0;0;0;0;0;0;0;0;0;0;0;0;0;0;0;0;0;0;0;0;0;0;0;0;0;0,199096942380927;0;0,172396982167055;0;0;0;0;0;0;0;0;0;0;0,180291986397688;-0,18456645779885;0;0;0;-0,198548903447099;0;0,183094737074939;0;0;0;0;0;0;0;0;0;0;0;0;0;0;0;0;0;0;0;0;0;0;0;0;0;0;0;0;0;0;0;0;0;0;0;-0,187847277034323;0;0;0;0;0;0;0;0;0;0;0;0;0;0;0;0;0;0;0;0;0;0;0;0;0;0;0;0;0;0;0;0;0;0;0;0;0;0;0;0;0;0;0;0;0;0;0;0;0;0;0;0;0;0;0;0;0;0;0;-0,175808437300391;0;0,171510476411986;0;0;0;0;0,176343865613554;0;0
"96";0;0;0;0;0;0;0;0;0;0;0;0;0;0;0;0;0,164664905005993;0;0;0;0;0;0;0;0;0;0;0;0;0;0;0;0;0;0;0;0;0;0;0;0;0;0;0;0;0;0;0;0;0;0;0;0;0;0;0;0;0;0;0;0;0;0;0;0;0;0;0;0;0;0;0;0;0;0;0;0,163120651199725;0;-0,150153461510082;0;0;0;0;0;0;0,163207787135701;0;0;0;0;0;0;0;0;0;0;0;0;0;0;0;0;0;0;0;0;0;0;0,161262995489249;0;0;0;-0,182508795687743;0;0;0;0;0;0;0;0;0;0;0;0;0;0;0;0;0;0;0;0;-0,15567452470877;0;0;0;0;0;0;0;0;0;0;0;0;0;0;0;0;0;0;-0,159106388198376;0;0;0;0;0;0;0;0
"97";0;0;0;0;0;0;0;0;0,17468387422884;0;0;0;0;0;0;0;0;0;0;0;0;0;0;0;0;0;0;0;0;0;0;0;0;0,171335207091662;0,175564549220093;0;0;0;0;0;0;0;0;0;0;0;0;0;0;0;0,175597838624992;0;0;0;0;0;0;0;0;0;0;0;0;0;0;-0,191197124579237;0;0;0;0;0;0;0;0;0;0;0;0;0,167909469441264;0;0;0;0;0;0;0;0;0;0;0,185456275991302;0;0;0;0;0;0;0;0;0;0;0;0;0;0;-0,179378174499735;0;0;0;0;0;-0,186916804375736;0;0;0;0;0;0;0;0;0;0;0;0;0;0,190909025367225;0;0;-0,183359828722561;0;0;0,177346268531917;0;0;0;0;0,181708903557255;-0,17474116851822;0;0;0;0;0;0;0;0;0;0;0;0;0;0;0;0;0;0;0;0;0;0;0;0
"98";0;0;0;0,207321651773894;0;0;0,194746084973511;0;0;-0,183744146116968;0;0;0;0;0;0;0;0;0;0;0,201836123968369;0;0,178028087372437;-0,211164958561987;0;0;0;-0,180551045923862;0;0;0;0;0;0;0;0;0;0;0;0;0;0;0;0;0;0;0,180781079240193;0;0;0;0;0,191876183783474;0;0;0;0;0;0;0;0;0;0;0;0;0;0;0;0;0;0;0;0;-0,190319724533777;0;0;0;0;0,204482695664517;0;0;0;0;-0,206601419508029;0;0;0;0;0;0;0;0;0;0;0;-0,202303080559776;0;0;0;0;0;0;0;0;0;0;0;0;0;0;0;0,183393187898996;0;0;0;0;0;0;0;0;0;0;0;0;0;0;0,170661259100829;0;0;0;0;0;0;-0,179365510207149;0;0;0;-0,171447078066523;0;0;0;0;0;0;0;0,169374193604207;0;0;0;-0,176136959323564;0;0;0;0;0;0,181337340336851;0;0;0;0;0;0
"99";0;0;0;0,188387247846539;0;0;0;0;0;0;0;0;0;0;0;0;0;0;0;0;0;0;0;0;0;0;0;0;0;0;0;0;-0,163382741649262;0;0;0;0;0;0;0;0;0;0;0;0;0;0;0;0;0;0;0;0;0;0;0;0;0;0;0;0;0;0;0;0;0;0;0;0;0;0;0;0;0;0;0;0;-0,185807569729822;0;-0,171390534201323;0;0;0;0;0;0;0;0;0;0,181977851044619;0;-0,175682761585354;0;0;0;0;0;0;0;0;0;0;0;0;0;0;0;0;0;0;0;0;0;0;0;0,178862760176207;0;0;-0,193997821490033;0;-0,187076303397356;0;0;0;0;0;0,177941232686604;0;0,194602894261009;0;0;0;0;0;0;0;0;0;0;0;0;0;0;0;0;0;0;0;0;0,190496484587376;0;0;0;0;0;0;0;0;0;0;-0,177459416263098
"100";0;0;0,161872977327344;0;0,176666606877835;0;0;-0,190016712684819;0;-0,162659939497524;0;0;0;0;0;0;0;0;0;0;0;0;0;0;0;0;0;0;-0,175724574744706;0;0;0;0;0;0;0;0;0;0;0;0;0;0;-0,15966940055698;0;0;0;0;0;0;0;0;0;0;0;0;0;0;0;0;0;0,193609699802;0;0;0;0;0;0;0;0,169087723134307;0;0;0;0;0;0;0;0;0;0;0;0;0;0;0;0;0;0;0;0,177287773351268;0;0;-0,150616186235721;0;0;0;0;0;0;0;0;0;0;0;0;-0,165382171324898;0;0;0,166069434833786;0;0;0;0;0;0;0;0;0;0;0;0;0;0;0;0;0;-0,16561509842398;0;0;0;0;0;0;0;-0,178401981941086;0;0;0;0;0;0;0;0;0,169601532468116;0;0;0;0;0;0;0;0;0;0;0;0;0;0;0;0;0
"101";0;0;0;0;0;0;0;0;0;0;0;0;0;0;0;0;0;0;0;0;0;0;0;0;0;0;0;0;0;0;0;0;0;0;0;0;0;0;0;0;0;0;0;0;0;0;0;0;0;0,170507208525788;-0,170200912823983;0,172223985437206;-0,170341984588492;0;0;0;0;0;0;0;0;0;0;0;0;0;-0,180427074940562;0;0,168247550303614;0;0;-0,183067458758319;0;0;0;0;0;0;0;-0,169298283154452;0;0;0,185441044130885;0;0;0;0;0;0;0;0;-0,17353811314513;0;-0,178853350338524;0;0;0;0;0;0;0;0;0;0;0;0;0;0;0;0;0;0;0;0;0;0;0;0;0;0;0;0;0;0;0;0;0;0;0;0;0;0;0,185158759338085;0;0;0;0;0,159602060467848;0;0;0,189919528852824;0;0;0;0;0;0;0;0;0;0;0;0;0;0,187194276757345;0;0;-0,204401687237132;0;0;0
"102";0,177949118098108;0;0;-0,185346975950251;0;0;0,174104333141996;0;0;0;0;0,195015950181888;0;0;0;0;0;-0,169583532679887;0;-0,159788871808152;0;0;0,159158328840033;0;0;0;0;-0,161413871056454;0;0;0;0;-0,160746002891979;0;0;0;0;0;0;0;0;0,175518525219029;0;0;0;0;0;0;0;0,169828676816497;0;0;0;0;-0,167544902574325;0;0;0;0;0;0;0;0;0;0;0;-0,179709067223349;0;0;0;0;0;0;0;0;0;0;0;-0,162101185067187;0;0;0;0;0;0;0;0;0;0;0;0;0;0;0;0;0,154152562201662;0;0;0;0;0;-0,867904376471415;0;0;0;0;0,166670550539888;0;0;0;0;0;0;0;0;0;0;0;0;0;0;0;-0,170472132577347;0;0;0;0;0;0;0;0;0;-0,188931446323353;0;0;0;0;0;0;0;0;0;0;0;0;0;0;0;0;0;0,176194934805874;0;-0,1752278968254;0;0;0;0;0,208566456908105;0;0;0
"103";0;0;0;0;0;0;0;-0,196493067615801;0;0;0;0;0;0;0;0;0;0,17364623070677;0;0;0;0;0;0;0;0;0;0;0;0;0;0;0;0;0,173551954450751;0,187587770424015;0;0;0,162206091380554;0;0;0;0;0;0;0;0;0,193929549583218;0;0;0;0;0;0;0;0;0;0;0;0,164491695257922;0;0;0;0;0;0;0;0;0,171592662795922;0;0,170765095596996;0;0;0;0;0;0;0;0,165984629139383;0;0;0;0;0;0;0;0;0;0;0,18333028681718;0;0;0;0;0;0;0;0;0;0;0;0;0;0;0;0;0;0;0;0;0;-0,189462057302975;0;0;0;0,162264986448571;0;0;0;0;0;0;0;0;0;0;0;0;0;0;0;0;0;0;0;0;0;0;0;0,158884246108967;0,176624327934956;0;0;0,165314645174388;-0,162604838182329;0;0;0;0;0;0;0;0;0;0;0;0;0;0;0;0
"104";-0,188696991089451;0;0;0;0;0;0;0;0;0;0;0;0;0;0;0;0;0;0;0;0;0;0,16877126495441;0;0;0;-0,181383753464454;0;0;0;0;0;0,170454832255193;0;0;0;0;0;0;0;0,185519512242007;0,186119593866314;-0,171105854078237;0;0,185536033585653;0;0;0;0;0;0;0;0,179911580725512;0;0;0;0;0;-0,193098942813965;0;0;0,207333746968562;0;0;0;0;0;0;0;0;0;0;0;0;0;0;0;0;0;0;0,203005205910509;0;0;0,206617688844913;0;0;0;0;0;0;0;0;0;0;0;0,163463157148922;0;0;0;0;0;0;0;0;0;0;0;0;0;0;0;0;-0,210393408457324;0;0;0;0;0;0,202121973626228;0;-0,194910599361112;0;0;0,191743982860701;0;0;0;0;0,202752385358265;0;0;0;0;0;0;0;0;0;0;0;0;0;0;0;0;0;0;0;0;0;0;0;0;0;0;0;0;0;-0,202434991293359;-0,182965797795549;0
"105";-0,173302295830764;0;0;0;0;0;0;0;0;0;0;0,189923458184861;0;0;0;0,159807933704624;0;0;0;0;0;0;0;0;-0,178336729668212;0;0;0;0;0;0;0;0;0;0;0;0;0,154488580892525;0;0;0;0;0;0;0;0;0;0;0;0;0;0;0;0;0;0;0;0;-0,177345117794113;0;0;0;0;0;0;0;0;0;0;0;0;0;0;0;0;0;0;0;0;0;0;0;0;0;0,159027853285835;0;0;0;0;0;0;0;0;0,173489756518316;0;0;0;0;0;0;0;0;0;0;0,827892099041492;0;0;0;0;0;0;-0,203505428857474;0;0,1708482481977;0;0;0;0;0;0;0;0;0;0;0;0;0;0,185514995609915;0;0;0;0;0;0;-0,186781983257205;0;0;0;0;0;0;0;0;0;0;0;0;0,177653878501812;0;0;0;-0,188758667508911;0;0;0;-0,172221972961378;0;0;0;0,171124375516268;0
"106";0;-0,183898969968381;0;0;0;0;0;0;0;0;0;0;0;-0,19268644513332;0;0;0;0;0;0;0;0;0;0;0;0;0;0;0;0;0;0;0;0;0;0;0;0;0;0;-0,183462015447323;0,184055441890169;0;0;0;0;0;0;0;0,178088849129038;0;0;0;0;0;-0,176668780428113;0;-0,188126966884703;0;0;0;0;0;0;0,180815027603197;0;0;0;0;-0,179065338224575;0;0;0;0;0;0;0;0;0;0;0;0;0;0;0;0;0;0;0;0,18774926121047;0;0;0;0;0;0;0,180765809318643;0;0;0;0;0;0;0;0;0;0;0;0;0;0,18042750544657;0;0;0;0,158629456277864;0;0;0;0;0;0;0;0;0;0;0;0;0;-0,180920386282426;0;0,17118923543733;0;0;0;0;0;0;0;-0,163013515067212;0;0;-0,164549180621732;0;0;0;0;0;0;0;0;0;0;0;0;0;0,164311564783292;0;0;0;0;0
"107";0;0;-0,158809266403951;0;0;0;0;0;0,163829290679213;0;0;0;0;0;0;0;0;0;0;0;0;0;0;0,18339624145494;0,17789349077865;0;0;0;0;0;0;0;0;0;0;0;0;0;0;0;0;0;0;0,156647395929062;0;0;0;0;0;0;0;0;0;0,17748165774184;0;0;0;0;0;0;0;0;0;0;0;0;0;0;0;0,165887461343047;0;0;0;0;0;0;0;0;0;0;0;0;0;0;0;0,171166768982563;0;0;0;0;0;0;0;0;0;0;0,167462790413871;0;0;0;0;0;0;0;0;0,169533303806459;0;0;0;0;0;0;0;0;0;0;0;0;0;0;0,163895309677063;0;0;0;0;0;0;0;0;0;0;0;0;0;0;0;0;0;0;0;0;0;0;0;0;0;0;0;0;0;0;0;0;-0,165556771300289;0;0;0;0;0;0;0
"108";0;0;0;0;0;0;0;0;0;0;0;0;0;0;0;0;0;0;0;0;0;0;0;-0,189206583853028;0;0;0;0;0;0;0;0;0;0;0;0;0;0;0;0;0;0;0;0;0;0;0;0;0;0;0;0;0;0;0;0;0;0;0;0;0;0;0;0;0,172815371480109;0;0;0;0;0;0;0;0;0;0;0;0;0;0;0;0,191871993953762;-0,157744599831279;0;0,195286361090994;0;0;0;0;0;0;0;0;0;0;-0,181266224454674;0;0;0;-0,169527881357201;0;0;0;0;0;0;0;0;0;0;0,214931473155033;0;0;0;0,193715309059754;0;0;0,213692901498777;0;0,21434280338934;0;0;0;0;0,203337331820252;0;0;-0,196602324498582;0;0,215011331484086;0;0;0;0;0;0;0;0;0;0;0;0;0;0;0;0;0;0,188525643870755;0;0,205941504863932;0,210474273518428;0;0,214022935557897;0;0;0;0;0;0;0;0;0
"109";0;0;0;0;0;0;0;0;0;0;0;0;0;0;0,156524804666366;0;0;0;0;0;0;0;0,155430457131025;0;0;0;0;0;0;0;-0,170123583868025;0;0;0;0;0;0;0;0;0;0;0;0;0;0;0;0;0;0;0;0,165552948670148;0;0;0;0;0;0;0;0;0;0;0;0;0,164438918163237;-0,168389719864254;0,180259893852937;0;0;0;0;0;0,178068126075996;0;0;0;0;0;0;0;0;0;0;0;0;0;0;0;0;0;-0,174847444479735;0;0;0;0;0,176624153831632;0;0;0;0;0;0;0;0;0;0;0;0;0;0;0;0;0;0;0;0;0;0;0;0,181107352698605;0;0;0;0;0;0;0;0;0;0;0;0;0,16818805452574;0,17719827925269;0;0;0;0;0;0,163690935368709;0;0;0;0;0;0;0;0;-0,170198325477542;-0,174008738184342;0;0,165252740442192;0;0;0;0;0;0;0;0;0;0
"110";0;0;0;-0,210993735645883;0;-0,207798259088584;0;0;0;0;0;0,222000621420725;0;0,209174875810364;0;0;0;0;0;0;0;0;0;-0,214905115135262;0;0;0;0;0;0;0;0;0;0;-0,192944268854031;0;0;0;0;0;0;0;0;0;0;0;0;0;0;0;0;0;0;0;0;0;0;-0,204225237055263;0;0;0;0;0;0;0;0;0;0;0;0;0;0;0;0;0;0;-0,200467440098371;0;0;0;0;0;0,210260746616482;0;0;0;0;0;0;0,203815210613363;0,194427817319413;0;0;0;-0,205886275431228;0;0;0;0;0;0;0;-0,193984633350897;0;0;0;0;0;0;0;0;0;0;0;0;0;0;0;0;0,172809011935325;0;0;0;0;0;0;0;0;0;0;0;0;0;0;0;0;0,184659747468084;0;0;0;-0,198155644909628;0;0;0;0;-0,185939062137801;0;0;0;0;0,180164929741067;0;0;0;0;0;0;0;0;0;0
"111";0;-0,177556451286825;0;0;0;0,184816486278828;0;0;0;-0,166317220092688;0;0;0;-0,186040853925545;0;0;0;0;0;0;0;0;0;0;0;0;0;0;0;0;0;0;0;0;0;0;0;0;0,160386694910901;0;0;0;0;0;0;0;0;0;0;0;0;0;0;0;0;-0,170575624819326;0;0;0;0;0;0;0;0;0;0;0;0;0;0;0,168849696431496;0;0;0;0;0;0;0;0;0;0;0;0;0;0;0;0;0;0,171821738130035;0;-0,172924769386627;0;0;0;0;0;0;0,188470596810407;0;0;0;0;0;0;0;0;0;0;0;0;-0,686508900485933;0,212058041850621;0;0;-0,173253896915248;0;0;-0,176842246098231;0;0;-0,189957378329326;0;0;0;0;0;0;0;0;0;0;0,182933525838247;0;0;0;0;0;0;0;0;0;0;0;0;0;0;0;0;0;0;0;0;0;0;0;0;0;0;0;0;0
"112";0;0;0;0;0;-0,183844817566709;0;-0,193267618056738;0;0;0,177069769546957;0;0;0;0;0;0;0;0;0;0;0;0;0;0;0;0;0;0;0;0;0;0;0;0;0,184508502036884;0;0;0;0;0;0;0;0;0;0;0;0;0;0;0;0;0;0;0;0;0;0;0;0;0;0;0;0;-0,173661026792601;0;0,1809937315376;0;0;0;0;0;0;0;0,185586426078005;0;0;0;0;-0,16982998821617;-0,192810901005927;0;0;0;0;0;0;0;0;0;-0,17201562112098;0;0;0;0;0;0;0;0;0;0;0;0;-0,177731443426482;0;0;0;-0,167984295208431;0;0;0;0;0;0;0;0,195438509459984;0;0;0;0;0;0;0;0;0;-0,197336077960623;0;0;0;0;0,201200221456786;0;0;0;0;0;0;0;-0,191591225045099;0;0;0;0;0;0;0;0;0;0;0;-0,193419231871721;0;0;0;0;0;0;0;0;0;0
"113";0;0,187846074029165;0;0,198533606600501;0,19110706608264;0;0,186491098687974;0;0;0;0;0;0;0;0;0;0;0;0;0;0;0;0;-0,202214001539398;0,196146629466238;0;0;0;0;0;0;0;0;0;0;0;0;0;0;0;0;0;0,17284000126908;0;0,18741642974846;-0,176099939549975;0;0;0;0;0;0;0;0;0;0;0;0;0;0;0;0;0;0;0;0;0;0;0;0;0;0;0;0;0;0;0;0;0;0;-0,205062651048506;0;0;0;0;0;0;0;0;0;0;0;0;0;0;0;0;0;0;0;0,178970658038372;0;0;0;0;0;0;0;0;0;0;0;0;0;0;0;0;0;0;0;0;0;0;0;0;0;0;0;0;0,182898721317598;0;0;0;0;0;-0,199333687031129;0;0;0;0;0;0;0;0;0;0;0;0;0;0;0;0;0;0;0;0;0;0;0,20528499771834;0;0
"114";0;0;0;0;0;0;0;0;0;0;0;0;0;0;0;0;0;0;0;0;0;-0,182258032303285;0;0;0;0;0;0;0;0;0;0;0;0;0;0;0;-0,15755704243828;0;0;0;0;0;0;0;0;0;0;0;0;0;0;0;0;0;0;0;0;0;0;0;0;0;0;0;0;0;-0,164721950912887;0,16644353972178;0;-0,165640806016838;0;0;0;0;0;0;0;0;0;0;0;0;0;0,162186474134653;0;-0,181013136513793;0;0;0;0,169638434577214;0;0;0;0;0;0;0;-0,168003178372095;0;0;0;0;0;0;0,173331383128806;0;0;0;0;0;0;0;0;0;0;0,17742008646219;0;0;0;0;0;0;0;0;0;0;0;0;0;0;0;0;0;0;0;0;0;0;0;0;0;0;0;0;0;0;0;0;0;0;0;0,161489397462386;0;0;0;0,164331817672335;-0,19221409414344;0;0;0
"115";0;0;0;0;0;0;0;0;0;0;0;0;0;0;0;0;0;0;0,186478434827747;0;0;0;0;0;0;0,167751267314471;0;0;0;0;0;0;0;0;0;0;0;0;0;0;0;0;0;0;0;0;0;0;0;0;0;0;0,174345053128795;0;0;0;0;0;0;0;0;0;0;0,173028443862545;0;0,189675833875525;0;0;0;0;0;0;0;0;0,18935305196548;0;0;0;0;0;0;0;0;0;0;0;0;0;0,174387315297447;0;0;0;0;0;0;0;0;0;0;0;0;0;-0,175106761666055;0;0;0;0;0;0;0;0,173142663886027;0;0;0;0,2941664615646;0;0;0;0;-0,151573768921142;0;0;0;0;0;0;0;0;0;0;0;0;0;0;0;0;0;0;0;0;0;0;0;0;0;0;0;0;0;0;0;0;0;0;0;0;0;0;0;0;0
"116";0;0;0;0;0;0;0;0;-0,162089418597557;0;0,16898249835295;0;0;0;0;0;0;0;0;0;0;0;0;0;0;0,156905083208234;0;0;0;0;0,167435914242651;0;0;0;0;0;0;0;0;0;0;0;0;-0,154983795789483;0;0;0;0;0;0;0;0,164874224261947;0;0,175596797104094;0;0;0;-0,172431339013093;0;0;0;0;0;0;0;0;0;0;0,16106748586651;0;0;0;0;0;0;0;0;0;0;0;0;0;0;0;0;0;0;0;0;0;0;0;0;0;0;0;0;0;0;0;0;0;0;0;0;0;0;0;0;0;0;0;0;0;0;0;0;0;0,181547233517313;0;0;0;0;0;0;0;0,166521140674629;0;0;0;0;0;0;0;0;0;0;0;0;0;0;0;0;0,170529383585878;0;0;0;0;0;0;0;0;0;0;0;0;0;0;0;0;0
"117";0;0;0;0;0;0;0;0,19147541008688;0;0;0;0;0;0;0,159927767470683;0,16373341431076;0;0;0;0;0;0;0;0;0;0;0;0;0;0;0;0;0;0;0;0;0;0;0;0;0;0;0;0;0;0;0;0;0;0;0;0,171162796968999;0;0,182294346285344;0;0;0;0;0;0;-0,160642571849615;0;0;0;0;0;0;0;0,167210863341964;0;0;0;0;0;0;0;0;0;0;0;0;0;0;0;0;0;0,181847627629776;0;0;-0,178648754765748;0;0;0;0;0;0;0;0;0;0;0;0;0;0;0;0;0;0;0;0;0;0;0;0;0;0;-0,494191637961194;0;-0,196312407596833;0;0;0;0;0;0;0,182754119528205;0;0;0;0;0;0;0;0;0;0;0;0;0;0;0;0;0;0;0;0,184867563167575;0;0;0;0;-0,179126704988997;0,196019446867056;0;0;0;0;0;-0,212036868360263;0;0;0
"118";0,183474862628927;0;0;0;0;0;0,179510687930003;0;0;0;0;0;0;0;-0,165255966242709;0;0;0;0;0;0;0;0;0;0;0,168316579184226;0;0;0;0;0;0;0;0;0;0;0;0;-0,163330092483323;0;0;0;0;0;0;0;0;0;0;0;0;0;0;0;0;0;0;-0,184972038721791;0;0;0,16599458524667;-0,201595852290855;0;0;0;0;0;0;0;0;0;0;0;-0,169514496043676;0;0;0;-0,188485583027313;0;0;0;0;0;0;-0,168362533202012;0;0;0;0;0;0;0,178214847723446;0;0;0;0;0;0;0;0;0;0;0;0;0;0;0;0;0;0;0;0;0;0;0;0;0,171210256634883;-0,867922814795747;0;0;0;0,162809356012913;0;0;0;0;0;0;0;0;0;0;0;0;0;0;0;0;0;0;0;0;0;0;-0,163324020762107;0;0;0;0;0;0;0;0;0;0;0;0;0;0;0;0
"119";0;0;0;0,189863937286248;0;0;0;0;0;0;0;0;0;0;0;0;0;0;0;-0,163682974488704;0;0,187972251433964;0;0;0;0;0;0;0;0;0;-0,206098695201019;0;0;0;0;0;0;0;0;0;0;0;0;0;0;0;0;0;0;0;0;0;0;0;0;0;0;0;0;0;0;0;0;0;0,189081629002325;0;0;0;0;0;0;0;0;0;0;0;0;0;0;-0,196107868008312;0;0;0;0;0;0;0;0,173841005361929;0;0;0;0;0;0;0,157909306328401;0;0;0;0;0;0;0;0;0,166022535894044;0,178765730756206;0;0;0;0;0;0,171692810990138;0;0;0,175177454777055;0;0;0;-0,136177817126736;0,172335710193741;0;-0,181354182735376;0;0;0;0;-0,180611875222591;0;0;0,1757082163243;0;0;0;0;0;0;0;0;0;0;-0,197612921988004;0;-0,213586573685592;0;0;-0,185429798871072;0;0;0;0;0;0;0;0;0;0;0;0;0;0;0
"120";0;0;0;0,199912358136245;0;0;0,187786218910294;0;0;0;0;0;0;0;0;0;0;0;-0,195732574216869;0;0,194622872981937;0;0;0;0;0;0;0;0;0;0;0;0;0;0;0;0;0;0;0;0;0;0;0;0;0;0;0;0;0;0;0;0;0;0;0;0;-0,19349934065897;-0,196410589197571;0;0;0;0;0;0;0;0;0;0;0,184178937528749;0;-0,196667941412846;0;0;0;0;0,18993890295806;-0,197174861084611;0;0;-0,206486744681306;0;0;0;0;0;0;0;0;0;-0,184216480781406;0;0;0;0;0;0;0;0;0;0;0;0;0;0;0;0;0;0;0;0;0;0;0;0;0;0;0;0;0,702785235596821;0;0;0;0;0;0;0;0;0;0;0;0;-0,168615966414909;0;0;0;0;0;0;0;0;0;0;0;0;0,162288686590303;0;0;0;0;0;0;0;0;0;0;0;0;0;0;0
"121";0;0;0;0;0;0;0;0;0;0;0,185932296373792;0;0;0;0;0;0;0;0;0;0;0;0;0;0;0;0;0;0;0;0;0;0;0;0;0,193743345190884;0;0;0;0;0;0;0;0;0;0;0;-0,200293225846688;0;0;0;0;0;-0,193210042694799;0;-0,178171429573609;0;0;0;0;0,170261770582195;0;0;0;0;0;0;0;0;0;0;0;0;0;0,194875220455616;0;0;0;0;0;0;0;0;0;0;0;0;0;0;0;0;0;0;0;0;0;0;0;0;0;0;0;0;0;0;0;0;0;0;0,200350117153578;0;0;0;0;0;0;0;0;0;0;-0,746278305537999;0;0;0;0;0;0;0;0;0;-0,180231158666143;0;0;0;0;0;0;0;0;0;0;0;0;0;0;0;0;0;0;0,186456960037575;0;0;0;0;0;0;0;0;0;0;0
"122";0;0;0;0;0;0;0;0;0;0;0;0;0;0;0;0;0,191882968975222;0;0;0;0;0;0,171796341381088;0;0;0;0;0;0;0;0;0,21717148673556;0;0;0;0;0;0;0;0;0,188844786264949;0;0;0;0;-0,177457851728432;0;-0,204431043992723;0;0;0;0;0;0;0;0,181852237904885;0;0;0;0,173399098084741;0;0;0;0;0,186120135865513;0;0;0;0;0;0;0;0;0;0;0;0;0;0;0;0;0;0;0;0;0;-0,196718281529539;0;0;0;0;0;0;0;0;0;0;-0,200930231652645;0;-0,177873962324966;0;0;0;0;0;0;0;0;0;0;0,18187331823771;0;0;0;0;0;0;0;0;0;0;-0,685145175550133;0;0,172042518100645;0;0;0;0;0;0;0,172134913084745;0;0;0;0;0;0;0;-0,163914028683221;0;0;0,16545817750823;0;0;0;0;0;0;0;0;0;-0,181083544448307;-0,164569743971986;0;0;0;0;0;0;0;0
"123";0;0;0;0;0;0;0;0;0;0;0;0;0;0;0;0;0;0;0;0;0;0,188581105894688;0;0;0;0;-0,175788581964137;0;0;0,161725398187591;-0,179027267217575;0;0;0;0;0;0;0;-0,162797184592959;0;-0,179796764378304;0;0;0;0;0;0;-0,194636245857493;-0,170488890864795;0;0;0;0;0;0;0;0;0;0;0;0;0;0;0;0;0;0;0;0;-0,175487925097658;0;0;0;0;0;0;0;0;0;0;0;0;0;0;0;0;0;0;0;0;0;0;0;0;0;0;0;0,191303166115706;0;0;0;0;0;0;0;0;0;0;0;0;0;0;0;0;0,175744866051569;0;0;0,176337115877266;0;0;0;0;0;0;0;0;0;0;0;0;0;0;0;0;0;0;0;0,146607697170632;0;0;0;0;0,188558672346598;0;0;0;0,152897593093963;0,163364738967353;0;0;0;0;0;0;0;0;0;0;0;0;-0,159016180711639
"124";0;0;0;0;0;0;0;0;0;0;0;-0,218640270735478;0;0;0;0;0;0;0;0;0;0;0;0,211652166804368;0;0;0;0;0;0;0;0;0;0;0;0;0;0;0;0;0;0;0;0;0;0;0;0;0;0;0;0,192318888192826;0;0;0;0;0;0;0,204160059735112;0;0;0;0;0;0;0;0,201479105040826;0;0;0;0;0;0;0,184325803081832;0;0;0;0;0;-0,189051818227084;0;0;-0,207078098570491;0;0,183073187636746;0;0;0;0;0,200730126534474;0;0;0;-0,199721760005423;0;0;0;0;0;0;0;0;0;0;0;0;0;0;0;0;0;0;0;0;0;0;0;0;0;0;0;0;-0,191744548435765;0;0;0,173897844913847;-0,171338324506771;0;0;0;0;0;0;0;0;0;0;0;0;0;0;0;0;0;0;0;0;0;0;0;0;0;0;0,181960500848723;0;0;0;0;0;0;0
"125";0;0;0;0;0;0;0;0;0;-0,163174356195565;0;0;0;0;0;0;0;0;0;0;0;0,182278026022963;0;0;0;0;0;0;0;0;0;0;0;0;0;0;0;0;0;0;0;0;0;0;0;0;0;0;0;0,16869747317343;0;0;0;0;0;-0,167352290683059;0;0;0;0;0;0,194221995999752;0;0;0;0;0;0;0;0;0;0;0;0;0;0;0;0;0,161021453101238;-0,167501379136334;0;0;0,183472803513708;0;0;0;0;0,160170432733955;0;0;0;0;0;0;-0,179655655019926;0;0;0;0;0;0;0;0;0;0;0;0;0;0;0;0;0;0;0;0;-0,158887594217022;0;0;0;0;0;0;0;0;0;0;0;0;0,201820275853823;0;0;0;0;0;0;-0,195662633307115;0;0;0;0;0,201911536314054;0;0,218232658042123;0;0,185884883885209;0;-0,176959498780331;0;0;0;0;0;0;0;0;0;0;0;-0,201504340938332;0;0
"126";0;0;0;0;0;0;0;0;0;0,159293998477637;0;0;0;-0,178184745304656;0,155425214050095;0;0;0;0;0;0;0;0;0;0;0;0;0;0;0;0;0;0;0;0;0;0;0;0;0,174351183864544;0;0;0;0;0;0;0;0;0;0;0;0;0;0;0;0;0;0;0;0;0;0;-0,161715642311835;0;0;0;0;0,160822431011675;0;0;0;0,17681719309507;0;0;0;0;0;0;0;0;0;0;0;0;0;0;0;0;0;0;0;0;0;0;0;0;0;0;0;0;0;0;0;0;0;0;0;0;0;0;0;0;0;0;0;0;0;-0,166390059749484;0;0;-0,170667411458788;0;0,165847167901629;0;0;0;0;0;0;0;0;0;0;0;0;0;0;0;0;0;0;0;0;0;0;0;0;0;0;0;0;0;0;0;0;0;0;0;0,183593811893659;0;0
"127";0,232271316188221;0;0;0;0;0;0,227252840841102;0;0;0;0;0,254548108529936;0;0;0,209206973844592;0;0;0;0;0;0;-0,239517089658459;0;0;0;0;0;0;0;0;0;0;0;0;0;0;0,232259392192582;0;0;0;0,228360086921688;0;0;0;0;0,214590464725804;0;-0,247207730215926;0;0;0,221273755786856;0;0,221457159498684;0;0;0;0;0;0,23768977630752;0;0;0;0;0;0;0;0;0;0;0;0;0;0;0;0;0;0;0;0;0;0;0;0;0,254330300969273;0;0;0;0;0;0;0;0;0;0,232522563526998;0;0;-0,225004046902162;0;0;0;0;0;0;0;0;0,227786001576068;0;0;0;0;0;0;0,23267507219982;0;0;0;0;0,22396598319492;0;0;0,229723426172506;0;0,223235234575342;-0,243534981838832;0;0;0;0;0;0;0;0;0;0;0;0;0;0;0;0;0,181257122699977;0,164780934522358;0;0;0;0;0;0;-0,173532681253934;0;0;0;0;0;0;0;0;0;0;0;-0,165214628190199
"128";0;0;0;0;0;0;0;0;0;0;0;0;0;0;0;0;0;0;0;0;0;0,191322749143564;0;0;0;0;0;0;0;0;0;-0,209772286387774;0;0;0;0;0;0;0;0;0;0;0;0,168122288175702;-0,182426942978305;0;0;0;0;-0,177068322744767;0;0;0;0;0;0;0;0;0;0;0;0;0;0,175560862032819;0;0;0,187369905435041;0;0;0;0,173879054750039;0,190111891173093;0,177400358194099;0,171417816679712;0;0;0;-0,190601912356921;0;0;0;0;-0,192576812066734;0;0;0;0;0;0;0;0;0;0;0;0;0;0;0;0;0;0;0;0;0;0;0;0;0;0;0;0;0;0,18585744563749;0;0;0;-0,173132617389624;0;0;0;0;0;0;0;0;0;0;0,527086916612461;0;0;0;0;0;0;0;0,187925462725436;0;0;0;0;0;0,176299364694352;0;0;0;0;0;0;0;0;0;0;0;0;0;0;0;0;0,193536169231568;0;0
"129";0;0;0;0;0;0;0;0;0;0;0;0;0;0;0;0;0;0;0;0;0;0;0;0;0;0;0;0;-0,170429618086838;0;0,167300249736837;0;0;0;0;0;0;0;0;0;0;0;0;0;0;0;0;0;0;0;0;0;0;0;0,160905185120914;0,161797918289738;0;0;0;0;0,15461513728913;0;0;0;0;0;0;0;0;0;0;0;0;0;0;0;0;0;0;0;0,183855599038708;0;0;-0,187127314219325;0;0;0;0;0;-0,171945714181521;0;0,165997662554928;0;0;0;0;0;0,178772027099697;0;0;0;0;0;0;0;0;0;0;0;0;0;0;0;0;0;0;0;0;0;0;0;0;0;0;0;0;0;0;0;0;0;0;0,193260197857814;0;-0,195163452189314;0;0,184728358261374;0;0;0;0;0;0;0;0;0;0;0;0;0,193958633025535;-0,180231870473534;0;0;0;0;0;0,182397576600566;0,213345081049017;0;0;0
"130";0;0;0;0;0;0,196903114162974;0;-0,206995205880217;0;0;0;0;0;0;0;0;0;0;-0,195750872865683;0;0;0;0;0;0;0;0;0,174114760508585;0,191426027813815;0;0;0;0,173394340976187;0;0;0;0;0;0;0;0;0;0;0;0;0;0;0;0;0;0;0;0;0;0;0;0;0;0;0;0;0;0;0;0;0;0;0;0,180763927165237;0;0;0;0,183535205169804;0;0;0;0;0;0;0;0;0;0;0;0;0;0;0;0;0;-0,184233702813565;0;0;0;0;0;0;0;0;0;0;0;0;0;0;0;0;-0,179916036224466;0;-0,204352701117067;0;0;0,192284755029017;0;0;0;0;0;0;0;0;0;0;0,20125948122049;0;0;-0,23431282853822;0;0;0;0;0;0;0;-0,173608729830374;0;0;0;0;0;0;0;0;0;0;0;0;-0,165124406852819;0;0;0;0;0;0;0;-0,160075599655314;0;0;0;0;0
"131";0;0;0;0;0;0;0;0;0;0;0;0;0;0;0;0;0;0;0,166068636003206;0;0;0;0;0;0;0;0;0;0;0;0;0;0;0;0;0;0;0;0;0;0;0;0;0;0;0;0;0;0;0;0;0;0;0;-0,153323903494847;0;0;0;0;0;0;-0,178928495210234;0;0;0;0;0;0;0;0;0;0;0;0;0;0;0;0;0;0;0;0;0;0;0;0;0;0;0;0;0;0;0;0;0;0;0;0;0;0;0;0;0;0;0;0;0;0;0;0;0;0;0;0;0;0;0;0;0;0;0;0;0;0;0;0;0,198783337533802;0;0;0;-0,469492298085243;0;0;0;0;0;0;0;0;0;0;0;0;0;0;0;0;0;0;0;0;0;0;0;0;0;0;0;0;0;0
"132";0;0;0;0;0,192856861870072;0;0;0;0;0;0;0;-0,178399154635108;0;0;0;0;0;0;0;0;0;0;0;0;0;0;0;0;0;0;0;0;0;0;0;0;0;0;0;0;0;0;0;0;0;0;0;0,179325293501744;0;0;0;-0,183398957359416;0;0,181108192964764;0;0;0;0;0;0;0;0;0;0;0,199525880114024;0;0;0;0;0;0;0;0;0;-0,202329397993786;0;-0,197607891477596;0;0;0;0;0;0;0;0,190457726486109;0;0;-0,183443414242634;0;0;0;0;-0,192562732268061;0;0;0;0;-0,182841368820009;0;0;0;0;0;0;0;0;0;0,17567712718795;0;0;0;0;0,17867277360076;0;0;0;0;0;0;0;0;0;0;0,178692374017293;0;0;0;0;0;0;0;0;0;0;0;0;0;0;-0,165083899809928;0,183516198558873;0;0;0;0;0;0;0;0;0;0;-0,182590019330832;0;0;0;0;-0,16885957286158;0;0,183146101095461;0;-0,16727376039158
"133";0;0;0;0;0;0;0;0;0;0;0;0;0,164256633729463;0;0;0,163315296699941;0;0;0;0;0;0;0;0,187888284006557;0;0;0;0;0;0;0;0,200242043331029;0;0;0;0;0;0;0;0;0;0;0;0;0;0;0;0;0;0;0;0;0;0;0;0;0;0;0;0;0,160232347164444;0;0;0;0;0;0;0;0;0;0;0;0;0;0;0;0;0;0;0;0;0;0;0;0;0;0;-0,160480327282867;0;0;-0,169985292980543;0,172028402660529;0;0;0;0;0;0;0,168346693179631;0;0;0;0;0;0;0;0;0;0;0,188548312497969;0;0;0,17741368663895;0;0;0;0;0;0;0;0,175163069938123;0;0;0;0;0;0;0;0;0;0;0;0;0;0;0;0;0;0;0;0;0;0;0;0;0;0;0;0;0;0;0,192371790763459;0;0;0;0;0;0;0;0;0
"134";0;0;0;0;0;0,18829982178951;0;0;0,173962594766437;0;0;0;0;0;0;0;0;0;0;0;0;0;0;0;0;0;0;0;0;0,162333770819935;0;0;0;0;0;0;0;0;0;0,185469244998305;0;0;0;0;0,180489189148389;0;0;0;0;0;0;0;0,175017729418916;0;0;0;0,165416276682139;0;0;0;0;0;0;0;0;0;0;0;0;0;0;0;0;0;-0,190083633683936;0;0;0;0;0;0;0;0;0;0;0;0;0;0;0;0;0;0;0;0;0;0;0;0;0;0;0;0;0;0;0;0;0;0;0;0;0;0,183883252729235;0;0;0;0;0;0,17585334272614;-0,185160262306803;0;-0,185301182280678;0;0;0;0;0;0;0;0;0;0;0,170856165002544;0;0;0;0;0;0;0,157833069771294;0,175455783420762;0;0;0;0;0;0;0;0,16797857146233;0;0;0;0;0;0;0;0;0;0;0;0
"135";0,1975614793958;0;0;0;0;0;0;0,213045310879626;0;-0,182373102282807;0,195189884781632;0;0;0;0;0;0;0,188273895119464;0,201472325831355;0,1773997322538;0;0;0;0;0;0;0;0;0;0;0;0;0;0;0;0;0;0;0;0;0;0;0;0;0,194252028422829;0;0;0;0;0;0;0;0;-0,202829990850195;0;0;-0,178029761401608;0;0;0;0;0;0;0;0;0;0;0;0;0,189579885011634;0;0;0,188899615701166;0;0;0;0;0;0;0;0;0;0,205059821539705;0;0;0;0;0;0,188409013840752;0;0;0;0;0;0;0;0;0;0;-0,182950781424871;0;0;0;0;0;0,193746434968987;0;0;0;0;0,187064285615529;0;0;0;0;0;0;0;0;-0,199279284848627;0,195394337412437;0;0;0;0,183529368489242;0;0;0;0;0;0;0;0;0;0;0;0;0;0;0;0;0;0,211034489690219;0;-0,179753671901246;0;0;0;0;0;0;0;0;0;0,192449936349366;0;0;0;0;0;0
"136";0;0;0;0;0;0;0;0,204249155198332;0;0;0;0,207570127484081;0;0;0;0;0;0;0;0;0;0;0;-0,200935843603198;0;0;0;0;0;0;-0,185418254294814;0;0;0;0,180402497195961;0;0;0;0;0;0;0;0;0;0;0;0;0;0;0;0,180436703941006;0;0;0;0;0;0;0;0;0;0;0;0,177501362557597;0;0;0;0;0;0;0;-0,177505633843767;0;0;0;-0,196131515066234;0;0;0,194577278519175;0;0;0;0;-0,196593368526521;0;0;0;0;0;0;0;0;-0,183974601689895;0;0;0;0;0;0;0;0;0;0;0;0;0;0;0;0;0;0;0;0;0;0;0;0;0;0;0;0;0;0;0;0;0;0;0,231204375374556;0;0;0;0;0;-0,176292286983923;0;0;0;0;0;0;0;0,192181191060057;0;-0,207715779476331;0;0;0;-0,168431620430533;0,17996220312358;0;0;0;0;0;0;0;0;0;-0,206835810646721;0,191793618889941;0;0
"137";0;0;0,174866749400795;-0,198264353005996;0;0;0;0;0;0;0;0;0;0;0;0;0;0;0;0;0;0;0;0;0;0;0;0,172663279490414;0;0;0;0;0;0;0;-0,195966561094266;0;0;0;0;0;0;0;0;-0,187162253398958;0,175861110756563;0;0;0;0;0,181338199363495;0;0;0;0;0;-0,171532063714027;0;0;0;0;0;0;0;0;0;0;0;0;-0,18266063302391;0;0;0;0;0;0;0;0;0;0;0;0;0;0;0;0;0;0;0;0;0;0;0;0;-0,193465029026719;0;0;0;0;0,17627347724805;0;0;0;0;0;0,18667511300257;0;0;0;0;0;0;0;0;-0,182928075910736;0;0;0;0;0;0;0;0,182945669848772;0;0;0;0;0;0;0;0;0;0;0;0;0;0;0;0;0;0;0;0;0;0;0;0;0;0;-0,180830315941708;0;0;0;0;0;0;0;0;0;0;0
"138";0;0;0,163153707045579;0;0;0;0;0;0;0;-0,175468724635944;0;0;0;0;0;0;0;0;0;0;0,183141010647171;0;0;0;0;0;0;0;0,15706002322381;0;0;0;0;0;0;0;0;0;0;0;0;0;0;0;0;0;0;0;0;0;0;0;0;0;0;0;0;0;0;0;0;-0,166439274441268;0;0;0;0;0;0;0;0;0;0;0;0;0;0,175755380526849;-0,182450999771787;0;0;0;0;0;0,194467578176281;0;0;0;0;0;0;0;0;0;0;0;0;0;0;0;0;0;0;0;-0,176124415734782;0;0;0;0;0;0;0;0;0;0;0;0;0;0;0;0;0;0;0;0;0;0;0;0;0;0;0;0;0;0;0;0;0,177668142896236;-0,578655661549419;0;0;0;0;0;0;0,153431994493268;0;0;0,156064242932445;0;0;0;0;0;0;0;0;0;0;0;0;0
"139";0;0;0;0;-0,1901038186306;0,19450038754983;0;0,204469329679245;-0,179691046861792;0;0;0;0;0;0;0;0;0;0;0;0;0;0,169586779703769;0;0;0;0;0;0;0;0;0;0;-0,176246392876829;0,180596965692719;0;0;0;0;0;0;0;-0,171932649728196;0;0;0;0;0;0;0;0;0,182778260385478;0;0;0;0;0;0;0;0;0;0;0;0;0;0;0;0;0;0,181948487150224;0;0;0;-0,175181699249809;0,196342938973855;0,199441133734523;0;0;0;0;0;0;0;0;0;0;0;0;0;0;0;0,184172920808467;0;-0,189813887746252;0;0;-0,183676337699503;0;0;0;0;0;0;0;-0,172692186409299;0;0;0;0;0;0;0;0;0;0;0;0;0;0;0;0;0;0;-0,198803595676315;0;0;0;0;0;0;0;0;0;0;0;0;0;0;-0,129456709139049;0;0;0;0;0;0;0;0;0;0;0;0;0;0;0;0;0;0;0;0;0;0
"140";0;0;0;0;0;0;0;0;0;0;-0,200296759236323;0;0;0;0;0;-0,202523271263243;0;0;0;0;0,209054639178581;0;0;0;0;0;0;0;0;0;0,22921408895058;0;0;0;0;0;0;0;0;0;0;0;0;0;0;0;0;0;0,193479105266189;0;0;0;0;0;0;0;0;0;0;0;0;0;0;0;0;0;0;0;0;0;0;0;0;0;-0,213243182643513;0;0,208266994870663;0;0;0;-0,17930978774626;0;-0,221983865022441;0;0;0;0;-0,193338476148152;0;0;0;0;0;0;0;0;0;-0,192703955988009;0;0;0;0;0;0;0;0;0;0;0;0;0;0;0,18831050392163;0;0;0;0;0;0;0;0;0;0;0;0;0;0;0;0;0;0;0,188695540961634;0;0,210489803654983;-0,201799159046897;0,202807385278974;0;0;0;0;0;0;0;0,164239410006741;0;0;0;0;0;0;0;0;0;0;0;0;0;0;0;0
"141";0;0;0;0;0;0;0;0;0;0;0;0;0;0;0;0;0;0;0,187668922370822;0;0;0;0;0;0;0;0;0;0;0;0;0;0;0;0;0;0;0;0;0,185935892546493;-0,180927194312879;0;0;0;0;0;0;0;0,17156079973041;0;0;0;0;0;0;0,174227818699148;0;0;0;0;0;0;0;0;0;0;0;0;0;0;0;0;0;0;0;0;0;0,189051790926563;0;0;0;0;0;0;0;0;0;0;0;0;0;0;0;0;0;0;0;0;0;0;0;0;-0,176224651885717;0;0;0;0,167190930098021;0;0;0;0,174248015208401;0;0;0;0;0;0;-0,177445794084315;0;0;0;0;0;0;0;0;0;0;0;0;-0,157493859898882;-0,186033799813157;0;0;0;-0,183180692884064;0;0;0;-0,196068588869334;0,0213979757390916;0;0;0;0;0;0;0;0;0;0;0;0;0;-0,195473127742913;0;0;0;0;0;0
"142";0;0,179653917579923;0;0;0;0;0;-0,196584216952878;0;0;0;-0,199780561807681;0;0;0;0;0;0;0;0;0;0;0;0;0;0;0;0;0;0;0;0;0;0;0;0;0;0;0;0;0;0;0;0;0;0;0;0;0;0;0;0;0;0;0;0;0;0;0;0;0;0;0;0;0;0;0;0;0;-0,1749318635137;0;0;0;0;0;0;0;0;0;0,172744382035024;0;0;0;0;0;0;0;0;0;0;0;0,177070514574744;0;0;0,185279101972377;0;0;0;0,173280895057181;0;0;0;0;0;0;0;0;0;0;0;0;0;0;0;0;-0,16386097486225;0;-0,175778363496378;0;0;0,180297058211026;0,184021779483993;0;0,19113697513829;0;0;0;0;0;0;0;0;0;0;0;0;0;0;0;0;0;0;0;0;0;0;-0,158011518214152;0;0;0;0;0;0;0;0;0;0;0;0;0;0
"143";0;0;0,176452297464685;0;0;0;0,187926832115726;0;0;0;0;0;0;0;0;0;-0,191880615168018;0;0;0;0;0;0,171794233974328;0;0;0;0;0;0;0;0;0,2171688227169;0;0;0;0;0;0,171224978606427;0;0;0;0;0;0;0;0;0;0;0;0,183311722692738;0;0;0;0;0;0,181850007143552;0;0;0;-0,173396971017141;0;0,211047433027849;0;0;0;0;0;0;0,180882371787372;0;0;0;0;0;0;0;0;0;0;0;0;0;0,199367038798428;0;0;0;0,196715868408089;0;0;0;0;0;0;0;0;0;0,186067191024058;0;0;0;0;-0,179630799069811;0;0;0;0;0;0;0;0;-0,181871087217787;0;0;0;0;0;0;0;0;0;0,18996988369248;0;0;0;0;0;0;0;0;0;0;0;0;0;0;0;0;0;0;0;0,185765128188511;0;0;0;0,197335704301183;0,201134660238378;0;0;0;0;0;0,213267834390081;0;0;0;0;0;0;0;-0,193343836653152;0
"144";-0,177814636595211;0;0;0;0;0;0;0,191750814218593;0;0;0;0;0;0;0;0;0;0;0;0;0;0;0;0;0,182980153987679;0;0;0,161291885737279;0;0;0;0;0;0;0;0;0;0;0;0;0;0;0;0;0;0;0;0;0;0;0;0;0;0,182556545050877;0;0;0;0;0;0;0;0;0;0;0,172298099497156;0;0;0;0;0;0,16664377282187;0;0;0;0;0;0;0;0;0;0;0;0;0;0;0;0;0;0;0;0;0;0;0;0;0;0;0;0;0,164664320257995;0;0;0;0;0;0;0;0;0,162397750560373;0;0;0;0;0;0;0;0;0;0,170345330655304;0;-0,17586410673787;0;0;0,186437503366975;0;0;0;0,173381638598885;0;0;0;0,179754649891958;0;0;0,184620398934781;0;0;0;0;0;0;0;0;0;0;-0,174176321430542;0;0;0;0;0;0;0;0;0;0;0;0;0;0;0
"145";0;0;0;0;0;0;0;0;0;0;0;0;0;0;0;0;0;0;0;0,166307534066173;0;0,190986275185307;0;0;0,19058894932493;0;0;0;0;0;0,181310586552523;-0,209403365745303;0;0;0;0;0;0;0;0;0;-0,182678886093862;0;0;0,182106113825101;0;0,168212866927481;-0,19711864259155;0;0;0;0;0;0;0;0;0;0;0;0;0;0;0;-0,175252108063793;0;0;0;0;0;0;0;0;0;0;0;0;0;0;0;0;0;0;0;0;0;0;0;0;0;0;0;0;0;0;0;0;0;0;0,176048763673617;0;-0,173899647260549;0;0;0;0;0;-0,168265359486936;0;0;0;0;0;0;0;0;0;0;0;0;0;0;0;0;0;0;0;0;0;0;0;0;0;0;0,17867304695209;0;0;0;0;0;0;0;0;0;0;0;0,171321255485442;0;0;0;0;0;0;0;-0,177215061890914;0;0;0;0;0;0;0
"146";0;0;0,16495846556399;0;0;0;0;0;0;0;0;0;0;0,18541803178007;0;0;0;0;0;0;0;0;0;0;0;0;0;0;0;0;0;0;0;0;0;0;0,179556052072239;0;0,159849757010852;0;0;0;0;0;0;0;0;0;0;0;0;0;0;0;0;0;0;0,181030543691753;0;0;0;0;0;0;0;0;0;-0,167350906348837;0;0;0;0;0;0;0;0;0;0;0;0;0;0;0;0;0;0;0;0;0;0;0;0;0;0;0;0;0;0;0;0;0;0;0;0;0;0;0;0;0;0,191166658669007;0;0;0;0;0;0;0;0;0,172022427024421;0;0;0;0;0,188273031577588;0;0;0;0;0;0;0;0;-0,167134111414611;0;0,186438037255288;0;0;0;0;0;0;0;0,181262224495698;0,167803014755002;0;-0,638374998932704;0;0,174260408488301;0;0;0;0;0;0;0;0,168932260933469;0;0;0;0;0
"147";0;0;0;0;0;0;0;0;0;0;-0,176788623081167;-0,196098182539846;0;0;0;0;0;-0,170524628965969;0;0;0;0;0,160041570920224;0;0;0;0;0;0;0;0;0;0;0,166326347102656;0;-0,184215544558097;-0,17892745284893;0;0;0;0;0;0;0;0;0;0;0;0;0;0,170464363707755;0;0;0;0;0;0;0;0;0;0;0;0;0,169317283555834;0;0;0;0;0;0;-0,167695287415649;0;0;0;0;0;0;0,183823419793804;0;0;0;0;0;0;0;0;0;0;0;0;0;0;0;0;0;0;0;-0,1871820415996;0,170086960824056;0;0;0;0;0;0;0;0;0;0;0;0;0;0;0,166209152993567;0;0;0,166975396064316;0;0;0;0;0;0;0;0;0;0;0;0;0;0;0;0;0;0;0;0;0;0;0;0;0;0;0;0;0;0;0;0;0,170066274754161;-0,158030412595107;0;0;0;0;0;0;0;0;0;0
"148";0;0;0,162230084443237;0;0;0;0;0;0;0;0;0;0;0;0;0;0;0;0;0;0;0;0;0;0;0;0;0;0;0;0;0;0;0;0;0;0;0,157424092161064;0;0;0;0;0;0;0;0;0;0;0;-0,168536633861795;0;0;0;-0,181304686902503;0;0;0;0;0;0;0;0;0;0;0,17111658732653;0;0;0;0;0;0;0;0;0;0;0;0;0;0;0;0;0;0;0;0;0,174853772797394;0;0;0;0,177678886966832;0;0,171532509910184;0;0;0;0;0;0;0;0;0;0;-0,169108937643718;0;0;0;0;0;0;0;0;0;0;0;0;0;0;0;0;-0,178130799070635;0;0;0;0,185159032043542;0;0;0;0;0;0;0;0;0;0;0;0;0;0;0;0;0;0;0;0;0;0,16665232705282;0;0;0;0;0;0;0;0,180255327851098;0;0;0;0;0;0;0
"149";0;0,17730177715591;0;0;0;0;0;0,194010414557435;0;0;0;0;0;0;0;0;0;0;0;0;0;0;0;0;0;0;0;0;0;0;0;0;0;-0,167231123611186;-0,171359158054773;0;0;0;0;0;0;0,177452635802985;0;0;0;0;0;0;0;0;0;0;0;0;0;0;0;0;0;0;0;0;0;0;0;0;0;0;0;0;0;0;-0,172022057658102;0;0;0;0;0;0;0,170482705532339;0;0;0;0;0;0;0;0;0;-0,181013943025613;0;0;0,153781782232604;0;-0,182853313148261;0;0;0;0;0;0;0;0;0;0;0;0;0;0;0;0;0;0;0;0;0;0;0;0;0;0;0;0;0;0;0;0;0;0;0;0;0;0;0;0;0;0;0;0;0;0;0;0,181610224485173;0;0;0;0;0;0;0;0;0;0;0;0,187142857974567;0;0;0;0;0,17126078042337;0
"150";0;0;0;0;0;0;0;0;0,17327194815568;0;-0,18064058065707;0;0;0;0;0;0;0;0;0;0;0;0;0;-0,188146769015721;0;0;0;0;0;0;0;0;0;0;0;0;0;0;0;0;0;0;0;0;0;0;0;0;0;0;0;0;0;0;0;0;0;0;0;0;0;0,17134499177327;0;0;0;0;0;0;0;0;0;0;0;0;0;0;0;0;0;-0,196699149741014;0;-0,189774819908359;-0,200199416241392;0;0;0;0;0;0;0;0;0,156282316106679;0;-0,185826558072829;0;0;0;0;0;0;0;0;0;0;0;0;0,171371887507159;0;0;0;0;0;0;-0,175705629551698;0;0;0;0;0;0;0;0;0;0;0;0;0;0;0;0;0;0;0;0;0;0;0,1706533715147;0;0;-0,176827342973536;0;0;0;0;0;0;0;-0,172872345664102;0;0,176428710714682;0;0;0;0;0;0;0;0;0;0
"151";0;0;0;0;0;0;0,173127081745702;-0,190818720189897;0;0;0;0;0,164112379531545;0;0;0;0;0;0;0;0;0;0;0;0;0;0;0;0;0;0;0,200066185865219;0;0;0;0;0;0;0;-0,178786726031835;0;0;0;0;0;0;0;0;0;0;0;0;0;0;0;0;0;0;0;0;0;0;0;0;0;0;0;0;0;0;0;0;0;-0,16348636592089;0;0;0,175111721030059;0;0;0;0;0;-0,18366634096295;0;0;0;0;0;0;0;0;0;0,151251895116485;0;0;0;0;0;0;0;0;0;0;0;0;0;0;0;0;0;0;0,166667361973213;0;0;0;0;0;0;0;0;0;0;0;0;0;0;0;0;0;0;0;0,178880868800194;0;0;0;0;0;0;0,176327333697808;0;0;0;0;0;0;0;0;0;0;0;-0,96726636798121;0;0;0;0;0;0;0;0;0;0
"152";0;0;0;0;0;0;0;0;0;0;0;0;0;0;-0,156187843696049;0;0;0;0;0;-0,175837116939693;0;0;0;0;0;0;0;0;0;0;0;0;0;0;0;0;0;0;0;0;0;0;0;0;0;0;-0,184558103479389;0;0;0;0;0;0;0;0;0;0;0;0;0;0;0;0;-0,168027216531203;0;0;0;0;0;0;0;0;0;0;0;0;-0,178142777233179;0;0;0;0;0;0;0;0;0;0,157128733428809;0;0;0;0;0;0;0;0;0;0;0;0;0;0;0;0,171965583070576;0;0;0;0;0;0;0;0;0,173708443561294;0;0;0;0;0;0;0,174914792387736;0;0;0;0;0;0;0;0;0;0,174931144823559;0;0;0;0;0;0;0,173472858142655;0;0;0;0;0;0;0;0;0;0;0;0;0;0;0;0;0;0;0;0;0;-0,196920088852254;0;0
"153";0,17693516970109;0;0;0;0,1773971117081;0;0;0;0;0;0;0;-0,164098360081974;0;0;0;0;0;0;0;0;0;0;0;0;0;0;0;0;0;0;0;0;0;0;0;0;0;0,157508430401599;-0,178771453012843;0;0;0;0;0;0;0;0;0;0;0,168557659951514;0;0;0;0;0;0;0,178378981143527;0;0;0;0;0;0;0;0;0;0;0;0;0;0;0,169177643651858;0;0;0;0;0;0;0;0;0;0,183650651098406;0;0;0;0;0;0;0;0;0;0;0;0;0;0;0,185088344746745;0;0;0;0;-0,169434403669074;0;0;0;0;0;0;-0,188366631986994;0;0;0;0;0;0;0;0;0;0;0;0;0;0;0;0;0;-0,172524097205691;0,158912747323913;0;0;0;0;0;0;0;0;0;0;0;0;0;0;0;0;0;0;0;0;-0,170013872000936;-0,164541459180065;0;-0,97357888915576;0;0;0;0;0,192997911308128;0;0;0
"154";0;0;0;0;0;0;-0,20277748617293;0;0;0;0;0;0;0;0;0,19111730596017;0;0;0;0;0;0;0;0;0;0;0;-0,187997038417043;0,206688543807641;0;0;0;0;0;0,197404923830583;0,213369821442201;0;0;0;-0,209406422728684;0;0;0;0;0;0;0;0;0;0;-0,197442354464887;0;0;0;0;0;0;0;0;0;-0,187509529949342;0;0;0;0;0,214982204447636;0;0;0;0;0;0;0;0;0;0;0;0;0;0,196395254750762;0;-0,183312089075689;0;0;0,190184393152807;0;0;0;0;0;0;0;-0,1771558716369;0;0;0;0;0;0;0;0;0;0;0;0;0;0;0;0;0;0;0;0;0,192513706600435;0,199173423648864;0;0;0;0;0,209057561869768;0;0;0;0;0;0;0,252994735768733;0;0;0;0;0;0;0;0;0;0;0;0;0,220818160723444;0,200444956627917;0;0;0;0;0,195586217292891;0;0;0;-0,19914810866034;0,192737921948757;0;0;0;0,189732020605355;0;0;0;0;0;-0,175457163944872
"155";0;0;0;0;0;0;0;0;0;0;0;0;-0,169269606109776;0;0;0;0;0;-0,186123855400189;-0,163885148879837;0,185068630571036;0;0;0;0;0;0;0;0;0;0;0;0;0;0;0;0;0;0;0;0;0,180018040750836;0;0;0,179453611309516;0;0;0;0;0;0;0;-0,174013544720367;0;0;0;0;0;0;0;0;0;0;0;0;0;0;0;0;0;0;0;0,174508953588718;0;0;0;0;0;0;0;0;0;0;0;0;0;0;0;0;0;0;0;0;0;0;0;0;0;0;0;0;0;0;0;0;0;0;0;0;0;0;0;0;-0,169529222668134;0;0;0;0;0;0;0;0;0;0;0;0;0,222789336153722;0;0;0;0;0;0;0;0;0;0;0,170350534246999;0;0,194454367948718;0;0,174854879097702;0;0;0,177647889441545;0;0;0;-0,172565570659557;0;0;0;0;0;0;0;0;-0,210378771269664;0;0;0
"156";0;0;0;-0,19933931794453;0;0,196320346241461;0;0;0;0;0;0;0;0;0;0;0;0,182385849921318;0;0;0;0;0;-0,203034649074852;0;0;0;0,173599438556885;0,190859470251601;0;0;0;0;-0,177895547197936;0;-0,197029067687648;0,191373150963555;0;0;0;0,18816026760407;0;0;0;0;0;0;0;0;0;0;0;0;0;0;0;0;0;0,195847586676177;0;0;0;0;0;0;0;0;0;0;0;0;0,196104201202376;0;0;0;0;0;0;0;0;0;0;-0,198646816185014;0;0;0;0;0;0;0;0;0,185896244408028;0;0,191589994411888;0;0;0;0;0;0;0;0;0;0;0;0;0;0;0;0;0;0;0;0;0;0;0;0;0;0;0;0;0;0;0;0;0;0;0;0;0;-0,193471024017056;0;0;0;0;0;0;0;0;0;0,18335474310689;0;0;0;0;0;0;0;0;0;0;0;0;0;0;0;0;0;0;0
"157";0;-0,181541724907208;0;0;0;0;0;-0,198649928239285;0;0;0;0;0;0;0;0;0;0;0;0;0;0;0;0;0;0;0;0;0;0;0;0;0;0;0;0;0;0;0;0;0;0;0,167039274712129;0;0,181126500025779;0;0;0;0;0;0;0;0;0;0;0;-0,166000364809103;0,185715526713838;0;-0,166297283947115;-0,166661794094713;0;0;0;0;0;0;0;0;0;-0,172639546003963;-0,188756665541226;0;0;0,190754822733719;0;0;0;0;0;0;0;0;0;0;0,182395693470805;0;0;0;0;0;0;0;0;0;0;0;0;0;0;0;0;0;0;0;0;0;0;0;0;0;0;-0,184532548111895;0;0;0;0;0;0;0;0;0;0;0;0;0;-0,224866205846316;0;0;0,185831438222701;0;0;0;0;0;0,183366151427883;0;0;0;0;0;0;0;0;0;0;0;0;0;0;0;0;0;0;0;0;0,170552710536867;0,196394921713767;0;0;0
"158";0;0;0;0;0;0;0;0;0;0;0;0;-0,155618163053512;0;0;0;0;0;0;0;0;0;0;0;0;0,15392903097569;0;0;0;0;0;0;0;0;0;0;0;0;0;0;0,164966146324917;0;0;0;0;0,155019042430251;0;0;0;0;0;0;0;0;0;0;0;0;0;0;0;0;0,157246628650017;0;0;0;0;0;0;0;0;0;0;0;0,173750888848404;0;0;0;0;0;0;0;0;0;0;0;0;0;0;0;0;0;0;0;0;0;0;0;0;0;0;0;0;0;0;0;0;0;0;0;0;0;0;0;0;0;0;0;0;0;0;0;0,16126397948194;0;0;0,152167188671248;0;0;0;0;0;0;0;0;0;0;0;0;0;0;0;0;0;0;0;0;0;0;0;0,161227975960174;0;0;0,156025034167665;0;0;0;0;0;0;0;0
"159";0,220897808739836;0;0;0;0;0;0;0;0;0;0;0;0;0;0;0;0,2206721147897;0;0;0;0;0;0;0,234346387755466;0,227314892815999;0;0;0;0,220293568739072;0;0;0,249754793277917;0;0;0;0;-0,220886468620223;0;0;0;0;0,21788058310441;0;0;0;0;0;0;-0,205935036012525;0;0;0;0;0;0;0;0;0;0;0;0;0;0;0;0;0;0;0;0;0;0;0,226347135254263;0;0;0;0;0;0;0;0;0,237647695861525;0,195378386975724;0;0;0;0;0;0,200161416148982;0,210664236932924;0;0,212016622495495;0;0;0;0;0;-0,21398639200893;0;0;0;0;0;0;0;0;0;0;0;0;0;-0,209160666908996;0;0;0;0,212283774829929;0;-0,206131619244869;0;0;0;0;0;0;0;0;0;0;0;0;0,222839355427696;0;0;0;0;0,229352556990047;0;0;0,206179744980429;0;0;0;0;0;0;0;0;0;0;0;0;0;0;0;0;0;0;0;0;0,622131576761603;0;0,180401775955113
"160";0;0;0;0;0;0;0;0;0,190347629964562;0,18541207492749;0;0,220117104477864;-0,186281433758051;0;0;0;0;0;0;0,180355831189144;0;0;0;0;0;0;0;-0,182189989518149;0;0;0;0;0;0;0;0;0;0;0;0;-0,197471359743393;0;0;0;0;0,185564261375951;0;0;0;0;0;0;0;0;0;-0,190159386455467;0;0;0;0;0;0;-0,188230775018675;0;0;0;0;0;0;0;0;0;0;0;0;0;0;0;0;0;0;0;0;-0,219928758275397;-0,184309778955987;0;0;0;0;0;0;0;0;0,201070806241382;0;0;-0,194569268598908;-0,210108877469005;0;0;0;0;0;0;0;0;0;0;0;0;0;0;0;0;0;0;0;0;0;0;0;0;0;0;0;0;0;0;0;0;0;0;0;0;0;0;0,200929812664428;0,187470996656074;0;0;0;0;0;0;0;0;0;0,186409712466272;0;0;0;0;0;0,218773845962429;0;0,202019229397419;0,19445007237205;0;0;0;0
"161";0;0;0;0;0;0;0;0;0;-0,165461786564069;0;0;0;-0,185083974150546;0;0;0;0;0;0;0;0;0;0;0;0;0;0;0;0;0;0;0;0;0;0;0;0;0,15956176435774;0;0;0;0;0;0;0;0;0;0;0;0;0;0;0,184021723789095;0;0;0;0;0;0,161810107710273;0;0;0;0;0;0;-0,181014490859964;0;0;0;0;0;0;0;0;0;0;0;0;0;0;0;0;0;0;0;-0,183570772134688;0;0;0;0;0;0;0;0;0;0;0;0;0;0;0;0;0;0;0,175780478969293;0;0,168003562395789;0;0;0;0;0,179553332305369;0;0;0;0;0;0;0;0;0;0;0,187933830249495;0;0;0;0;0;0;0;0;0;0;0;0;0;0;0,178610738047432;0;0;0;0;0;0;0;0;0;0;0;0;0;0;0;0;0;0;0;-0,208084873030031;0;0
