"";"1";"2";"3";"4";"5";"6";"7";"8";"9";"10";"11";"12";"13";"14";"15";"16";"17";"18";"19";"20";"21";"22";"23";"24";"25";"26";"27";"28";"29";"30";"31";"32";"33";"34";"35";"36";"37";"38";"39";"40";"41";"42";"43";"44";"45";"46";"47";"48";"49";"50";"51";"52";"53";"54";"55";"56";"57";"58";"59";"60";"61";"62";"63";"64";"65";"66";"67";"68";"69";"70";"71";"72";"73";"74";"75";"76";"77";"78";"79";"80";"81";"82";"83";"84";"85";"86";"87";"88";"89";"90";"91";"92";"93";"94";"95";"96";"97";"98";"99";"100";"101";"102";"103";"104";"105";"106";"107";"108";"109";"110";"111";"112";"113";"114";"115";"116";"117";"118";"119";"120";"121";"122";"123";"124";"125";"126";"127";"128";"129";"130";"131";"132";"133";"134";"135";"136";"137";"138";"139";"140";"141";"142";"143";"144";"145";"146";"147";"148";"149";"150"
"1";-0,759110259125009;0;0;0;0;0;0;0;0;0;0,18670704745148;0;0;0;0;0;0;0;0;0;0;0;0;0;0;-0,18625054919448;0;0;0,17610446475817;0;0;0;0;0;0;0;0;-0,193204066190249;0;0;0;0;0;0;0;0;0;0;0;0;0;0;0;0;0;0;0;0;0;0;0;0;0;0;0;0;-0,181782147003884;0;0;0;0;0;0;0;0;0;0;0;0;0;0;0;0;0;0;0;0,192010980535261;0;0;-0,195153749005983;0;0;0;0;0;0;0;0;0;0;0;0;0;0;0;0;0;0;0;0;0;0;0;0;0;-0,183331967681544;0;0;0;0;0;0;0;0;0;0;0;0;0;0;-0,186856954800013;0;0;0;0;0;0;0,188238935000372;0;0;0;0;0;0;0;0;0;0,197744858404962;0;0
"2";0;0;0;0;0;0;0;0;0;0;0,182031837239949;0;0;0;0;0;0;0;0,184013988757131;0;0;0,210259133780957;0;0;0;0;0;0;0;0;0;0;0;0;0;0;0;0;0;0;0;0;0;0;0;0;0;0;0;0;0;0;0;0;0;-0,186270090561845;0;0;0;0;0;0;0;0;0;0;0;0;0;0;0;0;0;0;0;0;-0,180011793949225;0;0;0;0;0;0;-0,17924563883932;0;-0,185087495361411;0,18720295797169;0;0;0;0;0;0;0;0;0;0;0;0;0;0;0;0;0;0;0;0;0;0;0;0;0;0;0;0;0;0;0;0;0,174039229641922;-0,217671643973432;0;0;0;0;0;0;0,172170066959399;0;0;0;0;0;0;0;0;0;0;0;0;0;0;0;0;0;0;0,190352922209927;0;0,177149750274421;0
"3";0;0;0;0;0;0;0;0;0;0;0;0,201056154374544;0;0;0;0;0;0;0;0;0;0;0;0;0;0;0;0;0;0;0;0;0;0;0;0;0,21916073872477;0;0;-0,185334399565686;0;0;0;0;0;0;0;0;0;0;0;0;0;0;0;0;0;0;0;0;0;0;0;0;0;0;0;0;0;0;0;0;0;-0,19270863841784;-0,180587605343669;0;0;0;0;0;0;0;0;0;0;0;0;0;0;0,191060523677667;0;0;-0,204543572661688;0;0,185914023048943;0;0;0;0;0;0,18273118215962;0;0;0;0;0;0;0;0;0;0;0;0;0;0;0;0;0;0;0;0;0;0;0;0;0;0;0;0;0,200828735030033;0;0;0;0;0;0;0;0;0;0;0;0;0,188944545448339;0;0;0;0;0,19359728621078;0;-0,177557833645853
"4";0,188027071252804;0;0;0;0;0;0;0;0;0;0;0;0;0;0;0;0;0;0;0;0;0;0;0;0;0;0;0;0;0;0;0;0;0;0;-0,18811746668471;0;0;0;0;0;0;0;0;0;0;0;0;0;0;0;0;0;0;0;0;0;0;0;0;0;0;0;0;0;0;0;0;0,185707299344234;0;0;0;0,233529708412397;0;0;0;0;-0,188427953034361;0,189106698922162;0,199675080776903;0;0;0;0;0;0;0;0;0,184254452008144;0,198484034669781;0;0;0;0;0;0;0;0;0;0;0;0,180305037437031;0;0;0;0;0;0;0;0;0;0;0;0;0;0,186460515438354;0;0;0;0;0;0;0;0;0;0;0;0;0;0;0;0;0;0;0;0;0;0;0;0;0,181240013925092;0;0;0;0;0;0;0;0,184800262551207;0
"5";0,179964619769288;0;0;0;0;0;0;0;0;0;0;-0,212585763967307;0,190685523026435;0;0;0;0;0;0;0;0;-0,223243643206043;0;0;0;0;0;0;0;0;0;0;0;0;0;0;0;0,199998682203205;0,198279220399148;0;0;0;0;0,200889643541057;0;0;0;0;-0,187240374532151;0;0;0;0;0;0,201712214838649;0;0;0;0;0;0;0;0;0;0;0;0;0,179708338841993;0;0;0;0;0;0;0;0,189859475538877;0;0,19178185775355;0;0;0;0;0;0;0;0;0;0;0;0;0;-0,204855493575769;0;0;0;0;0;0,186167048944866;0;0;0;0;0;0;0;0;0;0;0;0;0;0;0;0;0,187415574109512;0;0;-0,191683774482325;0;0;0;0;0;0;0;-0,208519854534535;0,196256971321751;0;0;0;0,193428355093246;0;0;0;0;0;0;0;0;-0,191026538398719;0;0;0;0;0;0;0;0;0;0
"6";0;0;0;0;0;0;0;0;0;0;0;0;0;0;0;0;0;0;0;0;0;0;0;0;0;0;0;0;0;0;0;0;0;0;0;0;0;0;0;0;0;0;0;-0,191448923521579;0;0;0;-0,204494321932313;0;0;0;0;0;0,178713186730531;0;0;0;0;0;0;0;0;0;0;0;0;0;0;0;0;0;0;0;0;0;0;0;0,182769154102171;0;0;0;0;0;0;0;0;0;0;0;0;-0,18451473693582;0;0;0;0;0;0;0;0;0;0;0;0;-0,195273247427197;0;0;0;0,190209185745285;0;0;0;0;0;0;0;0;0;0;0;0;0;0;0;0,196960014365148;-0,185419891413007;0;0;0;0;0,202366229527185;0;0;0;0;0;0;0;-0,185701627258296;0;0;0;0;0;0;0;0;0;0;0,179250409084389;0
"7";0;0;0;-0,193219004626167;0;0;0;0;0;0;0;0;0;0;0;0;0;0;0;0;0;0;0;0;-0,195872049003351;0;0;0;0;0,212266768879243;0;0;0;0;0;0;0;-0,208008040185372;0;0,203810160095346;0;0;0;0;0;0;0;0;0;0;0;0;0;0;0;0;0;0;0;0;0;0;0;0;0,21890405800489;0;0;0;0;0;0;0;0;-0,211919527835823;0;0;0;0;0;0;0;0;0;0;0;0;0;0;0;0,210107114544835;0;0;0,224934272257847;0;0;0;0;0;-0,199003292413506;0;-0,200947431117149;0;0;0;0;0;0,196372033683811;0,207581714156981;0;0;0;-0,19116935559444;0;0;0;0;0;0;0;0;0,240369342676713;0;0;0;0;0;0;0;0;0;0;0;0;0;0;0;0;0,202662463208474;0;0;0;0;0;0;0;0;0,210201962703863;-0,212896763844745;0;0
"8";0;0;0;0;0;0;0;0;0;0;0;0,215983911014697;0;0;0;0;0;0;0;0;0;-0,226812154628688;0;-0,209952678622596;0;0;0;0;0;0,207355826893506;0;0;0;0;0;0;0;0,203195626903204;0;0;0;0;0;0;0;0;0;0;0;0;0;0;0;0;0;0;0;0,223115509662607;0;0;0;0;0;0;0;0;0;0;0;0;0;0;0;0;0;-0,192894346755938;0;0;0;0;0;0;0;0,193357067642518;0;0;0;0;-0,19053177093057;0;0;0,208130073574188;0;0,204591559150508;0;0;0;0;0;0;0;0;0;0;0;0;0;-0,202779164229324;0;0;0;0;0;0;0;0;0;0;0;0;0;0,171693604846449;0;0;0;0;0;0,185724458897031;0;0;0;0;0;0;0;0;-0,189454982138036;0;0;0;0;0;0;0;0;0;0;-0,207971246479436;0;0
"9";0;0;0;0;-0,181039414663523;0;0;0;0,0299301883205771;0;0;0;0;0;0;-0,21330684347186;0;0;0;0;0;0;0;0,203962489824433;0;0;0;0;0;0;0;0;0;0;0;0;0;0;0;0;0;0;0;0;-0,177819217607983;0;0;0;0;0;0;0;0;0;0;0;0,201583035545623;0;0;0;0;0;0;0;0;0;0;0;0;0;0;0;0;0;0,188460723374743;0;0;0;0;0;0;0;0;0;0;0,193962340897823;0;0;0;0;0;0;0;0;0;0,182105144227435;0;0;0;0;0;0;0;0;0;0;0;0;0;0;0;0;-0,174793353697387;0,193372793104556;0;0;0;0;0;0;0;0;0;0;0;0;-0,193705164722473;0;0;0;0;0;0;0;0;0;0;0;0;0;0,182067481946799;0;0;0,221394480595324;0;0,195859804293665;0;0;0;0
"10";0;0;0;0;0;0;-0,187092959371984;0;0;0;0;0;0;0;0;0;0;0,195128046355007;0;0;0;0;0;0,200763957526227;0;0;0;0;-0,177105802254187;0;0;0;0;0;0;0;-0,225128829541478;0;0;0;0;0;0;-0,195168219120612;0;0;0;0,20846705166931;0;0;0;0;0;0;0;0;0;0;0;0;0,182983546563823;0,167506413394362;0;0;0;0;0;0;0;-0,181358072029553;0;0;0;0;0;0;0;0;0;0;0,192835091994328;0;0;0;0;0;0;0;0;0;0;0;0;0;0;0;0;0;0;0;0;0;0;-0,199066838513559;0;0;0;-0,193904396846111;0;0;-0,18037120592423;0;0;0;0;0;0;0;0;0;0,224531686720619;0;0;0;0;0;0;0;0;0;0;0;0;0;0;0;0;0;0;0;0;0;0;0;0;0;0;-0,198869244102039;0;0,182393012075084
"11";0;0;0;0;0;0;0;0;0;0;-0,106862780405208;0;0;0,209044189871445;0;-0,215022971748084;0;0;0;0;0;0;0;0;0;0;0;0;0;0;0;0;0;0;0;0;0;0;0;0;0;0;0;0;0;0;0;-0,213492219291949;0;0;0;-0,198651553329091;0;0;0;0;0;0;0;0;0;0;-0,193044762152848;0;0;0,190305018037974;0;0;0;0;0;0;0;0;0;0;0;0;0;0;0;0;0;0;0,19662284682056;0;0;0;0;0;0;0,203818590319759;0;0;0,195580311798506;0;0;0;0;0;0;0;0;0;0;-0,185482728492124;0;0;0;0;0;0;0;0;0;0;0;0;0;0;0,22994409771473;0;0;0;0;0;0;0;0;0;0;0,196787229260349;0;0;0;0;0;0;0;0;0;0;0;0;0;0;0;0;0,187137556108196;0
"12";0;0;0;0;0;0;0;0;0;0;0;0;0;0;-0,204873138587187;0;0;0;0;0;0;0;0;0;0;0;0;0;0;0;0;0;0,193687782529372;0;0;0;0;0;0;0;0;0;0;0;0;0;0;0;0;0;0;-0,218501569371415;0;0,205220146080194;0;0;0;0;0,206945743850585;0;0,206119587019539;0;0;-0,20288711162143;0;0;0;0;0;0,204288591031068;0;0;0;0;0;0;0;0;0;0;0;0;0;0;0;0,215060218611844;0;0;0;0;0;0;0;0;-0,215123437747949;0,201913278353989;0;0,203733097674178;0;0;0;0;0;0;-0,217677194148051;0;0;0;0;0;0;-0,201151864339395;0;0;0;0;0;0;0;0;0;0;0;0;0;0;0;0;0;0;-0,211679554381499;0;0;0;0;0,212574522048007;0;0;0;0;0;0;0;0;0,2153863380238;0;0;0,224013837500427;0;0
"13";0;0;0,175630718241854;0;0;0;0;0,195118525048718;0;0,193924860304171;0;0;-0,0184731665067375;0;-0,183767439815833;0;0;0;0;0;0;0,219139880008962;0;0;0;0;0;0;0;0;0;0;0;0;0;0;0;0;0;0,192360173548177;0;0;0;0;0;0;0;0;0;-0,191720106193845;0;0;0;0;0;0;0;0;0;-0,178863414654909;0;0;0;0;0;0;0;0;0;0;0;0;0;0;0;0;0;0;0;0;0;0;0,171283607273839;0;0;0,192905063362971;0;0;0;0,198303367205265;0;0;0,212297540162917;0;0;0;0;0;0;0;0;0;-0,201073762818949;0;0;0;0;0;0;0,187149259084018;0;0;0;0;0;0;0;0;0;0;0;0;0;0,202873351955716;0;0;0,192649289040122;0;0;0;0;0;0;0;0;0;0;0;-0,197376228820566;0;0;0,189803756843858;0;0;0;0;0;0;0;0
"14";0;0;0;0;0;0;0;0;0;0;0;0;0;0,342173386598006;0;0;0;0;0;-0,189871485362618;0;0;0;0;0,203697639766888;0;0;0;0;0;0;0;0;0;0;0;0;0;0;-0,211952898758022;0;0;0;0;0,19486287489833;0;-0,224981599418328;-0,232087842663406;0;0,211247637743496;0;0;0;0;0;0;-0,220904412726359;0;0;0;0;0;0;0;0,227649836604442;0,206880987189773;0;0;0;0;0;0,199555621633634;0;0;0,206524350158722;0;0;0;0;0;0;0;0;0;0;0;0;0;0;0;-0,209412304607728;0;0;0;0;0;0;0;0;0;0;0;0;0,221622518889579;0;0;0;0;0;0,206211229859071;0;0;0;0;0;-0,205265324392674;0;0;0;0;0;0;0;0;0;0;0;0;-0,221391693695152;0;0;0;0;0;0;0;0;0;0;0;0;0;0;0,242614749720338;0;0;-0,218600070275529;-0,221402535634073;0;0,203059430017443
"15";0;0;0;0;0;0;0;0;0;0;0;0;0;0;0;0;0;0;0;0;0;0,215144349272107;0;0;0;0;0;0;0;0;0;0;0,170566719066006;0;0;0;0;0;0;0;0;0;0;0;0;0;0;0;0;0;0;0;0;0;0;0;0;0;0;0;0;0;0;0;0;0;0;0;0;0;0;0;0;0;0;0;0;0;0;0;0;0;0;0;0;0;0,191552480267473;0;0;0;0;0;0;0;0;0;0;0;0;0;0;0;0;0;0;0;0;-0,192347678216279;0;0;0,178923135529155;0;0;0;0;0;0;-0,184729474643803;0;0;0;0;0;0,199174405358708;0;0;0;0;0;0;0;0;0;0;0;0;0;0;0;0;0;0,186343105389594;0;-0,21617303714308;0;0;0;0,197272666292408;0;0,180928710055807
"16";0;0;0;0;0;0;0;-0,186517492964359;0;0;0;0;0;0;0;0;-0,202216506549548;0;0;0;-0,216525865789708;-0,248366134563397;0;0;0;0;0;0;0;0;0;0;0;0;0;0;0;0;0;0;-0,21634470192469;0;0;0;0;0;0;0;0;0;0;0;0;0;0,224411689283615;0;-0,227222403674064;0;0;0;0;0;0;0;0;0;0;0;0;0;0;0,205263025100519;0,264434189052606;0;0;0,211225114286023;0;0;-0,214132398459514;-0,226099361910782;0;0;0;0;0,219862457520079;0;0;0;0;0;0,215401614773697;0;0;0;0,218696701273;-0,205267117249085;0;0;0;0;0;0;0;0,227961048079063;0;0;0;0;0;0;0;0,204493055923931;0;0;0;0;0;0;0;0;0,25712207524864;0;0;0;0;0;0,218342545607512;0;0;0;0;0;0;0;0;0;0;0;0;0;0;0;0;0;0;0;0,224852155727888;0;0;0
"17";0;0;0;0;0;0;0;0;0;0;0;0,183858426477902;0;0;0;0;0;0;0;0;-0,182106072987578;0;0;0;0;0;0;0;0;-0,19096639218004;0;0;0;0;0;0;0;0;0;0;0;0;0;0;0;0;0;0;0;-0,182748266032249;0;0;0;0;0;0;0;0;0;0;0;0;0;0;0;0;0;0;0;0;0,170843670990347;0;0;0;0;0;-0,17883524444848;0;0;0;0;0;0;0;0;0;0;0;0;0;0;0;0;0;0;0;0;0;0;0,165552663469254;0;0;0;0;-0,186115301002581;0;0;0;0;0;0;0;0;0;0;0;0;0;0;0;0;0;0;0;0;0;0;0,171044770655862;-0,19152378965704;0;0;0;0;0;0;0;0;0;0;0;0;0;-0,186930035264192;0;0;0;0;0;0;0
"18";0;0;0;0;0;0;0,200321378067203;0;0;0;0;0;-0,207636328956579;0;0;0;0;0,421233764151111;0;0;0;0;-0,194824530329786;0;0;0;0;0;0;0;0;0;0;0;0;0;0;0;0;0,202612195743891;0;0;0;0;0;0;0;0,22185979848844;0;0;0;0;0;0;0;0;0;0;0;0;0;0;0;0,191685131214966;0;-0,197763801853157;0;0,185806529142357;0;0;0;0;0;0;0;0;0;0;0;0;0;0;0;0;0;0;0;0;0;0,208872137676685;0;0;0;0;0;0;0;0;0;-0,182936763381984;0;0;0;0,211855678509846;0;0;0;0;0;0;0;0;0;0;0,193775300338891;0;0;0;0;0;-0,238956489148828;0;0;0,213685684201029;0;0,215595729602713;0;0;0;0;0;0,204500075804149;0;0;0;0;0;0;-0,207895586551692;0;0;-0,199919532329503;0;0;0;0,205173822338133;-0,208966428333018;0;0;0
"19";-0,168294618908808;0;0;0;0;0;0;0;0;0;0;0;0;0;0;0;-0,174789366502733;0;0;0;0,195747476738351;0,224532269947184;0;0;0;0;0;0;0;0;0;0;0;0;0;0;0;0;0;0;0;0;0;0;0;0;0;0,2158169440917;0;0;0;0;0;0;0;0;0;0,220872783149478;0;0;-0,189434970765116;0,173412162569833;0;0;0,211690071720815;0;0;0;0;0;0;0;0;0;0;0;0;0;0,193583692800425;0;0;0;0;0;0,198763880389453;0;0;0;0;-0,203183031655156;0;0;0;0;0;0;0;0;0;0;0;0;0;0;0;0;0;0;0;0;0;0;0;0;0;0;0;0;0;0;0;0;0;0;0;0;0;0,18385758209974;0;0,213571021587448;0;0;0;0,17151784842582;0;0;0,187550606632595;-0,195983718907398;0;0;0;0;0;0;0;0;0;0;0;0
"20";0;0,203565029449797;0;0,217780227226356;0;0;0;0;0;0;0;0;0;0;0;-0,198836223933267;0;0;0;0,774048258550465;0,175879139493872;0;0;0;0;0;0;0;0;0;0;0;0;0;0;0;0;0,180736121908291;0;0;0;0;0;0,181541271698278;0;0;0;0;0;0;0;0;0;0;0,182284618327777;0;0;0;0,17088956730459;0;0;0;0;0;0;0;0;0;0;0;0;0;0;0;0;0;0;0;0;0;0;0;0;0;0;0;0;0;0;0;0;0;0;0;0;0;0;0;0;0;0;0;-0,185110439631491;-0,185167683445293;0;0;0;0;0;0;0;0;0;0;0;0;0;0;0;0;0;0;0;0;0;0;0;0;0;0;0;0;0;0;0;0;0;0;0;0;0;0;0;0;0;0;0;0;0;0
"21";0;0;0;0;0;0;0;0;0;0;0;0;0;0;0;0;0;0;0;0;-0,94655787316151;0;0;-0,207040496118382;0;0;0;0;0;0,204479664440195;0;0;0;0;0;0;0;0;0;0;0;0;0;0;0;0;0;0;0;0;0;0;0;-0,187880765571667;0;0;0;0;0;0;0;0;0,19439404042041;0;0;0;0;0;0;0;0;0;0;0;0;0;0;0;0;0;0;0;0;0;0;0;0;0;0;0;0;0,205243171807371;0;0;0;0;0;0,186519360279347;0;0;0;0;0;0;0;0;0;0;0;0;0;0;0;-0,196290989851255;0;0;0;0;0;0;0;0;0;0;0;0;0;0,183148337823688;0;0;0;0;0,203728239644729;0;0;0;-0,186827116240166;0;0,20145294999281;0;0;0;0;0;0;0;0,202490606632866;0;0;0
"22";0;0;0;0;0;0;0;0;-0,180817170215213;0,19409340327338;0;0;0;0;0;0,183012279912709;0;0;0,179412632900381;0;0;0;0;0,237485935139739;0;0;0;0;0;0;0;0;0;0;0;0;0;0;0;0;0;0;0;0;0;0;0;0;0;0;0;0;0;0;0;0,227285145763125;0;0,25237494374459;0;-0,209402998665501;0;0;0;0,213058753853736;0;0;0;0,206524665246794;0;0;0;0;0;0;0;0,218190568574973;0;0;0;0;0;0;0;0,218713970815797;0;0;0;0;0;0;0;0;0,248545749868387;0,231421756870722;0;0;0;0;0;0;0;0;0;0;0;0,214245147526993;0;0;0;0;0;-0,211236510831083;0;0;0;0;0;0;0;0;0;0;-0,207366634787448;0;0;0;-0,225542707510148;0;0;0;0;0;0;0;0;0;0;0;0;0,219531782165861;0;0;0;0,25778306248475;-0,226184622619584;0;0;0;0;0
"23";0;0;0;-0,19543570486971;-0,187055577060666;0;0;-0,19040420293574;0;0;0;0;0;0;0;0;0;-0,202619560114086;0;0;0;0;0;0;0;0;0;0;-0,176830319307743;0;0;0,19103621924645;0,171679700033481;0;0;0;0;0;0;0;0;0;0;0;0;0;0;0;0;0;0;0;0;0;0;0;0;-0,213018847507648;0;0;0;0;0;0;0;0;0;0;0;0;0;0;0;0,19764848159246;0;0;0;0;0;0;0;0;0;0;0;0;0;0;0;0;0;0;0;0;0;0;0;0;0,18560204894332;0;0;0;0,198695750856569;0;0,192943276583798;0;0;0;0;0;0;0;0;0;0;0;0;0;0,175931373480625;0;0;0;0;0;0;0;0;0;0;0;0;0;0;0;0;0;0;0;0;0;0;0,187559030341744;0;0;0;0;-0,196046580418769;0,198559908752067;0;0,182109305026881
"24";0;0;0;0;0;0;0;0;0;0;0;0;0;0;0;0;0;0;0;0;0;0;0;0;0;0;0;0;0;0;0;0;0;0;0;0;0;0;0;0;0;0;0;0;0;0;0;0;0;0;0;0;0;0;0;0;0;0;0;0;0;0;0;0;0;0;0,200180095900341;0;0;0;0;0;0;0,216758822101314;0;0;0;0;0;0,216194605163348;0,211151081887215;0;0;0;0;0;-0,211444177170193;0;0;0;0;0;0;0;0;0;0;0;0;0;0;0;0;0;0;0;0;0;-0,199903580234745;0;0;0;0;0;0;0;0;0;0;0;-0,245858303479402;0;0;0;0,206975878475171;0;0;0;0;0;0;0;0;0;0;0;0,198370734026981;0,207290367517486;0;0;0;0;0;0;0;0;0;0,217758373810267;0;0
"25";0;0;0;0;0;0;0;0;0;0;0;0;0;0,202636258561391;0;0;0;0,214860608873357;0;0;0;0;0;0,192119590718092;0,109249000670388;0;-0,191687327000063;0;-0,176736118464738;0;0;0;0;0;0;0;0;0;0;0,189983951442426;0;0;0;0;0;0;0;0;0;0;0;0;0;0;0;0;0;0;0;0;0;0;0;0;0;0,185437744210778;0;0;0;0;0;0;0;0;0;0;0;0,185930910245794;0;0;0;0;0;0;0;0;0;0;0;0,195853728924605;0;0;0;0;0,190578116152032;0;0;0;-0,185503175234657;0,171534833052839;0;0;0;0;0;0;0;0;0;0;0;0;0;0;0;0;0;0;0;0;0;0;0;0;0;0;0;0;0,198444413976878;0;-0,187527175672946;0;0;0;-0,180247864520727;0;0;0;-0,194938043465344;0;0;0;0;0;0;0,192385919106353;0;0;0;0
"26";0;0;0;0,194064465955342;0;0;0;0;0;0;0;0;0,185354023105904;0;0;0;0;0,201197916991988;0;0;0;0;0;0;0;-0,626741356682032;0,196237660071005;-0,170798297395461;0;0;0;0;0;0;0;0;-0,229991926920018;0;0;0;0;0;0;0;0;0;0;-0,212970231357802;0;0;0;0;0;0,186120516037062;0;0;0;0;0;0;0;0;-0,192572768199494;0;0;0;0;0;0;0;0,181219113696051;0,183117764465161;0,23590511502867;0,202232531893007;0,189512462736411;0;0;0;0;0;0;0;0;0,188888647877146;0;0;0,197274052740401;0;0;0;0;0;0;0;0;0;0,176566064111077;0,184771865712099;0;0;0;0;0;0;0;0;0;0;0;0;0;0;0;0;0;0;0;0;0;0;0;0;0;0,2051236407506;0;0;0;0;0,203155148868926;0;0;0;0;0;0;0;0;0;0;0;0;0;0;0;0;0;0;0;0;0
"27";0;0;0;0;0;0;0;-0,181467826262987;0;0;0;0;0;0;0;0;-0,173469164918004;0;0;0;0,167777877578723;0;0;0;0;0;0;0;0;0;0;0;0;0,197040642156579;-0,215495948262513;0;0;0;0;0;0;0;0,194916088758856;0;0;0;-0,211716353051768;0;0;0;0;0;0;0;0;0;0;0;0;0;0;0;0,197485751422113;0;0;0,194682979571707;0;0;0;0;0;0;0;0;0;0;0;0;0;0;0;0;0;0;0;0,200020833159375;0;0;0;0;0;0;0;0;0;0;0;0;0,194751672742773;-0,180086921037519;0;0;0;0;0;0;0;0;0;0;0;0;0;0;0;0;0;0;0;0,188081164788678;-0,23523395515035;0;0;0;0;0;0;0;0;0;0,196876582305588;0;0;0;0;0;0;0;0;0,194431948674108;0;0;0;0;0;0;-0,205711088263447;0;0;0,191086747037151
"28";0;0;0;0,191225890621205;0;0;0;0;0;0;0;0;0;0;0;0;0;0;0;0;0;0;0;0;0;0,176979443808531;0;0,767410703934729;0;0;0;0;0;0;0;0;0;0;0;0;0;0;0;0;0;0;0;0;0;0;0;0;0;0;0;0;0;0;-0,167522377637498;0;0;0;0;0;0;0,169445158644327;0;0;0;0;0;0;0;0;0;0;0;0;0;0;0;0;0;0;0;0;0;0;0;0;0;0;0;0;0,17414221286478;0;0;0;0;0;0;-0,16257177771774;0;0;0;0;0;0;0;0;0;0;0;0;0;0;0;0;0;0;0;0;0;0;0;0;0,173860208376703;0;0;0;0;0;0;0;0;-0,172078868093795;0;0;0;0;0;0;0;0;0;0;0,179043633205019;0;0;0
"29";0;0;0;0;0;0;0;0;0;0;0;0,192433789891796;0;0;0;0;0;0;0;0,212281189635102;0;0;0;0;0,202009786477922;0;0;0;0;0;0;0;0;0;0;0,179678927599632;0;0;0;0;0;0;0;0;0;0;0;0;0;0;0;0;0;0;0;0;0;0;0;0;0,176752808788091;0;0;0;0;0;0;0;0,17737687510709;0;0;0;-0,223054075252465;0;0;0;0;0;0;0;0;0;0;0,178598851800246;0;0;-0,18652745787207;0;0;0;0;0;0;0;0;0;0;0;0;0;0;0;0;0;0;0;0;0;0;0;0;0;0;0;0;0;0;0;0;0;0;0;0;0;0;0;-0,184175105243535;0;0;0;0;0;0;0;0;0;0;0;0;0;0;0;0;0;0;0;0;0;0;0
"30";0;-0,183136321649904;0;0;0;0;0;0;0;0;0;0;0;0;0;0;0;0;0;0,203487773538646;0;0;0;0;0;0;0;0;0;0;0,213765359668528;0;0;0;-0,222443030364962;0;0;-0,210126463356487;0;0;0;0;0;0;0;0;0;0;0;0;0;0;0;0;0;0,207788244053667;0;0,23072579700604;0;0;0;0;0;0;0;0;0;0;0;0,196127709324023;0;0;0;0,214077786900132;0;0;0;0;-0,202219355286174;0;0;0;0;0;0;0,206469033978751;0;0;0,197030653626029;0;0;0;-0,22722507781471;0;0;-0,19384728518515;0;0,195594406709905;-0,201030008233727;0;0;0;0;0;0;-0,195866838777262;0;0;0;0;0;0;0;0;0;0;0;0;0;0;0;0;0,18957837641844;0;0;0;0;0;0;0;0;0;0;0;0;0;0;0;0;0;0;0;0;0;0;0;0;0;0;0
"31";0;0;0;0;0;0;0;0;0;0;0;0;0;0;0;0,196971610335044;0;-0,223668092422475;0;0;0;0;0;0,199994883186012;-0,2132239727279;0;0;0;0;0;0;0;0;0;0,221755037782403;-0,200539358527165;0,242710112252005;0;0;-0,205249047728555;0;0;0;0;0;0;0;0;0;0;0;0;0;0;0;0;0,213917434565895;0;0,19806422262174;0;0;0;0;0;0;0;0;0;0;0;0;-0,193243883660887;0;0;0;0;0,200185906611762;0;0;0;0;0;0;0;0;0;0;0;0;0,211590458302705;0;0;0;0;0;0;0;0;0;0;0;0;0;0;0;0;0;0,209047228738006;0;0;0,194457172482361;0,192518999898163;0;0;0;0;0,195754296227405;0;0;0,193543990688232;0,242066335968992;0;0;0;0,203783609613354;0;0;0;0;0;0;0;0;0,178615014550563;0;0;0;0;0;0;0;-0,202521341236715;0;0;0;0;0;0;0,197003110666932;0
"32";0;0;0;0;0;0;0;0;0;0;0;0;0;0;0;0;0;0,20382256358144;0;0;0;0;0;0;0;0;0,174635257516761;0;0;0;0;0;0;0;0;0;0;-0,202764514315647;0;0;0;0;0;0;0;0;0;0;0;0;0;0;-0,207933868020671;0;0;0;0;0;0;0;0,190952481815651;0;0;0;0;0;0;0;0;0;0;0;-0,240973422377789;0;0;0,192485090010493;0;0;0;0;0;0;0;0;0;0;0;0;0;0;0;0;0;0;0;0;0;-0,188741599919793;0;0;0;0;0;0;-0,2016596338964;0;0;0;0;0;0,18822637371552;0;-0,179545127934556;0;0;0;0;0;0;0;0,234310043884748;0;0,182936346070887;0;-0,197253973049825;0;0;0;0;0;0;0;0,206155510300915;0;0;0;0;0;0;0,193668292476354;0,187017004064436;0;0;0;0;0;0;0;0;0
"33";0;0;0;0;0;0;0;0;0;0;0;0;-0,187141888883947;0;0;0;0;0;0,175373860342619;0;0;0;0;0;0,193653106820837;0;0;0;0,190988878909659;0;0;0;0;0;0;0;0;0;0;0;0;0;0;0;0;0;0;-0,195503223282559;0;0;0;0,181913041677716;0;0;0,183780846243281;0;0;0;0;0;0;0;0;0;0;0,174269790986582;0;0;0;0;-0,166356211486027;0;0;0;0;0;0;0;-0,175362671715632;0;0;0;0;0;0;0;0;0;0;0;0;0;0;0;0;0;0;0;0;0;0;0;0;0;0;0;0;0;0;0;0;0;0;0;0;0;0;0;0;0;0;0;0;0;0;0;0;0;0;0;0;0;0;0;0;0;0;0;0;0;0;-0,176169424266363;0;0;0;0;0;0;0;0
"34";0;0;0;0;0;0;0;0,18101182957131;0;0;0;0;0;0;0;0;0;0;0;0;0;0;0;0;0;0;0;0;0;0;0;0;0;0;0;0;0;0;0;0;-0,193793619580714;0;0;0;0;0;0;-0,213841681213447;0;0;0;0;0,204393415924863;0;0;0;0;0,218851246744132;0;0;0;0;0;0;0;0;0,18752906455794;0;0;0;0;0;0;0;0;0;0;0;0;0;0;0;0;0,189661558644421;0,196944695542204;0;0;0;0;0;0;0;0;0;0;0;0;0;0;0;0;0;0;0,204199114827563;0;0,185786342136305;0;0;0;0;0;0;0;0;0;0;0;0;0;0,184152606294377;0;0;0;0;0;0;0;0;0;0;0;0;0;0;0;0;0,185834051184947;0;0,200382142451942;0;0;0;-0,199093761886943;0;0;0;0;0;0;0
"35";0;0;0;0;0;0;0;0;0,187780280350307;-0,201567769462604;0;0;0;0;0;0;0;0;0;0,216203163678181;0;0;0;0;0;0;0;0;0;0;0;0;0;0;0;0;0;0;0;0;0,211944801649522;0;0;0;0;0;0;0;0;0;0;0;0;0;0;0;0;0;0;-0,198595306872194;0;0;0;0;0;0;0;0;0;0;0;0;0;0;0;0;0;0;0;-0,221501076693551;-0,216333760723071;0;0;0,207425721829242;0;0;0;0;0;0;0;0;0;-0,219477634587547;0;0;0,193893829567825;-0,202904928643439;-0,208543690803756;0;0,210581033280732;0;0;0;0;0;0;0;0;0;0,202351039430581;0;0;0;0;0;-0,203700819100464;0,208917651130408;0;0;-0,25189286704722;0;0;0;0;0,227267426995635;0;0;0,223092302639975;0;0;0;-0,221625593535474;0;0;0;0;0;0;0;0;-0,210742568057457;0;0;0,214510798914878;0;0;0;0;0
"36";0;0;0;0;0;-0,199074531082387;0;0;0;0,196451187701904;0;0;0;0;0;0;0;0;0;0;0;0;0;0,188078591646606;0,200519452583488;0;0;0;0;0;0;0;0;0;0;0,00127024739049375;0;0;0;0;0,191667684265503;0;0;-0,19800376874605;0;0;-0,205020075836152;0;0;0;0;0;0;-0,184831984669129;0;0;0;0;0;0;0;0;0;0;0;0;0;0;0;0;0;0;0;0;0;0;-0,188382735444881;0;0;0;0;0;0;0;0;0;0;0,201554613939945;0;0;0;0;0;0,198479838345025;0;0;0;0;0;0;0;0;0;0;0;0;0;0;0;0;0;0;0;0;0;0;0;0;0;0;0;0;0;0;0;0;0;0;-0,201748684995687;0;0,190649665237643;0;0;0;0;0;0;0;0;0;0;0;-0,19690968348256;0;0;0,195589310948888;0;0;0;0
"37";0;0;0;-0,220444527892297;0;-0,216305702748918;0,203132435413281;0;0;0;0;0;-0,210550035089482;0;0;0;0;0,228547661241697;0;-0,228953813456072;0;0;0;0;0;0;0;0;0;0;0;0;0;0,195327671005789;0;0;-0,52392400894314;0;0;0;0;0;0;-0,239641321741657;0;-0,213680048900424;0;-0,255970567476186;0;-0,232985825929832;0;0,238177068018285;0;0;-0,240622567312643;0,235923669378025;0;0,26196706602793;0;0;0;0;0;0;0;0;0,224474110008801;0;0,225473405006074;0;0;0;-0,283536181462722;0;0,227776494025355;0;0;0;0;0;0;0;0;0;0;0;0;0;0;0;0;0;0;0,240217502430852;0;0;0;0;0;0;0;0;0;0;0;0;-0,225232370601093;0;0;0;0;0;0;0;0;-0,226387909702694;-0,222949833131693;0;0;0;0;0;0;-0,246539689565816;0;0;0,234115005530123;0,218065035731733;0,244173743955427;-0,253306781922458;0;-0,235941801124635;0;0;0;0;0;0;0;0;0;0;0;0;0;0;0;0;0;0
"38";0;0;0;0;0;0;0;0,212024703570405;0;0;0;0;0;0;0;0;0;0;0;0,226028083309943;0;0;0;0;0;0;0;0;0;0;0;0;0;0;-0,21605157745731;0;-0,228793287390009;0;0;0;0;0;0;0;0;0;0;0;0;0;0;0;-0,211160238931988;0;0;0;0;0;0;0;0;0;0;-0,190874281527811;0;0;0;0;0,194600026557361;0;0;0;0;0;0;0;0;-0,197450960700617;0;0;0;0;0;0;0;0;0;0;0;0;0;0;0;0;0;0;0;0;0;0;0,198921259527152;0;0;0;0;0;0;0;0;0;0;0;0;0;0;0;0;-0,197349978071921;0;0;0;0;0;-0,212781769697668;0,200314631166022;0;0;0;0;0;0;0,203635017458527;0;0;0;0;0;0;0;0,196673313982653;0;0;0;0;0;0;0;0;0;0
"39";0;0;0;-0,201109562535338;0;0;0;0;0;0;0;0;0,192082905633901;0,196639398011365;0,193826219086012;0;0;0;0;0;0;0;0;0;0;0;0;0;0;0;0;0;0;0;0;0;0;-0,208726060827906;0,154894199920818;0;0,198488242251296;0;0,195467952410098;0;0;0;0;0;0;0;0;0;0,209344817143307;0;0,205889404040291;0;0;0;0;0;0;0;0,198044890529316;0;0;0;0;0;0;0;0;0;0;0;0;0;0;0;0;0;0;0;0;0;0;0,200587149813966;0;0;-0,1914176497813;0;0;0;0;0;0;0;0;0,190022318627845;0;0;0;0;-0,209081152578831;0;0;0;0;0;0;0;0;0;0;0;0,191296699072697;0;0;0;0;0;0;0,172491895507352;0;0,210952407016052;0;0;0,200321189752984;0;0;0;0,19743399667937;0;0;0;0;0;-0,190335854451466;0;0;0;-0,188286020412347;-0,197362339513379;0;0;0;0;0;0;0;0
"40";0;0;0;0;0;0;0;0;0;0;0;0;0;0;0;0,175026227656075;0;0;0;0;0;0;0;0;0;0;0;0;0;0;0;0;0;0;0;0;0;0;0;0;0;0,185379670698108;0;0;0;0;0;0;0;0;0;0;0;0;0,203483704674165;0;0;0;0;-0,183813175233815;0;0;0;0;0;0;0;0;0;0;0;0;0;0;0;0;0;0;0;0;0,200231294963937;0;0;0;0;0;0;0;0;0,203791097558343;0;0;0;0;0;0;0;0;0;0;0;0;0;0;0;0;0;0;0;0,192328317231671;0;0;0;0;0;0;0;0;0;0;0;0;0;0;0;0,210351130856133;0;0;0;0;0;0,199525390808233;0;0;0;0;0;0;0,202838302093147;0;0,186086006467639;0;0;0;0;0;0;0,206496887383038;0;0
"41";-0,182835010359797;0;0;0;0;0;0;0;0;0;0,19583353191308;0;0;0;0;0;0;0;0;0;0;0;0;0;0;0;0;0;0;0;0;0;0;0;0;0;0;0;0;0;0,507823046296835;0;0;-0,201101417247276;0;0;-0,208227490193248;0;0;0;0;0;0;0;0;0;0;0;0;0;0;0;0;0;-0,210697026963994;0;0;0;0;0;0;0;0;0;0;0;0;0;0;0;0;0;0;0;0;0;0;0;0;0;0,193817622049044;0;0,21650115972715;0;0;0;0;0;0;0,177119277957254;-0,193413620096022;0;0,205055144810426;0;0;0;0;0;0;0;0;0;0;0;0;0;-0,187094308660848;0;0;0;0;0;-0,180631199463166;0;0;0;0,196463861360758;0;0,204904920433321;0;0;0;0;0;0;0;0;0;0;0,191227914623546;0;0;0;0;0;0;0;0;0;0
"42";0;0;0;0;0;0;0;-0,211634974541684;-0,195952729056834;0;0;0;-0,207477408341984;0;0;0;0;0;0;0;0;0;0;0;0;0;0;0;0;0;0;0;0;0;0;0;0;0;0;0,198596231621015;0;0;0;0;0;0;0;0;0;0;0;0;0;0;0;0;0,193208904086392;0;0;0;0;0;0;0;0;0;0;0;0;0;0;0;0;0;0;0;0;0,181424855374744;0;0;0;0;0;-0,180037134725705;0;0;0;-0,193448826816714;0;0;0;0;0;0;0;0;0;0;0;-0,167377668603902;0;0;0;-0,193836978931529;0;0;0;-0,188810164298814;0;0;0;0;0;0;0;0;0;0;0;0;0;0;0;0;0;0;0;0;0;0;0;0;0;0;0;-0,183756073219021;0;0;0;0;0;0;0;0;0;0;0;0;0,177931991334924;0
"43";0;0;0;0;-0,181023296109604;0;0;0;0;0;0;0;0;0;0;0;0;0;0;0;0;0;0;0;0;0;0;0;0;0;0;0;0;0;-0,187763561634223;0;0;0;0;0;0;0;0;0;0;0;0;0;0;0;-0,173686257073302;0;0;0;0;0;0;0;0;0;0;0,169972338508712;0;0;0;0;0;0;0;0;0,179998685457215;0;0;-0,200870587848034;0;0;-0,188418504048446;0;0;0;0;0;-0,172017187846414;0;0;0;0;0;0;0;0;0;0;0;0;0;0;0;0;0;0,190470548076744;0;0;0;0,196088677618214;0;0;0;0;0;0;0;0;0;0;0;0;0;0;0;0;0;0;0;0;0;0;0;-0,2017869914186;0;0;0;0;0;0;0;0;0;0;0;0;0;-0,196947071114659;0;0;-0,195626447879236;0;0;0;0
"44";0;0;0;0;0;0;0;0;0;0;0;0;0;0;0;0;0,20154289339762;0;0,193696630393911;0;-0,194930545214252;0;0;0;0;0;0;0;0;0;0;0;0;0;0;0;0;0;0;0;0,210431715846591;0,224190470493126;-0,19519560994695;-0,252489742124453;0;0;0;0;0;-0,20197959017369;0;0;0;0,193929269882031;0;0;0;0;0;0;0;0;0;0;-0,217662176920075;0;0;0;0;0;0;0;0,245802599804939;0;0;0;0;0;0;0;0;0;0;0;0;0;0;0;0;0;0,20022477843447;0;-0,223658180710757;0;0;0;0;0;0;0;0;0;0;0;0;0;0;0;0;0;0;0;0;0;0;0;0;0;0;0;0;0;0;0;0;0,215640116234326;0;0;0;0;0;0;0;0;0;0;0;0;0;0;-0,190764879185308;0;0;0;0;-0,205216063317978;0;0;0;0
"45";0;0;0;0;0;0;0;0;-0,169741621206222;0;0;0,17716185857451;-0,179724731700058;0;0;0;0;0,195087438859286;0;0;0;0;0;0;-0,185977884875582;0;0;0;0;0;0;0;0;0;0;0;0;0;0;0;-0,182974609034518;0;0;0,194202214501701;0;0;0;0;0;0;0;0;0;0;0;0;0;0;0;0;0;0;0;0;0;0,177394946710851;0;0;0;0;0;0;0;0,188975356149365;0;0;0;0;0;0;0;0;0;0;0;0;0;0;0;0;0;0;0;0;0;0;0;0;0;0;0,179191189931691;0;0,18997666959521;0;0;0,17289979568525;0;0;0;0;0;0;0;0;0;0;0;0;0;0;0;0;0;0;0,180446359552975;0;0,182017135496101;0;0;0,196938144750099;0;0;0;0;0;0;0;0;0;0;0;0;0;0;0;0;0;0;0;0
"46";0;0;0;-0,197336731124025;0;0,193631752677531;0;0;0;0;0;0;0;0;0,190190023777918;0;0;0;0;0;0;0;0;0;0;0;0;0;0;0;0;0;0;0;0;0;0;0;0;0;0;0;0;0;0;-0,427178400335833;0;0;0;0;0;0;0;0;0;0;0;-0,202500896430176;0;0;0;0;-0,178914795300914;0;0;0;-0,173518790706698;0;0;0;0;0;0;0;0;0;-0,176242077089739;0;0;0;0;0,160432539123487;0;0;0;0;0;0;0;0;0,178533652443618;0;-0,199428423461858;0;0;0;0;0;0;0;0;0;0;-0,188943423526275;0;0;0;0;0;0;0;0;0;0;0;0;0;0;0;0;0;0;0;0;0;0;0;0;0;0;0;0;0,187505729158275;0;0;0;0;0;0;0;0;-0,178298175124688;0;0;0;0;0;0;0;0
"47";0;0;0;0;-0,205202759376983;0;0;0;0;0;0;0;0;0;0;0;0;-0,222276681040505;0;0,222671689091421;0;0;0;0;0;0;0;0;0;0;0;0;0;0;0;0;0,225395831393449;0,222515567602401;0;0;0;0;0;0,221268083391518;0;0;0,862640730571002;0;-0,200495476358414;0;0;0;0;0;0;0;0;0;0;0;0;0;0;0;0;0;0;0;0;0;0;0;0,254512668985435;0,218184084060729;0;0;0;0;0;0;0;0;0;-0,203787670760848;0;0;0;0;0;0;0;0,219357603143755;0;0;0,210491242977013;0;0;0;0;0,189458165250951;0;0;0;0;0;0;0;0;0;0,204150698941924;0;0;0;0;0;0;0,20012809930455;0;0,194210576631521;0;0;0;0;0;0;0,223281371176225;0;0;0;0;0;0;0;0;0,199081603979406;0;0;-0,208653371212153;0,215306730389726;0;0;0;0;0;0;0;0;0;0;0
"48";0;0;0;0;0;0;0;0;0;0;0;0;0;0;0;0;0;0;-0,178938522015617;0;0;0;0;0;0;0;0;0;0;0;0;0;0;0;0;0;0;-0,207490373770377;0;0;0;0;0;0;0;0;-0,20440925446554;0;0;0;0;0;0;0;0;0;-0,225604803239629;0;0,208885451828954;0;0,20805155140789;0;0;-0,204788777931632;0;0;0;0;0;0;0;0;0;0;0;0;0;0;0;0;0;-0,192184568902927;0;0;0;0;-0,219557059695613;0;0;0;0;0;0;0;0;0;0;0,205642693434224;0,211357538539442;0;0;-0,202712495620675;0;0;0;0;0,208562929658232;0;0;0;0;0;0;0;0;0;0;0;0;0;0;0;0;0;0;0;0;0;0;0;0;0;0;0;0;0;0;0;0;0,211010552599793;0;0;0;0;0;0;0;0;0;0
"49";0;0;0;0;0,186441977712153;0;0;0;0,175716865122346;0;0,187091966102074;0;0;0;0;0;0;0;0;0;0;0;0;0;0;0;0;0;0;0;0;0;0;0;0;0;0;0;0;0;0;0;0;0;0;0;0;0;0,668610551161692;0;0;0;0;0;0,194426874622063;0;0;-0,211673570233101;-0,182272781880056;0,175631858247791;0;0;0;0;0;0;0;0;0;0;0;0;0;0;0;0;0;0;0;0;0;0;0;0;0;0;0;0;0;0;0;0;0;0;0;0;0;0;0;0;0;0;0,197440928190388;0;0;0;0;0;-0,181128118799176;0;0;0;0;0;0;0;0;0;0;0;0;0;0;0;0;0;0;0;0;0,204675922461444;0;0;-0,195999167558147;0;0;0;0;0;0;0;0;0;0;0;0;0;0;0;0;0
"50";0;0;0;0;0;0;0;0;0;0;0;0;0;-0,181213586169919;0;0;-0,172602949291218;0;-0,165883346766297;0;0;0;0;0;0;0,171525650071415;0;0;0;0;0;0;0;0;0;0;0;0;0;0;0;0;0;0;0;0;0;-0,176700203563151;0;0;0;0;0;0;0;0,198846199423892;0;0;0;0;0;0;0;0;0;0;0;0;0;0;0;0;0;0;0;0;0;0;0;0;0,199565036908239;0;-0,175437900357013;0;0;0;0;0;0;0;0;0,20596695732006;0;0;0;0;0,178864496806468;0;0,192378800299723;0;0;0,184510034431495;0;0;0;0;0;0;0,188934695532106;0;0;0;0;0;0;0;-0,18791131511859;0;0;0;0;0;0;0;0;0;0;0;0,205799702559059;0;0;0;0;0;0;0,195300059596101;0;0;0;0;0;0;0;-0,225528078743721;0;0;0;0;0;0
"51";0;0;0;0;0;0;0;0;0;0;-0,201082830760026;0,197112960172059;0;0;0;0;0;0;0;0;0;0;0;0;0;0;0;0;0;0;0;-0,196291599550051;0;0;0;0;0;0;0;0;0;0;0;0;0;-0,197031127659904;0,214063862692432;0;0;0;0,493442434817553;0;0;0;0;0;0;0;0;0;0;0;0;0;0;0;0;0;0;0;0;0;0;0;0;0;0;0;-0,174566456247017;-0,184322244800053;0;0;0;0;0,179237753591487;0;0;0;0;0;0;0;0;0;0;0;0;0;0;0;0;0;0;0;0;0;0;0;0;0;0;0;0;0;0;0;0;0;0,164497571816596;0;0;0;0;0;0;0;0;0;0;0;0;0;0;0;0;0,176174938440873;0;0;0;0,173254848461758;0;0;0;0;0,178505281238636;0,179978612490509;0;0;0;0
"52";0;-0,197191006107372;0;0;0,201915253616488;0;0,194393764335506;0;0;0;0;0;0;0;0;0;0;0;0;0;0;-0,201667381934906;-0,19662394198071;0;0;0,19524436601776;0;0;0;0;0;0;-0,197127630888463;0;0;0;0;0;0;0;0,205135751316558;0;0;0;0;0;0;0;0;0;0;0;0,210804946486912;0;0;0;0;0;0;0;-0,193589087212525;0;0;0;0;0;0;0;0;0;0;0;-0,244300699509268;0;0;0;-0,196447077762735;0,197118735112292;0;0;0;0;0;0;0;0,201986196551258;0;-0,210182821820651;0;0;0;0;0;0;0;0;0;0;0;0;0;0;0;0;0;0;0;0;0;-0,195959433986652;0;0;0;0;0;0;0;0;0;0;0;0;0;0;0;0;0;0;0;0;0;0;0;0;0;0;0;0;0;0;0;0;0;0;0;0;-0,207732362926648;0;0,193323726208874;0
"53";0;0;-0,172458930381416;0;0;0;0,18121370786562;0,191594798816249;0;0;0;0;0;0;0;0;0;0;0;0;0;0;0;0;0,19436611301238;0;0;0;0,191692075751754;0;0;0;0;0;-0,19523365824738;0;0;0;0;0;0;0;0;0;0;0;0,201074802560018;0;0;0;0;0;0,258091980824247;0,197991355562919;0;-0,208810516109016;0;0,231860916732384;0;0;0;0;0;0;0;0;0;0;0;0;0;0;0;0;0;0;0;0;0;0;0;0;0;0;0;0;0;0;0;0;0;0;0;0;0;0,194800970816176;0;0;0;0;0;0;0;0;0;0,19683046016385;0;-0,210727452266925;0,198402340096317;0;0;0;0;-0,206854166509197;0;0;0;0;0;0;0;0;0;0;-0,205421526641709;0;0;0;0;0;0;0;0;0;0;-0,205086676831318;0;0;0;0;0;0;0;0;0;0;0;-0,216123047365093;0;0
"54";0;0;0;0;0,181816209553302;0;0;0;0;0;0;0;0;0;0;0;0;0;0;0;0;0;0;0;0;0;0;0;0;0;0;0;0;0;0;0;0;0;0;0;0;-0,196793513252102;0;0,196050600584088;0;0;0;0;0;0;0;0;0;0;0;0;0;0;0;0;0;0;0;0;0;0;0;0;0;0;0;0;0;0;0;0;0;0;0;0;0;0;0;0;-0,190775945814526;0;0;0;0;-0,195017499967927;0;0;0;0;0;0;0;0;0;0;0;0;0;0;0;0;0;0,192673470489799;-0,181404306882776;0;0;0;0;0;0;0;0;0;0;0;0;0;0;0;0;0;0;0;0;0;0;0;0,196298031339396;0;0;0;0;0;0,194105724174826;0;0;0;0,192857698579722;0;0;0;0;0;0;0
"55";0;0;0;0;0;0,196202290839371;0;0;0;0;0;0;0;0;0;0;0,186221876736531;0;0,178972075975577;0;0;0;0;0;0;0;0;0,182352714089292;0;0;0,205727389111253;0;0;0;0;0;0;0;0,191777768368581;0;0;0;0;0;0;0;0,204447584613025;0;0;0;0;0;0;0,181147100553257;0;0;0;0;0;0;0;0;0,201473827795613;0;0;0;0;0;0;0;0;0;0;0;0;0,197146499726048;0;0,199142665172532;0,199860007068439;0;0;0;0;0;0,205208145195065;0;0;0;0;0;0;0;0,224573981031179;0;0;0;0;0;0;0;0;0;0;-0,212766947029851;0;0;0,196057492372747;0;0;0;0;0;0;0;0;0;0;0;0,188332206386116;0;0;0;0;0;0;0;0;0;0;0;0;0;0;0;-0,193055797365071;0;0;0;0;0;-0,19154599319119;0;0;0;0;0;0;0;0;0
"56";0;0;0;0;0;0;0;0;0,170130512062582;0;0;0;0;0;0;0;0;0;0;0;0;0;0;0;0;0;0;-0,171997651264655;0;0;0;0;0;0;0;0;0;0;0;0;0;0;0;0;0;0;0;0;0;0;0;0;0;0;0;-0,910590875195339;0;0;0;0;0;0;0;0;0;0;0;0;0;0;0;0;-0,241989365052642;0;0;0;0;0;0;0;0,202081459672713;0;0;0;0;0,200075200566435;0;0;0;0;-0,197118610786108;0,208564105338366;0;0;0;0;0;0;0;0;0;0;-0,208547524483338;0;0;0;0;0;0;0;0;0;0;0;0;0;0;0;0;0;-0,235297893791101;0;0;0;0;0;0;0;0;0;0;0;0;0;0;0;0;0;0;0;0;0;0;0;0;0,202032463856481;0;0;0;0
"57";0;0;0;0,202926091080671;0;0;0;0;0;0;-0,194901902859883;0;0;0;0;0;0;0;0;0;0;0;-0,189135003309369;0;0;0;0;-0,185060910336677;0;0;0;0;-0,189619507903648;0;0;0;0;0;0;0;0;0,210224254471047;0;-0,209430639584106;0;0;0;0;0;0;0;0;0;0,183837391730951;0;0;0,206226266222075;0;0;0;0;0;0;0;0;0,201102064948136;0;0;0;0;0;0;0;0;0;0;0;0;0;0,213672449355412;0;0;0;0;0;0;0;0;0;0;0;0;0;0;0;0;0,187040939471263;0;0;0;0;0;0;0,21543181320388;-0,209130138661388;0;0;0;0;0;0,19519924178321;0;0;0;0;0,199531533362947;0;0;0;0;0;0;0;0;0;0;-0,206341964542395;0;0,215207435778618;0;0;0;0,213792565334064;0;0;0;0;0;0;0;0;0;0,210045622171798;0;0;0;0;0;0;0,197387257468181
"58";0,186260613484192;0;0;0;0,198809570545087;0;0;0;0;0;0,199502675790189;0;0;0;0,200193668660472;0;0;0;0;0;0;0;0,193599645217071;0;0;0;0;0;0;0;0;0;0;0;0;0;0;0;0;0;-0,201980533378378;0;-0,187356327213265;0,214374371806505;0;0;-0,212381699798578;0;0;0;0;0;0;0;0;0;0;0;0;0;0;0;0;0;0,237940274484358;0;0;0;0;0;0;0,208576118896615;0;0;0;0,21463444051698;0;-0,216807676432306;0;0;-0,224389045951455;0;0;-0,215149312208539;0,22341119672261;0;0;0;0;0;0,218878352745508;0;0;-0,227649983378344;0;0;0;0;0,216308909262443;0;0;0;0;0;0;0;0;0;0;0;0;0;0;0;0;0,214543916905937;0;0,216696794170656;0;0;0;0;0;0;0;0;0;0;0;0;0;0;0;0;0;0;-0,210807443443648;0;0;-0,215953794651186;0;0;0;0;0;0;0;0;0;0
"59";0;0;0;0;0;0;0;0;0;0;0;0;0;0;0,200376011173397;0;0;0;0;0;0;0;0;0;0;0;0,18468135491457;0;0;0;0,213905825073901;0;0;0;0;0;0;0;0;0;0;0,21538271907785;0;0;0;0;0;0;0;0;0;0;0;-0,188348377777909;0;0;0;0;0;0;0;0;0;0;0,204891124120067;0;0;0;0;0,181722063584488;0;0;0;0;0;0;0;0;0;0;0;0;0;0;0;0;0;0;0;0;0;0;0;0;0;0;0;0,181227932225453;0;0;0;0;0;0;0;0;0;0;0;0;0;0;0;0;0;0;0;0;0;0;0;0;0;0;0,189401433887741;0;0;0;0;0;0;0;0;0;0;0;0,181526957357889;0,189689219478967;0;0;0;0;0,194479346458979;0;0;0;0,196746085125917;0;0;0
"60";0;0;0;0;0;0;0;0;0;0;0;0;0;0;0;0;-0,196850716706173;0;0;0;-0,190392312457511;-0,202057516880062;0;0;0;0;0,18775817546029;0;0;0;0;0;0;0;0;0;0;0;0;0;0;0;0;0;0;0;0;0;0;0;0;0;0;0,191486291503787;0;0;0,204554826058929;0;0;0;0;0;0;0;0;0;0,176508610204701;0;0,177294376416877;0;0;0;0;0;0;0;0;0;0;0;0;0;0;0;0;0;0;0,191814145361945;0;0;0;-0,192154876312761;0;0;0;0;0;0;0;0;0;0;0;0;0;0;0;0;0;0;0;0;0;0;0;0;0;-0,179799776583443;0;0;0;0;0;0;0;0;0;0;0;0;0;0;0;0,15996075661405;0;0;0;0;0;0;0;0;0;0;0;0;0;0;0;0
"61";0;0;0;0;0;0,196891474933494;0;0;0,181006746764638;0;0;0;0;0,196198679625156;0;0;0;0;0;0;0;0;0;0;0;0;0;0;0;0;0,206450031256228;0;0;0;0;0;0;0;0;-0,183448620381349;0;0;0,180990631119253;0;0;0;0;0;0;0;0,200348077194622;0;0,188191269458074;0;0;-0,18048208095501;0;-0,198773696086699;0;0;0;0;0;0;0;0;0;0;0;0;0;0;0;0;0;0;0;0;0;0,197047598026089;0;0;0;0;0;0,190540102465002;0;0;0;0;0;0;0;0;0;0;0;0;0;0;0;0;0;0;0;0;0;0;0;0;0;0;0;0;0;0;0;0;0;0,179166359046294;0;0;0,174952546499713;-0,200386182690944;0,188645316436352;0;0;0;0,19846315435358;0;0;0;0;0;0;0;0;0;0;0;0;0;0;0;0;0;0;0;0;0
"62";0;0;0;0;0;0;0;0;0;0;0;0;0;0;0,199277737197052;-0,18878002557234;0;0;0;0;0;0;0;0;0;0;0;0;0;0;0;0;0;0;0;0,200058103346291;0;0,214596648956876;0;0,189031928324364;0;0;0;0;0;0;0;0;0;0;0;0;0;0;0;0;0;0;0;0;0;-0,555028278846294;0;0;0;0;0;0;0;0;0;0;0;0,18085164941538;0;0;0;0;0;0;0;0;0;0;-0,175405127845756;0;0;0;0;0;0;0;0;0;0;0;0;0;0;0;0;0;0;0;0;0;0;0;0;-0,1692194496766;0;0;0;-0,173893659373083;0;0;0;0;0;0;0;0;0;0;0;0;0;0;0;0;0;0;0;0;0;0;0;0;0;0;0;0;0;0;0;0;0;-0,181685620432051;0;0
"63";0;0,189277268131508;0;0;0,193811920498034;-0,198692914404379;0;0;0;0;0;-0,19064793801929;0;0;0;0;0;0;0;0;0,18239856349933;0;0;0;0;0;0;0;0;0;0;0;0;0;-0,201028360779854;0;0;0;0;0;0;0;0,182646587360471;0;0;0;0;0;0;0;0;0;0;0;0;0;0;0;0,200775062407866;0;0;0,199674601205698;0;0;0;0;0;0;0;0,186454031789785;0;-0,184282411954234;0;-0,203518751234784;0;0;0;0;0;0;0;0;0;0;0;0;-0,198528735653631;0;0;0;0;0;0;0;0,196342987624228;0;0;0;0;0;0;0;0;0;0;0;0;0;0;0;0;0;0;0;0;0;0;0;-0,181156632954185;0;0;0;0;0;0;0;0;-0,18258635483751;0;0,212094349796361;0;0;0;-0,170331940494323;0;0;0;0;0;0;0;0;0;0;0;0;0;0;0;0
"64";0;0;0;0;0;0;0;0;0;0;0;0;0;0;0;0;0;0;0;-0,215468853727897;0;0;0;0;0;0,192004795666103;0;0;0;0;0;0;0;0;0;0;0;0;0;0;0;0;0;0;0;0;0;0;0;0;0;0;0;0;0;0;-0,200772369436408;0;0;0;0;0;0;0,476005336502567;0;0;0;0;0;0;0;0;0;0;0;0;-0,18240866785722;0;0;0;0;0,166045964877989;0;0;0;0;0;0;-0,178978334518578;0;0;0;0;0;0;0;0;0;0;0;0;0;0;0;0;0;0;0;0;0;0;0;0;0;0;0;-0,178370600640827;0;0;0;0;0;0;0;0;0;0;0;0;0;0;0;0;0;0;0;0;0;0;0;0;0;0;0,214077469690965;0;0;0;-0,195360317813904;0;0
"65";0;0;0;0,194519198872707;0;-0,190867119327518;0;0;0;0;0;0;0;0;0;0;0;0;0;0;0;0,185949817069764;0;0;0;0;0;0;0;0;0;0;0;0;0;0;0;0;0;0;0;0,201515011428785;0;0;0;0;0;0;0;0;0;0;0;0;0,185493207753843;0;0;0;0;0;0;0;0;0;0,571822874015197;0,207242814488134;0;0;0;0;0;0;0;0,220771704061717;0;0;0;0;0;0;0;0;0;0;0;0;0;0,221565560677384;0,203191530439842;0;0;0,22195914084852;0,234330092631759;0;0;0;0;0;0;0;0;0;0;0;0;0,201991324705772;0;0;0;0,206571885776297;0;0;0;0;0;0;0;0;0;0;0;0;0;0;0;0;0;0;0;0;0;0;0;0;0;-0,210464018110702;0;0;-0,217860225546359;0;0;-0,209501871236687;0;-0,243039074065587;0;0;0;0;0;0
"66";0;0,207535692910753;0;0;0,212507775561177;0;0;0;0;0;0;0;0;0;0;0;0;0;0;0;0;-0,212246900472574;0;0;0;0;0;0;0;0;0;0;0;0,196730874555425;-0,220420341866794;0;0;0;-0,212946696458567;0;0;0;-0,200265390766858;0;0;-0,20895179947204;0;0;0;0;0;0,223378084679288;0;0;0;0;0;0;-0,220142609344222;0;0;0;0;0;0;0,855219139484689;0;0;0;0;0;0;0;0;0;0;0;0;-0,18951682055206;0;0;0;0;0;0;0;0;0;0;0;0;0;0;0;0;0,181670647248126;-0,175167230591497;0;0;0;0;0,180696070627573;0;0;0;0,183563341323675;0;0;0;0;0;0;0;0;0;0;0;0;0;0;0;0;0;0;0;0;0;0;0;0;0;0;0;0;0;0;0;0;0;0;0;0;0;-0,220866240531253;0;-0,195392489140682;0;0;0;0
"67";0;0;0;0;0;0;0;0;0;0;0;0;0;0;0;0;0;0;0;0;0;0;0;0;0;0;0;0;0;0;0;-0,179465945540052;0;0;0;0;0;0;0;0;0;0;0;0;0;0,18014208304055;0;0;0;0;0;0;0;0;0;0;0;0;0;0;0;0;0;0;0;0;0;0;0;0;0;0;0;0;0;0;0;0;0;0;0;0;0;0;0;0;0;0;0;0;0;0;0;0;0;0;0;0;0;0;-0,187161348902229;0;-0,198426550741401;0,19848791244821;0,192681870126672;0;0;0;0;0;0;0;0;0;0;0;0;0;0;0;0;0;0;0;0;0;0;0;0;0;0;0;-0,196977592858795;0;0;0;0;-0,188758720502545;0;0;0;-0,187304918654146;0;-0,217288818132819;0;0;0;0;0;0
"68";0,18710086249624;0;0;0;0;0;0;0;0;0;0;0;0;0,204015474903521;0;0;0;0;0;0;0;0,199461269623671;0,194473001680273;-0,193427226780083;0;0;0;0;0;0;0;0;0;0;0;0;0;0;0;0;0;0,216157459368373;0;0;0;0;0;0;0,193835070916543;0,184420140435712;0;0,209921917714845;0;0;0;0;0;0;0;0;0;0;0;0;0;0;-0,19047261592961;0;0;0;0;0;0;0;0,176643463457;0;0;0;0;0;0;0,160953665088782;0;0;0;0;0;0;0;0;0;0;0;0,186291617991331;0;0;0;0;0;0;0;0;0;0;0;0;0;0;0;0;0;0;0;0;0;0;0;0;0;0;0;0,156336261273024;0;0,191194551618974;0;0;0;0;0;0,196442514700175;0;0;0;0;0;-0,179698835540336;0;0;0;0;0;0;0;0;0;0;0;0;0;0,173679863794843
"69";0;0;0;0;0;0;0;0;0;0;0;0;0;0;0;0;0;0;0;0;0;0;0;0;0;0;0;0;0,191921170232909;0,1839711360802;0;-0,184601289336455;0;0;0;0;0;0;0;0;0;0;0;0;0;0;0;0;0;0;0;-0,198089887858081;0;0;0;0,177094731375592;0;0;0;0,198473101974286;0;0;0;0;0,18265114594719;0;0;0;0;0;0;0;0;-0,198259383185971;0;0;0;0;0;0;0;0;0;0;0;0;0;0;0;0;0;-0,199325735805409;0;-0,195936907948647;0;0;0;0;-0,186175716833632;0;0;0;0;0;0;0;0;0;0;-0,185507535178162;0;0;0;0;0;0;0;0;0;0;0,224875348216242;0;0;-0,201093692055393;0;0;0;0;0;0;0;0;0;0;0;0;0;0,189599020727291;0;0;0;0;0;0;0;0;0;0;0;0
"70";0;0;0;0;0;0;0;0;0;0;0;0;0;0;0;0;0;0;0;0;0;0;0;0;0;0,187963621633201;-0,180407587382595;0;0;0;0;-0,190415625539784;0;0;0;0;0;0;0;-0,185675180612838;0;0;0;0;0;0;0;0;0;0;0;0;0;0;0;0,182672635580689;0;0;0;0,204724354857428;0;0;0;0;0;0;0;0,202093841264951;0;0,0877986014820635;0;0;0;0;0;0;0;0;0;0;0;0;0;0;0;0;0;0;-0,180214659727186;0;0;0;0;0;0;0;0;0;0;0;0;0;0;0;0;0;0;0;0;0,183212764940516;0;0;0;0;0;0;0;0;0;0;0;0;0;0;0;0;0;-0,175667658992897;0;0;0;0;0;0;0;0;-0,179196178006804;0;0;0;0;-0,185811428042303;0;-0,215556248522413;0;0,190694928511096;0;0;0;0
"71";0;0;0;0;0;0;0;-0,19420234281089;0;-0,193014282938748;0;0;0;0;0;0;0;0,206661369164985;0;0;0;0;0;0;0;0;0;0;0;0;0,205087188265011;0,186890298107106;0;0;0;0;-0,209561393942903;-0,206883473542851;0;0;0;0;0;0;0;0;0;0;0;0;0;0;0;0;0;0;0;0;0;-0,200934117673529;0;-0,196558095754878;0;0;0;0;0;0;0;0;0;0;0;0;0;0;0;0;0,180910874463293;0;0;0;0;0,178882722730182;0;0;0,186823930791078;0;0;0;0;0;0;0;0;0;0;0;0;0;0;-0,172490674200264;-0,192534541616883;0;0;0;0;0;0;0;0;0;0;0;0;0;0;0;0;0;0,217230927275318;0;0;0;0;0;0;0;-0,192393489893395;0;0;0;-0,191128608586716;0;0;0;0;0;-0,188994034871941;0;0;0;0;0;0;0;0;0;0;0
"72";0;0;0;0;0;0;0;0;0;0;0;0;0;0;0;0;0;0;0;0;0;0;0;0;0;0;0;0;0;0;0;0;0;0;0;0;0;0;0;0,186155078740401;0,197996577918805;0;0;0;0;0,191627020441424;0;0;0;0;0;0,204857181929806;-0,190967697175365;0;0;0;0;0;-0,201889968918303;0;0;0;0;0;0;0;0,185877128786247;0,20261617524462;0,191195925939283;0;0;-0,462547655683011;0;0;0;0;0;0;0;0;0;0;0;0;0;0;0;0;0;0;0;0;0,205411468771882;0;0;0;0;0;0;0;0;0;0;0;0;0;-0,179328243134394;0;0;0;0;0;0;0;0;0;0;-0,182057006115755;0;0;0;0;0;0;0;0;0;0;0;0,201680868762126;0;0;0;0;0;0;0;0;0;0;0;0;0;0;0;-0,188473915185084;0;0;0;0
"73";0;0;0;0;0;0;0;0;0;0;0;0;0;0,209393597272628;0;0;0;0;0;0;0,192900460130894;0;0;0;-0,211658170931833;0;0;0;0;0;0;0;0;0;0;0;0;0;0;0;0;0;0;0;0;0;0;0;0,198944824141422;0;0,213822053596823;0;0;0;0;0;0;0;0;0;0;0;0;0,211880816512533;0;0;0,195493730317711;0,213098793702738;0;0;0;0;0,0202783476561308;0;0;0;0;0;0;0;0;0;0;0,23286367768625;0;0;0;0;0;0;0;0;0;0;0;0;0;0;0;0;0;0;0,250635168999355;0,250712675773014;0;0;-0,231023188536998;0;0,229927386797896;0;0,227166654211916;0;0;0,239722162201449;0;0;0;-0,23453857191274;0;0,226099866856061;0;0;0;0;0;0;0;0;0,250451552479134;-0,25981940465128;0;0;0;0;0;0;-0,228164320210992;0;0;0;0;0;0;0,274460345406924;0;0;0;0;0;0
"74";0;0;0;0,198739005548691;0;0;0;0;0;0;0;0;0;0;0;0;0,185088051875847;0;0;0;0;0;0;0;0;0;0;-0,181242446894744;0;0;0;0;0,185706984413463;0,176095217527006;0;0;0;0;0;0;0;0;0;0;0;0;0;0;0;0;0;0;0;0;0;0;0;0;0;0;-0,190182910827128;0;0;0;0;0;0,181422172329629;0;0;0;0;0;0;0;0;0;0;0;0;0;0;0,182494857202405;0;0;0;0;0;0;0;0;0;0;0;0;0,206191871664591;0;0;0;0;0;0;0;0;0;0;0;-0,198047440972846;0;0;0;0;0;0;0;0;0;0;0;0;0;0;0;0;0;-0,2040814480896;0;0;0;0;0;0;0;0;0;0;0;0;0;0;0;0;0;0;-0,235284472526702;0;0;0;0;0;0
"75";0;0;0;0;0;0;0;0,205650953433421;0;0,204392855091735;0;0;0;0;0;0;0;0;0;0;0;0;0;0,195681791380229;0;0;0;-0,192501851342054;-0,205755366990872;0;0;0;0;0;0;0;0;0;0;0;0;0;0;0,217851440233085;0;0;0;0;0;0;0;0;0;0;0;0,189860198341406;0;0;0;0,212779579683564;0;0;0;0;0;0;0;0;-0,198206565043548;0;0;0;0,215582647732048;0,200065097763281;0;0;0;0;0;0;0;0;0;0;0;0;0;0;-0,18433572985497;0;-0,190311494350597;0;0;-0,197938297607689;0;0;0;0;0;0;0;-0,180384573128327;0;0;0;0;0;0;0;0;0;0;0;0;0;0;0;0;0;0;-0,227172328408518;0;0;0;0;0;0;0;-0,20119822539969;0;0;0;0;0;0;0,190933344035874;0;0,191535672292434;0;0;-0,181319962050796;0;0;0;0;0;0;0;0;0
"76";0;0;0;0;0;0;0;0;0;-0,197390654029697;0;0,191927568402314;0;0;0;0;0;0;0;0;0;0;0;-0,188978018653883;0;0;0;0;-0,198706488258704;0;-0,209737298237089;0;0;0;0;0;0;0;0;0;0;0;0;0;0;0;0;0,194358299868451;0;0;0;0;0;0;0;0;0;0;0;0;0;-0,201014818619406;0;0;0;0;0;0;0;0;0;0;0;0;0;0;0;0;0;0;-0,193995381600529;0,170045411563704;0;0;0;0;0;0;0;0;-0,189231115917068;0;0;0;0;0;0;0;0;0;0;0;0;0;0;0;0;0;0;0;0;0;0;0;0;0;0;0;0;0;0;0;0;0,201994506933735;0;0;0;0;0;-0,207538910296789;0,189050143467533;0;0;0;0;0;0;0;0;0;0;0;0;0;0;0;0;0;0;0
"77";0;0;0,170652961648689;0;0;0;0;0;0;0;0;0;0;0;0;0;0;0;0;0;0;0;0;0;0;0;0;0;0;0;0;0;0;0;0;0;0,204582589099115;0;-0,186638858262661;0;0;0,201597047277327;0;0;0;0;0;0;-0,180778299623574;0;0;0;0;0;0;0;0;0;0;0;0;0;0;0;0;0;0;0;0;0;0;0;0;0;0;0;0;-0,188693659618465;0;0;0;0;0;0;0;0;0;0;0;0;0;0;0;0;0;0;0;0;0;0;0;0;0;0;0;0;0;0;0;0;0;0;0;0;0;0;0;0,188597155748852;0;0;0;0;0;0;0,191430321208468;0;0;0;0;0;0;0,194603442466814;-0,200069052833889;0;0;0;0;0;0;0;0;0;0;0;0;0;0;0;0;0
"78";0,181082017269187;0;0;0;0;0,1981497264034;0;0;0;0;0;0;0;0;0;0;0;0;0;0;0;0;0,188217002203106;0;0;0;0;0,18416268358096;0;0;0;0;0;0;0;0;0;0;0;0;0;0;0;0;0;0;0;0;0;0;0;0;0;0;0;0;0;0;0;0;0;0;0,195015295670847;0;0;0;0;0,200946403835662;0;0;0;0;-0,206243621362769;0;0;0;0;0;0;0;0;0;0;0;0;0;0;0;0;0;0;0;0;0;0;0;0;0;0;0;0;0,181176626326056;0;0;0;0;0;0;0;0;0;-0,181466893707576;0;0;0;0;0;0;0;0;0;0;0;0,204039759858241;0;0;0;0,180473730629499;0;0;0;0,195268796382335;0;0;0;0;0;0;0;0;0;0;0;0;0;0;0;0;0;0
"79";0;0;0;0;0;0;0;0;0;0;0;0;0;0;0;0;0;-0,192908458972394;0;0;0;0;0;0;0;0;0;0;0;0;0;-0,174453114050315;0;0;0,184721484926701;0;0;0;0,178458256832909;0;0;0;0;0;0;0;-0,190248118299183;0;0;0;0;0;0;0;0;0;0;0;0;0;0;0;0;0,184094098989764;0;0;0;0,185152346815648;0;0;0;0;0;0;0;0;0;0;-0,491566228680313;0;0;0;0;0;0;0;0;0;0;0;0;0;0,214287256351574;0;0;0;0;0;0;0;0;0;0;0;0;0;0;0;0;0;0,183954051821732;0;-0,175469851097118;0;0;0;0;0;0;0;0;0;0;0;0;0;0,194454855929131;0;0;0;0;0;0;0,168967568659644;0;0;0;0;0;0;0;-0,191582654552094;0;0;0,195008292178533;0;0;0;0;0
"80";0,185980760605546;0;0;0;0;0;0;-0,202064558875824;0;0;0;0;0;0;0;0;0,193158043547158;0;0;-0,215410111078898;0;0;0;0,192269251346204;0;0;0;0;0;0;0;-0,194456488519076;0;0,183773114205901;-0,205902264963387;0;0,218045415990218;-0,215259080889884;0;0;0;0;0;0;0;0;0;0;0;0;0;0;0;0;0;-0,186549182415305;0;0;0;0;0;0;0;0;0;0;0;0;0;0;0;0;0;0,196576116235094;0;-0,201635325209367;0;0,199743413941006;0;0,98343559820205;0;0;0;0;0;0,205594723534995;0;0,213937783283402;0;0;0;0;0;0;0;0;0;0;0;0;0;0;0;0;0;0,195037424218437;0;0;0;0;0;0;0;0;-0,196072340603494;0;-0,195530112034277;0;0;0;0;0;0;0;0;0;-0,205322123893095;0;0;0;0;0;0,212735900253214;0;0;0;0;0;0;0;0;0;0;0,234672033857064;0;0;0;0;0;0
"81";0;0;0;0;0;0;0;0;0;0;0;0;0;0,184489460964911;0;0;0;0;0;0;0;0;0;0;0;0;0;-0,172072136752468;0;0;0,194129007674356;0;0;0;0;0;0;0;0;0;0;0;0;0,194731440524699;0;0;0;0;0;0;0;0;0;0;0;0;0;0;0;0;0;0;0;0;0;0;0;0;0;0;0;0,183224086169586;0;0;0;0;-0,175106833646809;0;0;0;0;0;0;0;0;0;0;0,20894690856283;0;0;0;0;0;-0,205759361314348;0;0;0;0;0;0;0;0;0;0,209366157341835;0,20324191151129;0;0;0;0;0;0;0;0;0;-0,191498242129149;0;0;0,195859421141791;0;0;0;0;0;0;0,198801682623498;0;0;0;0;0;0;0;0;0;0;0;0;0;0;0;0;0;0;0;0;0;0;0,209158339791905;0;0
"82";0;0,172406100849904;0;0;0;0;0;0;0;0;0;0;0;0;-0,177765593450012;0;0;-0,191225305238108;0;0;0;0;0;0;0;0;0;0;0;0;0;0;0;0;0;0;0;0;0;0;0;0;0;0;0;0;0;0,175853903772947;0;0;0;0;0;-0,167095157523938;0;0;0;0;0;0;0;0;0;0;0;0;0;0;0;-0,178646983317926;0;0;0,18837514495938;0;0;0;0;0;0;0;0;0;0;0;0;0;0;0,183151076940034;0;0;0;0;0;0;0;0;0;0;0;0;0;0;0;0;0;0;0;0;0;0;0;0;0;0;0;0;0;0;0;0;0;0;0;0;0;0;0;0;0;0;0;0;0;0;0;0;-0,167013450379746;0;0;0;0;0;0;0;0;0;0;0;0;0,168147062645472
"83";0;0;0;0;0;0;0;0;0;0;0;0;0;0;0;0;0;0,189734101690273;0;0,19007127829985;0,164844938605978;0;0;0;0;0;0;0;0;0;0;0;0;0;0;0,177070047445403;0;0;0;-0,167310855982439;0;0;0;0;0;0;0;0;0;0;0;0;0;0;0,174515287108456;0;0;0;0;0;0;0;0;0;0;0;0;0;0;0;0;0;0;0;0;0;0;0;0;0;0;0;0;0;0;0;0;0,183685516723086;0,168452809852261;0;0;0;0;0;0;0;0;0;0;0;0;0;0;0;0;0;-0,169599562690088;0;0;0;0,166768390030862;0;0;0;0;0;0;0;0;0;0;0;0;0;0;0;0;0;0;0;0;0;0,182653588178007;0;0;-0,174481953784198;0;0;0;0;0;0;0;0;0;0;0;0;0;0
"84";0;0;0;0;0;0;0,178297207008687;0;-0,174542456801524;0;0;0,182172562199999;0;0;0;0;0;0;0;0;0;0;0;0;0;0;0;0;0;0;0;0;0,180804698812208;0;0;0;0;0;0;0;0;0,200451596108837;0;0;0;0;0;0;0;0;0;0;0;0;0;0;0;0;0;-0,19504572142947;0;0;0;0;0;0,20488151325949;0;0;0;0;0;0;0;0;0;0;0;0,186345766178462;0;0;0;0;0;0;0;0;0;0;0;0;0;0;0,211884929395594;0;0;0;0;0;-0,187458310106656;0;0;0;0;0;0;0;0;0;0;0;0;0;0;0;0;0;-0,183105090203127;-0,187794460150855;0;0;0,226424549228042;0;0;0;0;0;0;0;0;0;0;0;0;0;0;0;0;0;0;0;0;0;0;0;0;0;0;0;0;0
"85";0;0;0;0;-0,214310426647412;0;0;0;0;0;0;0,210811805751534;0,213861468449003;0;0;0;0;0;0,200413234707177;-0,232554692911381;-0,201689936630151;0;-0,208694291987561;0;0;0;0;0;0;0;-0,230373879807232;0;0;0;0;0;0;0;0;0;0;0;0,201964192720093;0;0;0;0,228940752556041;0;0;0;0;0;0;0;0;0;0;0;0;0;0;0;0;0;0;0;0;0;0;0;0;0;0;-0,212221692453518;0;0;0,207800169234079;0;0;0;0;0;0;0;0;0;0;0;0,190784275918989;0;0;0;0;0;0;-0,187701828432777;0;0;0;-0,179999229837482;0;0;0;0;0;0;0,192083051582125;-0,203047900253061;0;0;0;0;0,180165322764966;0;0;0;0;0;0;0;0;0;0;0;0,197935338764232;-0,212133769983164;0;0;0;0;0;0;0;0;0;0;0;0;0;0;0;0;0;0;0;0;0;0;-0,1913494295319;0
"86";0;0;0;0;0;0;0;0;0;0;0;0;0;0;0;0;0;0;0;0;0;0;0;0;0;0,192063011352728;0;0;0;0;0;0;0;0;0;0,200791242499208;0;0;0;0;0;0;0;0;0;0;0;0;0;0;0;0;0;0;0;0;0;0;0;0;0;0;-0,200406334964733;0;0,192513054450729;0,219738313011328;0;0;0;0;0;0;0;0;0;0;0;0;0,184149916160055;0;0;0;0;0;0;0;0,201077205953149;0;0;0,204368367225742;0;0;0;0,203716588102954;0;0;0;0;0;0;0;0;0;0;0;0;0;0,201911944200872;0;0;0;0;-0,179157383808029;0;0;0;0;0;0;0;0;0;0;0;0;0;0;0;0;0,214816958940936;0;0;0;0;0;0;0;0;0;0;0;0;0;0;0;0;0;0;0;0
"87";0;0;0;0;0,191130736756929;0;0;0;0;0;0;0;0;0;0,192461375376651;0;0;0;0;0,207401713895895;0;0;0;0;0,197366408259174;0;0;0;0;0;0;0;0;0,176940899679169;0;0;0;0;0;0;0;0;0;0;0;0;0;0;0;0;0;0;0;0;0;0,179613760770223;0;0;0;0;0;0;0;0;0;0;0;0;0;0;0;0;0;0;0;0,194139039346495;0;0;0;0,197520156143594;0;0;0;0,184271631820304;0;0;0,834958482068032;0;0;0;0;0;0;0;0;0;0;0,190486563739816;0;0;0,197692868707571;0;-0,209591960487033;0;0;0;0;0;0;0;0;0;0;0;0;0;0;0;0;0;0;0;0;0;0;0;0;0;0;0;0;-0,202377517950501;0;0;0;0;0;0;0;-0,195458804814919;0;0;0;0;0,2013821213884;0;0;0;0;0
"88";0;0;0;0;0;0;0;0;0;0;-0,205981891269841;0;0;0;0;0;0;0;0;0;0;0;0;0;0;0;0;0;0;0;0,220651832821822;0;0;0;0;0,2075047386226;0;0,222584443250485;0;0;0;0;0;0,221336572903547;0;0;0;0;0;0;0;0;-0,201137041609128;0;0;0;0;0;0;-0,216183574001751;0;0;0;0;0;0;0;0;0;0,207720153446267;0;0;0;0;0;0,208497065098576;0;-0,206540771247432;0;0;0;0;0;0;0;0;0;0;0;0;0;0;0;0;0;0;0;0;0;0,186255746902773;0;0;0;0;0;0;0;0;0;0;0;0;0;0;0;0;0;0;0,190927828098666;0;-0,243291826863395;0;0;0;0;-0,219507237932013;0;0;0;0;0;0,208210278002144;0;0;0;0;0,196299972767445;0;0;0;0;0;0;0;0;0;0;0,215485227992474;0;0
"89";0;0;0;0;0,176045046552704;0;0;0;0;0;0;0;0;0;0;0;-0,171298014808959;0;0;0;0;0;0;0;0;0;0;0;0;0;0;0;0;0;0;0;0,193368840413829;0;0;0;0;0;0;0;0;0;0;0;0;0;0;0;0;0;0;0;0;0;0;0;0;0;-0,177623696317508;0;0;0;0;0;0;0,178149595576365;0;0;0;0;0;0;0;0;0,163215343420478;0;0;0,161791266341461;0;0;0;0;0;0;0;0;0;0;0;0;-0,189772698208062;0;0;0;0;0;0;0;0;0;0;0;0;0;0;0;0;0;0;0;0,180929946447429;0;0;0;0;0;0;0;0;0;0;0;0;0;0;0;0;0;0;0;0;0;0;0;0;0;0;0;0;0;-0,190004617589931;0;0;0;0;0
"90";0;0;0;0;0;0,192741345409618;0;-0,191372204925577;0;0;0;0;0;0;0;0;0;0;0;0;0;0;0;0;0;0;0;0;0;0;0;0;0;0;0;0;0,206507426458719;0;0;0;0;0;0;0;0;0;0;0;0;0;0;0;0;0;0;0;0,190096552774814;0;0;0;0;0;0;0;0,182221167112119;0;0;0;0;0;0;0;0;0;0;0;0;0;0;0;0;0;0;0;-0,209755279543492;0;0,187068271688719;0;0,172303226350539;0;0;0;0;0;0;0;0;0;0;-0,184001183425847;0;0;0;-0,213088363654391;0;0;0;0;0;0;0;0;0;0;0;0;0;0;0;0;0;0;0;0;0;0;0;0;0;0;0;0;-0,21146694738811;0;0;-0,202006248599392;0;0;0;0;0;0;0;0;0,20467827341003;0;0;0;0;0
"91";0;0;0,177210486272218;0;0;0;0;0;0;0;0;0;0;0;0;0;0;0,209503981937285;0;0;0;0;0;0;0,199721251463105;0;0;0;0;0;0;0;0;0;0;0;0;0,209729141345435;0;0;0,196496039982355;0;0;0;0;0;0;0;0;0;0;0;0;0;0;0;0;0,200177596633733;0;0;0;0;0;0;0;0;0;0;0;0;0;0;-0,206381383038517;0;0;0;0;0,194612067105697;0;0;0;0;0;0;0;0;0;0;0;0;0;0;-0,215557390547238;0,200706188109537;0;0;0;0;0;0;0;0;0;0;0;0;0;0;0;0;0;0;0;0;0;0;0,186278729462689;0;0;0;0;0;0;0;0;0;0;0;0,20401170143643;0;0;0;0;0;0;0;0;0;0;0;0;0;0;0;0;0;0;0;0,187467094528554;0
"92";0;0,181756579695573;0;0;0;0;0;0;0;0;0;0;0;0;0;0;0;0;0;0;0;0;0;0;0;0;0;0,177330002505316;0;0,181687600410623;0;0;0;0;0;0;-0,204425397400082;0,201813108315311;0;0;0;0;0;0;0;0;0;0;0;0;0;0,195631103646904;0;0;0;0;0;0;0;0;0;0,191740788133152;0;0;0;0;0;0;0;0;0;0;0,198591708058421;0;0;0;0;0;0;0;0;0;0;0;0;0;0;0;0;0;0;0;0;0;0;0;0;0;0;0;0;0;0;0;0;0;0;0;0;0,201056447461306;0;-0,193837365606806;0;0;0,19764138485649;-0,200134187345609;0;0;0;0,194869375510365;-0,243724000701964;0;0;0;0;0;0;0;-0,215857436387968;0;-0,203982236549902;0;0;0;-0,196064183264858;0;0;0;0;0;0;0;0;0;0;0;0;0;0;0
"93";0;0;0;0;0;0;0;0;0;0;0;0;0;0;-0,189173655127834;0;0;0;0;0;0;0;0;-0,181958840889945;0;0;0;0;0;0;0;0;0;0;0;0;0;0;0;-0,179447344796083;0;0;0;0;0;0,184722115786869;0;0;0;0;0;0;0;0;0;0;-0,189954179737686;0;0;0;0;0,19354856008243;0;0;0;0;0;0;0;0,190111607966007;0;0;0,200464071902768;0;0;0;0;0;0;0,194146019303763;0;0;0;0;0;0;0;0;0;0;0;0;0;0;0,218854860012188;0;0;0;0;0;0;0;0;0;0;0;0,210210250384606;0;0;0;0;0;0;0;0;0;0;0;0,201927300919685;0;0;0;0,200891898249816;0;0;0;0;0;0;0,236412208022909;0,21535124078802;0,220205403682607;0;0;0;0;0;0;0;0;0;-0,215273080694688;0,222422339993561;0;0,219122320423154;0;0;0;0;-0,209018094436053
"94";0;0;0;0;0;0;0;0;0;0;0;0,197989481878184;0;0,205618200806175;0;0;0;0;0;0;-0,189422437282817;0;0;0,194946772426243;0;0;0;0;0;0;0;0;0;0;0;0;0;-0,218256755883243;0;0;-0,204485594874087;0;0,189680012141853;0;0;0,1979072854733;0;0;-0,195357820546921;0;0;0;0;0;0;0;0;0;0;0;0;0;0;0;0;0;0;-0,209256592015438;0;0;0;0;0;0;0;0;0;0;0;0;0;0;0;0;0;0;0;0;0;0;0;0,195011071197332;0;0;0;0;0;0;0;0;0;0;0;0;0;0;0;0;0;-0,19763819498535;0;0;0;0,203097392312617;0;0,196731614635031;0;0;0,188015167283053;0;0;0;0;0;0;0;0;0;0;-0,220124176556307;0;0,205033968272001;0;0;0;0;0;0;0;0;0;0;0;0;0;0;0,2095119811974;0;0;0
"95";0;0;0;0;0;0,20481358412366;0,192340200096597;0;0;0;0;0;0;0;0;0;0;0;0;0;0;-0,199536979629505;0;0;0;0;0;0;0,203461938069087;0;0;0;0,195045186244844;0;0;0;0;0;0;0;0;0;0;0;0;0;0;0,199009688700065;0;0;0;0;0;0;0;0;0;0;0;0;0;0;0;0;0;0;0;0,20770431498126;0;0;0;0;0;0;0;0;0;0;0;0;0;0;0;0;0;0;0;0;0;0;-0,20115695187227;0;0;-0,209336020055941;0;0;0;0;0;0;0;0;0;0;0;0;0;0;0;-0,192929813820669;0;0;0;0;-0,189652786891901;0;0;0;0;0;0;0;0;0;0;0;0;0;0;0;0;0;0;0;0,18813933525544;0;0;0,197185002400934;0;0;0;0;-0,202164416637806;0;0;0;-0,204520728033414;0;0;0
"96";0;0;0;0;0;0;0,182921399591465;0;0;0;0;0;0;0;0;0;0;0;0;0;0;0;0;0;0;0;0;0;0;0;0;0;-0,18549392396164;0;0;0;0,20869593885113;0;0;0;0;0;0,179053325644426;0;0;0;-0,202969657980459;0;0;0;0;0;0;0;0;0;0;0;0;0;0;0;0;0;0;0;0;0;0;0;0;0;0;0;0;0,192989489409901;0;0;0;0;0;0;0;0;0;0;-0,189050772937406;0;0;0;0;0;0;0,199084943003639;0,197608119827371;0;0;0;0;0;0;0;0;0;0;0,177067150860881;0;0;0;0;0;0;0;0;0;0;0;0;0;0;0;0,160508338163216;0,171382267599765;0;0;0;0;0;0;0;0;0;0;0;0;0;0;0;0,190977951551106;0;0;0;0;0;0;0,188477672623918;0;0;0;0
"97";0;0;-0,173662796258836;0;0;0;0;0;0;0;0;0;0;0;0;0;0;0;0;0;0;0;0;0;0;0;0;0;0;0,18503422642705;0;0;0;0;0;0;0;0,205530439587326;0;0;0;0;0;0;0;0;0;0,188806223217106;0;0;0,197723872864264;0,199234564420272;0;0;0;0,178118085926827;0;0;0;0;0;0;0;0;0;0;0;0;0;0;0;0;0;0;0;0;0;0;0;0;0;0,174192804653192;0;0;0,211465175310227;0;0;0;0;0;0;0;0;0;0,19712986225533;0;-0,499095724662766;0;0;0;0;0,168061739284792;0;0;0;0;0;0,182782624223068;0;-0,174600143502533;0;0;0;0;0;0;0;0;0;0;0;0;0;0;0;0;0;0;0;0;0;0;0;0;0;0;0;0;0;0;0;0;0;0;0;0,181730579165992;0;0;0;0
"98";0;0;0;0;0;0;0;0;0;0,190917841790205;-0,189372582486029;0;0;0;-0,190028488998594;-0,180018016649571;0;0;0;0;0;0;0;0;0;-0,182479904861119;0;0;0;0;0;0,184860373143783;0;0;0;0,190772635345754;0;0;0;-0,180258227623536;0,191724622570952;0,204260242646284;0;0;0;0;0;0;0;0;0;0;0;0;0;0;0;0;0;0;0;0,194423163180222;0;0;0;0;0;0;0;0;0;0;0;0;0;0,191684945773949;0;0;0;0;0;0;0;0;0;0;0;0;0;0;0;0;0;0;0;-0,186660999668144;0;0;0;0;0,185164139336375;0;0;0;0;0;0;0;0;0;0;0;0;0;0;0;0;0;0;0;0;0;0;0;0;0;0;0;0;0;0;0;0;0;0;0;0;0;0,192699212127905;0;0;0;-0,191460229867519;0;0;0;0;0;0;0
"99";0;0;0;0;0;0;0;0;0;0;0;0;0;0;0;0;0;0;0;-0,232531006779586;0;0;0;0;-0,22127979925958;0;0;0;0;0;0;0;0;0;0;0;0;0;0;0;0;0,231940850033297;0;0;0;0;-0,228917434510851;0;0;0;0;0;0;0;0;0;0;0;0;0;0;0;0;0;0;0;0;0;0;0,216850334318581;0;0;0;0;0,22538267624622;0;0;0;0;-0,221452175609237;0;0;0,195402610812979;0;0;0;0;0;0;0;-0,215763137367305;0;0;0;0;0;0,211443637185368;0;0;0;0;0;0;0;0;0;0;0;0;0;0;0;0,174437830448549;0;0,184602486743462;0;0;0;0;0;0;0;0;0;0;0;0;0;0;0;0;0;-0,200291260284228;0;0;0;0;0;0;0;0;0;0;0;0;-0,195461432659582;0;0;0;0
"100";0;0;-0,171857361549252;0;0;0;0;0;0;0;0;0;0,187175732399204;0;-0,188874509138985;0;0;0;0;0,203536407396077;0;0;0;0;0;0,18137176504428;0,174080719804463;0;0;0;0;0;0;0;-0,194552646927576;0;-0,206026450650578;0;0,187956080185804;0;0;0;0;0;0;0;0;0;0;0;0;0;0;0;0;0;0;0;0,194307508040001;0;0;0;0,189250654993922;0;0,181796756355494;0;0;0;0;0;0;0;0;0;0;0;0;0;0;0;0;0;0;0;0;0;0;0;0;0;0;0;0;0;0;0;0;0;0;0;0;0;0;0;0;0;0;0;0;0;0;0;0;0;0;0;0;0;0;0;0;0;0;0;0;0;0;0;0;0;0;0;0;0;0;0;0;0;0;0;0;0;0;0;-0,17926364563857;0;0;0;0;0
"101";0;0;0;-0,190492042774077;0;0;0;0;0;0;0;0;0;0;0;-0,17392175110169;0;0;0;0;0;-0,182100073989434;0;-0,176591236858567;0;0;-0,169213094228684;0;0;0;0,195989825562184;0;0;0;0;0;0;0;0;0;0;0;0;0;0;0;0;0;0;0;0;0;0,178656180621437;0;0;0;0;0;0;0;0;0;0;0;0;0;0;0;0;0,184503505450409;0;0;0;0;0;0;0;0;0;0;0;0;0;0;0;0;0;0;0;-0,178448618753459;0;0;0;0;0;0;0;0;0;0;-0,849738183431327;0;0;0;0;0;0;0;0,186902816480546;0;0;0;0;0;0;0;0;0;0;0;-0,229868866387828;0;-0,179468919877504;0;0;0;0;0;0;0,211201367448706;0;0;0;0,169614790715231;0;0;0;0;0;0;0;0;0;0;0;0;0;0;0;0,186728543908947
"102";0;-0,178813454273815;0;0;0;0;0;0;0;0;0;0;0;0;0;0;0;0;0;0;0;0;0;0;0;0;0;0,174458555214175;0;0;0;0;0;0;0;0;-0,20111520315595;0;0;0;0;0;0;0;0;0;0;0;0;0;0;0;0;0;0;0;0;0;0;0;0;0;0;0;0,177463095015588;0;0;0;0,179628563208044;0;0;0;0;0;0;0,185979279631897;0;0;0;0;-0,172139020128501;0;0;0;0;0;0;-0,195657468950859;0;0,179205699831233;0;0;0;0;0;0;0;0;0;0;0;0,92753451061435;-0,193511925470577;0;0;0;0;0;0;0;0;0;0;0;0;0;0;0;0;0;0;0;0;0;0;0;0;0;0;0,200602945984877;0;0;0;0;0;-0,183504654552314;0;0;0;0;0;0;0;0;0;0;0;0;0;0
"103";0;0;0;0;0;-0,209149907919107;0;0;0;0;0;0;0;0,208413979281289;0;-0,194610420640371;0;0;0;0;0;0;-0,19866577357492;0;0;0;0;0;0;0;0;0;0;0;0;0,206236817304685;0;0,221224380041776;0;0;0;-0,220817740809125;0;0;0;0;0;0;0;0;0,212821717706057;0;0;0;0;0;0;0;0;0;0;0,210183259836647;0;0;0;-0,225697743344239;0;0;0;0;0;0;0;0;0;0;0;0;0;0;0;0;0;0;0;0;-0,20299387095764;0,218006777359853;0;0;0;0;0;0;0;0;0;0;0;0;0;0;0;0;-0,209745107668899;0;0;0;0;-0,201040463465391;0;0;0;0;0;0;0;0;0;0;0;0;0;0;0;0;0;0;0;0;-0,203966019953632;0;0;0;0,196048596154153;0;0;0;0;0;0;0;0;0;0;0;0;0;-0,198336414456758;0
"104";0;0;0;0;0;0;0;0;0;0;0;0;0;0;0;0;-0,1688526325567;0;0;0;0;0;0;0;0;0;0;0;0;0;0;0;0;0;0;0,175424291416091;0;0;0;0;0;0;0;0;0;0;0;0;0;0,160249106448744;0;0;0;0;0,172893275988509;0;0;0;0;-0,182761369869385;0;0;0;0;0;0;0;0;0;0;0;0;0;0;0;0;0;0;0;0;0;0;0;-0,167304361819751;0;0;0;0;0;0;0;0;0;0;0;0;0;0;0;0;0;0;0;0;0;0;0;0;0;0;0;0;0;0;0;-0,200180161527935;0;0;0;0;0;0;0;0;0;0;0;0;0;0;0;0,208628048743186;0,214487552622557;0;0;0;0;0;0;-0,201495647694353;0;0;0;0;0;0;0;0;0;0,198028915117204
"105";0;0;0;0;-0,178657885645348;0;0;0;0;0;0;0;0;0;0;0;0;0;0;0;0;0;0,173976047437452;0;0;0;0;0;0;0;0;0;0;0;0;0,180606179238107;0;0,193731122094641;0;0;0;0;0;0;0;0;0;0;0;0;0,186372723338709;0,187796687452598;0;0;0;0;0;0;0;0;0;0;0;0;0;0;0;0,185742311676886;0;0;0;0;0;0;0;0;0;0;0;0;0;0;0;0;0;0;0;0;0;0;0;0;0;0;0;0;0;0;0;0;0;0;0;0;0;0;0,193332738366936;0;-0,19241571201876;0;0;0;0;-0,200612511493524;-0,191904178108927;0;0;0;0;0;0;0;0;0,211622304434699;0;0;0;0;0;0;0;0;0;0;0;0;0;0;0;-0,195601625012119;0;0,197989080509836;0;0;0;0;0;0;0;0
"106";0;0;0;0;0;0,217910451055389;0;0;0;0;0;0;-0,21211208272828;0;-0,214037177759278;0;0;0,230243231296784;0;0;0;0;0;0;0;0;0;0;0,216472373582747;-0,207505344249755;0;0;0;0;0,220471781310275;0;0,233474174159529;0;0;0;0;0;0;0;0,199292692076166;0;0;0;0;0;0;0;0;0;0;0;0;0;0;0;0;0;0;-0,219722973475926;0;-0,235151416243265;-0,202729366576552;0;0;0;0;0;0;0;0;0;0;0;0;-0,219663071038594;0;0;0;0;0;0;0;0;0;0;0;0;0;-0,222722075528879;0;0;0;0;-0,237121993972656;0;0;0;0;0;0;-0,776648632716388;0;0;0;0;0;0;0,16995764320617;0;0;0;0,17936383723997;0;0;0;0;0;0;0;0;0;0;0;0;0;0;0;0;0;0;0;0,178957828183135;0;0;0;0;0;0;0,21526953596862;0;0;0;0;0;0
"107";0;0;0;0;0;0;0;0;0;0;0;0;0;0,193548492802968;0;0;0;0;0;0;0;0,189227940314255;0;0;0;0;0;0;0;0;0;0;0;0;0;0;0;0;0;0;0;0;0;0;0;0;0;0;0;0;0;0;0;0;0;0;0;0;0;-0,199537175128356;0;0;0;0;0;0;0;0;0;0;0;0;0;0;0,199269209214095;0;0,183705148004558;-0,190636879947276;0;0;0;0;0;0;-0,211377443172654;0;0,188514983052381;0;0;0;0,190764217005593;0;0;0;0;0;0;0;0;0,185001664981773;0;0;0;0;0;-0,209648376766016;0;0;0;0;0;0;0;0;0;0;0;-0,186310185447168;0;0;0;0;0;0;0,189108995323636;0;0;0;0;0;0;0;0;0;0;-0,188800735949545;0;0;-0,195435643995218;0;0;0;0;0;0;0;0;0;0;0
"108";0;0;0;0;0;-0,220595108802162;0;0;0;0,217688173820089;0;0;0;0;0;0;0;0;0;0;0,202504609090408;0;0;0;0;0;0;-0,205023685670569;0;0;0;0;0;0;-0,223187994657422;0;0;0,233330325939619;0;0;-0,218608080693052;0;0;0;0;0,211575450383827;0;-0,214344005156267;0;0;0;0;0;0;0;0;0;0,222703929309607;0,222906774856023;0;0;0;0,217105625869076;0;0;0;0;0;0;0,217748421228622;0;0;0;0;0;0;0;0;0;0;0;0;0;0;0,240067789370195;0;0;0,229936648071133;0;0;0;0;0;-0,22546601251102;0;0;0;0;0;0;0;0;0;0;0;0;0;0,55825114203617;0;0;0,190755188464876;-0,188853913897028;0,181957310450393;0;0;0;0;0;0;0;0;0;0;0;0;0;0;0;0;0,218174184380301;0;0;0;0;0;0;0;0;-0,2065918716981;0;0;0;0;0;0;0;0,207655998222218;0;0;0
"109";0;0,193298604934394;0;0;0;0;0;0;0;0;0;-0,194698395726756;0;0;0;0;0;0,214398356835762;0;0;0;0;0;0;0;0;0;0;0;0;0;0;0;0;0;0;0;0;0,198338410003189;0;0,201086526887887;0;0;0;0;0;0;0;0;0;-0,206476631756124;0;0;0,187344071244844;0;0;0;0;0;0;0,197893883703455;0;0;0;0;0;0;0;0;0;0;0;0,211202808632992;0;0;0;0;-0,199158541150606;0;0;0;0,181903899918219;0;0;0;0,204664117097162;0;0;0;0;0;0;0;0;0;0;0;0;-0,220803736948192;0;0,187867192418714;0;0;-0,17880788660497;0;0;0;0;0,997805984225124;0;0;0;0;0;0;0;0;0;0;0;0;0;0;0;0;-0,201712953621725;0;0;0,198007289872849;0;0;0;-0,196705500921023;0;0;0;0;0;0;0;0;0;0;0;0;0;0;0;0;0
"110";0;0;0;-0,195362084454736;0;0;0;0;0;0;0;0;0;0,191019672049032;0;0;0;0,202543233548747;0;0;0;0;0;0;-0,193085533294775;0;0;0;0;0;0;0;0;0;0;-0,189024216810365;0;0;0;0;0;0;-0,176213066603709;0;0;0;0,199750022690271;0;0;0;0;0;0;0;0;0;0;0;0;0;0;0;0;0;0;0;0;0;0;0;0;0;0;-0,185162699998469;0;-0,189928165974063;0;0;0;0;0;0;0;0,18027478239559;0;0;0;0;0;0;0;0;0;0;0;0;0;0;0;0;0;0;0;0;0;0;0;0;0;0;0;0;0;0;0;0;0;0;0;0;0;0;0;0;0;0,204652852828453;0;0;0;0;0;0;0;0;0;0;0;0;0;0;0;0;0;0;0;0;0;0;0;0
"111";0;0;0;0;0,18860165140873;0;0;0;0;0;0,189259169019517;0;0;0,192671089901334;0;0;0;0;0;0;0;0;0;0;0;0;0;0;0,192075426223117;0;0;0;0;0;0;0;0;0;0;0;0;0;0;0;0;0;0;0,187872341836316;0,183056772493625;0;0;0;0;0,178514993867084;0;0;0;0;0;0;0,188567618931939;0;0;0;0;0;0;0;0;0;-0,187322823490311;0;0;0;0;0;0;0;0;0;0;0;0;0;0,21041921725576;0;0;0;0;0;0;0;0;-0,197620772011141;0;0;0;0;0;0;0;0;0;0;0;0;0;0;0;0,18359004656027;0;0;0;0;0;0;0,178625413477576;0;0;0;0,220885059407497;0,161512875719615;0;0;0;0;0;0;0;0;0;0;0;0;0;0,185649032765977;0;0;0;0;0;-0,184800328849063;0;0;0,188104693544101;0;0;0;0;0
"112";0;0;0;0;-0,179879058804443;0;0;0;-0,169531479456166;0;0;0;0;0;0;0;0;0;0;0;0;0;0;0;0;0;0;0;-0,183192175839438;0;0;0;0;0;0;0;0;0;0;0;0,182748084719003;0;0;0;0;0;0;0;0;0;0;0;0;0;0;0;0;0;0;0;0;0;-0,181492089329501;0,185943032483911;0;0;0;0;0;0;0,178659375092132;0;0;0;0;0;0;-0,180995925057654;0,166769942874422;0;0;0;0;0;0;0;0;0;0;0;0;0;0;0;-0,187082893303452;0;0;0;0;0;0;0;0;0;0;0;0;0;0;0;0;0;0;0;0;0;0;0,181374085833242;0;0;0;0;0;0;0;0;0;0,172970389252842;0;0;0;0;0;0;0;0;0;0;0;0;0;0,182958406916569;0;0;0;0;0;0;0;0
"113";0;0;0;0;0;0;0;0;0;0;0;0;0;0;0;0;0;0;0;0;0;0,183618753663126;0;0;0;0;0;0;0;0;-0,197624343098673;-0,18008961314154;0,179485296774407;0;0;0;0;0;0;0;0;0;0;0;0;0;0;0;0;0;0,191783246075315;0;0;0;0;0;0,185888170837084;0;0;0;0;0;0;0,190042093826684;0;0;0,175344037516342;0;0;0;0;0;0;0,182052638074721;0;0;0;0;0;0;0;0;0;0;0;0;-0,182926930227205;0;0;0;0;0;0;0;0;0;0;-0,180614567885106;0;0;0,174498100277385;0;0,195255328794798;0;0;0;0;0;0;0;0,180506399511535;0;0;0;0;0;0,170386976501317;0;0;0;0;0;0;0;0;0;0;0;-0,18660711869202;0;0;0;0;0;0;0;0;0;0;0;0;0;0;0;0;0;0;0;0;0
"114";0;0;-0,185007844101924;0;0;0;0;0;0;0;0;0;0;0;-0,203327139591856;0;0;0;0;0;0;0;0;0;0;0;0;0;0;0;0;0;0;0;0;-0,204123363089728;0;0;0;0,192873131832682;0,205141972670046;0;0;0;0;0;0;0;0;0;0;0;0;0;0,201178278478358;0;0;0,2089855198175;0;0;0;0;0;0;0;0;0;0,209928284223105;0;0;0;0;0,215462276200048;0;0,212375183173463;0;0;0;0;0,20867152321767;0;0;0;0;0;0;0;-0,215772708057765;0;0;0;0;0;0;0;0;0;0;0;0;0;0;0;0;0;0,22343699055816;0;0;0,208060507847235;0,196555834919273;0;0;0;0;0;0;0;0;0;0;0;0;0;0;0;0,210305810280636;0;0;0;0;0;0;0;0;0;0,195909860536799;0;0;0,202794600171763;0;0,186045913862143;0;-0,201490708425969;0;0;0;0;0;0;0
"115";0;0;0;0;0,217244570389408;0;0;0;0;0;0,218001945151569;0;0;0;0;0,207233155279114;0;0;0;0;0;0;0;0;0;0;0;0;0;0,212081141639906;0;0;0;0;0;0;0;0;0;0;0;-0,235140323004819;0;0;0;0;-0,232075201434282;0;0;0;0;0;0;0;0;0;0;0;0;0,2287989461193;0;0;0;0,224568187521967;0;0;0;0;0;0;0;0;-0,231813046515342;0;0;0;0;0;0;0;0,204242462774863;0;0;0;0;0,22463627640061;0;0;0;-0,212627058347963;0;0;0;0;-0,225944826779982;0;0;0;0;0;0;0;0;0;0;0;0;0,243354579531807;0;0;0;0;0;0;-0,522422611014917;0;0;0;0;0;0;0;0;0;0;0,201176703152636;0;0;0;0;0;0;0,196182562680085;0;0;0;0;0;0;0;-0,177969897911334;0;0;0;0;0;0;0;0;0
"116";0;0;0;0;0;0;0;0;0;0;0;0;0;0;0,181519202048411;0;0;0,195263122320946;0;0;0;0;0;0;0;0;0;0;0;0;0;0;0;0;0;0;0;0;0;0;0;0;0;0;-0,169014798356344;0;0,192570309216451;0;0;0;0;0;-0,176637934236485;0,170623454579966;0;0;0;0,186570690332303;0;0;0;0;0;0,186341173223237;0;0;0;0;0;0;0;0;0;0;0;0;0;0;0;0;0;0;0;-0,173795077078297;0;0;0;0;0;0;0;0;0;0;0;0,178302505544686;0;0;0;0;0;0;0;0;0;0;0;0;0;0;0;0;0;0;0;0,593794568208978;0;0;0;0;0;0;0;0;-0,190079205946458;0;0;0;0;0;-0,188970410216831;0;0;0;0;0;0;0;0;0;0;0;0;0,219141358158982;0;0;0;0,199981462028258;0;0
"117";0;0;0;0;0;0;0;0;0;0;-0,219687827595478;0;0;0;0;0;0,213021322596778;0;0;0;-0,206032382764936;0;0;0,212041132040465;0;0;0;0;0;0;0;0;0;0;0;0;0,240467971446713;0;0;0;0,222416388245023;0;0;0;0;0;-0,233869917107542;0,218078029493192;0,212488223868388;0;0;0;0;0;0;0;0;0,226583589444561;0;0;0;0;0;0,226304848929004;0;0,242195455880284;0;0;0;0;0;0;0;0;0;0,222370359885346;0;-0,220283895178927;0;0;0;0;0,19963002158869;0,211068053197724;0;0;0;0;0;0;0;0;0;0;0,22769213420192;0;0;0;0,244225062927274;0,213772316185845;0;0;0;0;0;0;0,215928464291614;0;0;0;0;0;0;0;0;0;0,80466376664117;0;0,174499983339267;-0,177786578512148;0;0;0;0;0,187192537371899;0;0;0;0;0;0;0;0;0;0;0;0;0;0;0;0;0;0;0;0;0;0;0;0;0
"118";0;0,198899613428262;0;0;0;0;0,196078134304682;-0,207310755554041;0;0;0;0;0;0;0;0;0;0,220610750443651;0;0;0;0;0;0;0;0;0;0;0;0;0;-0,199505157072346;0;0;-0,211248099900983;0;0;0;0,204085451578916;0;0;0;0;0;0;0;0;0,20287723756795;0;0,188075517621272;0;0;0;0;0;0;0;0;0,210981924523624;0;0;0;0;0;0;0;0;0;0;0,206099527492913;0;0;0,217322608232598;0;0;0;0;0;-0,18882223700662;0;0;0;0;0;0;0;0;0;0;0;0;0;0;0;0;0;0,200960878627306;0;0,227201732456458;0;0;0;0;0;0;0;0;0;0;0;0;0;0;0;0;0;0;0;0;0;0;0;0;0;0;0;0;0;-0,201978318641575;0;0;0;0;0;0;0;0;0,192278301524071;0;0;0;0;0;0;0;0,195811933894713;0;0;0;0
"119";0,180079939002968;0;0;0,200823643115439;0,192212484793539;0;0;0;0;0;0;0;0;0;0;0;0;0;0;0;0;0;0;0;0;0;0;0;0;0;0;0;0;0;0;0;0;0;0,192609487096594;0;0;0;-0,181139293730761;-0,207260800212017;0;0;0;0;0;0;0;0;0;0;0;0;0;0,198936965403882;0;0;0;0;0,193936112920848;0;0;0;0;0;0;0;0;0;0;0;0,202163645139228;0;0,186373511983686;0;0;0;0;0;0;0;0;0;0;0;-0,176157854169489;0;0;0;0;0;0;-0,190120748943958;0;0;0;0;0;0;-0,204142761110412;0;0;0;0;0;0;0;0;0;0;0;0;0;0;0;0;0;0;0;0;0;0;0;0;0;0;0;0,180597833014166;0;0;0;0,173587500697216;0;0;0;0;0;0;0;0;0;0;0;0;0;0;0
"120";0;0;0;0;0;0,188813035839095;0;0;0;0;0,18481683043753;0;0;0;0;0;0;0;0;0;0;0;0;0;0,19018347742039;0;0;0;0;0,179797314956105;-0,197979405475688;0;0;0;0;0;-0,202298546947072;0;0;0;0;0;0;0;0;0;0;0;0,178760018115196;0;0;0,193595749396865;0;0;0;0;0;0;0;0;0;0;0,185826297512566;0;0;0;0;0,191477935588556;0,180685481539651;0;0;0;0;0;0;0;0;0;0;0;0;0;0;0;0;-0,190441257653846;0;0;0;0;0;0;0;0;0;0;0;0;0;0;0;0;0;0,166381871362974;0;0;0;0;0;0;0;0;0;0;0;0,172836797818297;0;0;0;0;0;0;0;0;0,185078904566803;0;0;0;0;0;0;0;0;0;-0,176856909845266;0;0;0;0;0,181714542255596;0;0;0;0;0;0;-0,19225593579452;0;0,17892076790507;0
"121";0;0;0;0;0;0;0,185363749954565;0;0;0;0;0;0;0;0;-0,18366310171159;0,187344145551194;0;0;0;0;0;0;0;0;0;-0,178690713147687;0;0;0;0;0;0;0;0;0;0;0;0;0;0;0;0;0;-0,180520619341275;0;0;0;0;0;0,200849968140782;0,202384544347991;0;0;0;0;0,194676198022608;0;0;0;0;0;0;0;0;0;0;0;0;0;0;0;0;0;0;0;0;0;0;0,198972241366173;0;0;0;0;0;0;0;0;0;0;0;0;0;0;0;0;0;0;0,214786647545623;0,188004615829675;0;0;0;0;0;0;0;0;0;0;0;0;0;0;0;0;0;0;0;0;0;0;0;0;0;0;0,233494027332472;0;0;0;0;0;0;0;0;0;0;0;0;0;0;0;0;-0,26687098910061;0;0;0,240455359944683;0;0,223777005741838;0
"122";0;0;0;0;0;0;0,180392439753587;0;0;0;0;0;0;0;0;0,178737401560907;0;-0,202962516190412;0;0;0;0;0;0;0;0;0;0;0,190823319237698;0;0;-0,183545310420896;0;0;0;0;0;0;0;0;0;0;0;-0,202041558059745;0;0;0;0;-0,181863456575631;0;0;0;-0,183602920823866;0;0;-0,176081692392705;0;0;0;0,197337771816281;0;0;0;0;0;0;0;0;0;0;0;0;0;0;0;0;0;0;0;0;0;0;0;0;0;0;0;0;0;0;0;0;0;0;0;0;0;0;0;0;0;0;0;0;0;0;0;0;0;0;0;0;0;0;-0,211909619164754;0;0;0;0;0;0;0;0;0;0;0;0;0;0;0;0;-0,172064875377851;0;0;0;0;0;0;0;0;0;0;0;0;0;0;0;0;0;0
"123";0;0;0;0;0;0;0;0;0;0;0,217577359777241;-0,213281846540618;0;0;0;0;0;0;0;0,235279490866297;0;0;0;0;0,223895295641756;0;0;0;0;0;0;0;0;0;0;0;0;0;0;0;0;-0,234682358549532;0;0;-0,203290682403018;0;0;0;0;0;-0,226184284282634;0;0;0;0;0;0;0;0;0;0;0;0;0;0;0,239868764770661;0;0;0,212713690254335;0;0;0,219980573539485;0;0;-0,228046668062461;-0,220234121872506;0,210234923265794;0;0;0;0;0;0;0;0;-0,224198769857092;0;0;0;0;-0,218313427574904;0;-0,212054004088865;0;0;0,214461919186065;0;0;0;0;0;0,206671738241575;0;0;0;0;0;0;0;0;0;0;0;0;0;0;0;0;0;0;0,217325395779647;0;0;0;0;0;0;0,169801552752967;0;0;0;0;0;0;0;0;0;0;0;0;0;0;0;0,208358134414429;0;0;0;0;0,174712731415097;0
"124";0;0;0;0;0;0;0;0;0;0,194097826606731;0;0;0;0;0;0;0;0;0;0;0;0;0,186830204866113;0;0;0;0;0;0;0;0,20623850681432;0;0;0;0;0;0;0;0;0;0;0;0;0;0;0;0;0;0;0;0;0,201671977877071;0;0;0,191151894960994;0;0;0;0;0;0;0;0;0;0;0;0;0;0;0;0;0;0;0;0;0;0;0;0;0;0;0;0;0;0;0;0;0;0;0;0,193178150439031;0;0;0;0,199541527020409;0;0;-0,188487299719646;0;0;-0,182104223998227;0;0;0;0;0;0;0;0,197691125713773;0;0;0;0;0;0;0;0;0;0;0;0;0;0;0;0;0;0;0;0;0;0;0;0;0;-0,197803210575107;0;0;0;0;0;0;0,205716804032914;0,212548697595365;0;0;0;0,215026042157751;0,217782688272148;0;0
"125";0;0;0;0;0;0,217282822702667;0;0;0;0;0,212684057655048;0;0;-0,216518277055367;0;0;0;0;0;0;0;0,211684973694355;0;0;0;0;0;0;0;0;0;0;0;0;0;0;0;0,229826817637023;0;0;0,215325630275866;0;0;0,228538344523304;0;0;0;0,211125580810214;0;0;0;0;0;0;0;0;-0,214301272439374;-0,219359978787039;0;0;0;0,218356357105441;0;0;0;0,234474130251235;0;0;0;0;0;0;0;-0,209879476540496;0;0,215281069325856;0;0;0;-0,219030394768308;0;0;0;0;0;0,21915655260867;0;0;0;0;0;0;0,207284921913725;0;0;0;0;0;0;0;0;0;0;0;0;0;0;0;-0,218389047373454;0;0;-0,198472671186755;0;0,222793444598606;0;0;0;0;0;0;0;0;0;-0,211689797934582;0;0;0;0;0;0;0;0;0;0;-0,186213683747935;0;0;0;0;0;0,184757388724457;0;0;0;0;0;0;0;0;0
"126";-0,190505672993225;0,198583035556197;0;0;0;0;0;0;0;0;-0,204049534705225;0;0;0;0;0;-0,197857579247413;0;0;0;0;0,203091011440441;0;0;0;0;0;0;0;0;0;0;0;0;0;0;0;0;0;0;0;0;0;0;0;0;0;0;0;0;0;0;0;0;0;0;0;0;0,210646115883484;0;0;0,20949155079389;0;0;0;0;0;0,21140381842209;-0,199488262778196;0;0;0;-0,216976707465472;0;0;0;0;-0,204603171720014;0;0;0;0;0;0;0;0;0;0;0;0;0;0,197012121284363;0;0;0;0;0;0;0;0;0;0;0;0;0;-0,225007474126427;0;0;0,209522913906156;0;-0,199648600793394;0;0;0;0;0;0;0;0;0;0;0;0;0;0;0;0;0;0;-0,227936916303558;0;0;0;0;0;0;0;0;0;0;0;0;0;0,240781264446468;0;0;0;0,219729355049831;0;0
"127";0;0;0;0,200366892482153;0;0;0;0;0;0;0;0;0;0;0,193110445422032;0;0;0;0;0;0;0;0;0;0,198032020376487;0;0;0;0;0;0,206149672889948;-0,187858511041168;0;0;0;0;0;0;0;0;0;0;0;0;0,179807549973714;0,188566267511178;0;0;0;0;0;0;0;0;0;0;0;0;0;0;0,19174071411113;0;0;-0,198240332458085;0,18587395809064;0;-0,182908215710797;0;0;0;0;0;0;0;0;0;0;0;0;0;0;0;0;0;0;0;0;-0,204930654346461;0;0;0;0;0;0;0;0,189688340831378;0;0;0;0;0;0;0;0;0,178365770034749;0;0;0;0;0;0;0;0;0;0;0;0;0;0;0;0;0,187065825386232;0;0;0;-0,203008159641822;0;0;0;0;0;0;0;0;0;0;0;0;0;0;0;0;0;0;0;0,200483620476571;0;0;0;0
"128";0;0;0;0,197449076235391;0;0;-0,181942877463455;0;0;0,191188915757105;0;0;0;0,193060275202005;0;0;0;0;0;0;0;0;0;0;0;0;0;0;0;0;0,203147645671921;0;0;0;0;0;0;0;0;0;0;0;0;-0,203778065703881;0;0;0;0;0;0;0;0;0;0;-0,188287134283868;0;0;0;0;0;0;0;0;-0,195353483959093;0;0;0;0;0;0;0;0;0;0;0;0;0;0;0;0;0;0;0;0;0;-0,195412714965089;0;0;0;0,184965809675;0;0;0;0;0;0;0;0;0;0;0;0;0;0;0;0;0;0;0;0;0;0;0;0;0;0;0;0;0;0;0;0;0;0,18875492269069;0;0;0;0;0;0;0;0;0;0,160478231289148;0;0;0;0;0;0;0;-0,181957080829695;0;0;0;0;0;0;0;0
"129";0,179285493207938;0;0,17533525562458;0;0;0;0;0;0;0;0;0;0;0;0;0;0;0;0;0;0;0;0;0;0;0;0;0;0;-0,186816198338351;0;0,187456096738786;-0,186827061085913;0,177157321604056;0;0;0;0;0;0;0;0;0;0;0;0;0;0;0;0;0;0,201153292670783;0;0;0,190660266619199;0;0;0;0;0;0;0;0;-0,197815679113139;0;0;0;0;0;0;0;0,194152717555578;0;0;0;0;0;0;0;0;0,179911330822837;0;0;0;0;-0,197875656654559;0;0;0;0;0;0;0;0;0;0;0;-0,188002524517027;0;0;0;0,182406468789093;0;0;-0,177983690263545;0;0;0;0;0;0;0;0;0;0;0;0;0;0;0;0;0;0;0;0;0;0;0;-0,288375636097044;0;0;0;0;0;0;0;0;0,205324005906674;0;0;0;0;0;0;0;0;0;0;0;0
"130";0;0;0;0;0;0;0;0;0;0;0;0;0;-0,193517172743722;0;0;0;0;0;0;0;0;0;0;0;0;0;0;0;0;0;0;0;0;0;0;0;0,205411924455831;0;0,180941372427989;0;0;0;0;0;0;0;0;0,183860635670343;0;-0,197609859237672;0;0;0;0;0;0;0;0;0;0;0;0;0;0;0,209565545157923;0;0;0;0;-0,188145420315937;0;0;0;0;0;0;0;0;0;-0,178092469126892;0;0;0;0;0;0;0;0;0;0;0;0;0;0;0;0;0;0;0;0;0;0;0,171129299243549;0;0;0,186837387885398;0;0;0;0;0;0;0;0;0;0;0;0;0;0;0;0;0,189201631160748;0;0;0;0;0;0;0;0;0;0;0;0;0;0;0;0;0;0;0,218382795421337;0;0;0;0;0;0;0
"131";0;0;0;0;0;0;0;0;0;0;0;0;0;0;0;0;0;0;0;0;0;0;0;0;0;0,17102130284201;0;0;0;0;0;0;0;0;0;0;0;0;0;0;0;0;0;0;0;-0,173905020114195;0;-0,176180641281561;0;0;0;0;-0,173306672211161;0;0;0;0;0;0;0;0;0,182214598889956;0;-0,182826915219734;0;0;0;0;0;0;0;0;0;-0,175140788846342;0;0;0;0;0;0;0;0;0;0;0;0;0;0;0,162091875393326;0;0;0;0;0;0;0;0;0;0;0;0;0;0,187842223398801;0;0;0;0;0;0;0;0;0;0;0;0;0;0;0;0;0;0;0;0;0;0;0;0;0;0;0;0;0;-0,202476611548904;0;0;0;0;0;0;0;0;0;0;0;0,19597655222063;0;0;0;-0,18728780911273;0,18693962997562
"132";0;0;0;0;0;0;0,171363385604542;0;-0,167754654327178;0;0;0;0;0;0;0;0;0;0;0;-0,167511937394429;0;0;0;0;0;0;0;0;0;0;0;0;0;0;0;0;0;0;0;0;0;0;0;0;0;0;0;0;0;0;0;0;0;0;0;0;-0,18422082752373;0;0,187460565045227;0;0;0;0;0;0;0;0;0;0;0;0;0,1899300911201;0;0;0;0;0;0;0;0;0;0;0;-0,198584223263015;-0,184049988070124;0;0,190203736939047;0;0;-0,179218573618048;0;0;0;0;0;0;0;0;0;0;0;0;0;0;0;0;0;0;0;0;0;0;0;0;0;0;0;0;0;0;0;0;0;0;0;0;0;0;0;0;0;0;0;0;0;0;0;0;0;0;0;0;0;0;0;0;0;0;0
"133";0;0;0;0;0;0;0;0;0;0;0;0;0;0;0;0;0;0;0;0;0;0;0;0;0;0;0;0;0;0;0;0;0;0;-0,200723943002968;0;0;0;0;0;0,19660500107263;0;0;0;0;0;0;0;0;-0,17870579426258;0;0;0;0;0;0;0;0;0;0;0;0;0;0;0;0;0,184570730911236;0;0;0;-0,192206264080051;0;0;0;0;0;0;0;0;0;-0,181936334640467;0;0;0;0;0;0;0;0;0;0;-0,187495612517518;0;0;0;0;0;0;0;0,188964072227968;0;0;0;0;0;0;0,190869999682292;0;0;0;0;0;0;-0,203423556026128;0,218860744846204;0;0,220553268677312;-0,205179944031142;0,193642434953599;0;0;0;0;0;0;0;0;0;0;0;0;0,179317953998337;0;0;0;0;0;0;0;0;0;0;0;0;0;0,207722688034894;0;0;0;0
"134";0;0;0;-0,185158861644085;0;0;0;0;0;0;0;0;0;0;0;0;0;0;0;0;0;0;0;-0,171647234797267;0;0;0;0;0;0;0;0;0,173017338687087;0;0;0;0;0;0;0;0;0;0;0;0;0;0;-0,176534101531773;0;0;0;0;0;0;0;0;0;0;0;0;0;0;0;0;0;0;0;-0,184246781495905;0;0;0;0;0;-0,175492162905362;0;-0,18000874173747;0;0;0;0;0;0;0,161600444491487;0;0;0;0;0;0;0;0;0;0;0;0;0;0;0;0;0;0;0;-0,188219079555072;0;0;0;0;0;0;0;0;0;0;0;0;0;0;0;0,177332956837345;0;0;0;0;0;0;0;0;0;0;0;0;0;0;0;0;0;0;0;0;0;0;0;0;0;0;0;0;0;0;0
"135";0;0;0;0;0;0;0;0;0;0,216663455722656;0;0;0;0;-0,215654172109453;0;0;0;0;0;0;0;0;0,207429428604106;0;0;0;0;0;-0,209072992322839;0;0;0;0;-0,222137387390881;0;0;0;0;-0,204566373436557;0;0;0;0;0;0;0;0;0;0,197770319052145;0;0;0;0;0;0;0;0;-0,221857491368421;0;0;-0,220641475999117;0;0;0;0;0;0;0;0;0;0,217283565279696;0;0;0;0;0;0;0;0;0;0,196823104639556;0;0;0;0;0;-0,228854273037124;0;0;0;0;0;-0,224404681987998;0;0;0;0;-0,23891338801256;0;0;0;0;0;0;0;0;0;0;0;0;0;0;0;-0,242209042604544;0;0;0;0;0;-0,214660940559585;0;0;-0,213905150687628;0;0;0;0;0;-0,211198033240777;0;0;0;0;0;0;0;0;0;0;0;0;0;0;0,188369258520218;0;0;0;0;0
"136";0;0,17040081866863;0;0;0;0;0;0;0;0;0;0;0,174117709941168;0;0;0;0;0;0;0;0;0;0;0;0;0;0;0;0;0;0;0;0;0;0;-0,176386002620946;0;0;0;0;0;0;0;0;0;0;0;0;0;0,161127624241211;0;0;0;0;0;-0,163969387830627;0,176422898546401;0;0;0;0;0;0;0;0;0;0;0;0;0;0;0;0;0;0;0;0;0;0;0;0;0;0;0;0,194667572148506;0;0;0;0;0;0;0;0;0;0;0;0,172166741042013;0;0;0;0;0;0;0;0;0;0;0;0;0;0;0,163392048653934;0;0;0;0;0;0;0;0;0;0;0;0;0;0;0;0;0;0;0;0;0;-0,160976160772817;0;0;0;-0,194848632390886;-0,201061797934409;0;0;0;0;0;0;0;0;0;0;0
"137";0;0;0;0;0;0;0;0;0;0,199408957832344;0;0;0;-0,201360775149575;0;0;0;0;0;0;0;0;0;0;0;0;0;0;0;0;0;0;0,192434167391388;-0,182474216968428;0;0;0;-0,213737642747439;0;0;0;0;0;0;0;0;0;0;0,191312841093969;0;0;0;0;0;0;0;0;0;0;0;0;0;0;0;0,191042346651882;0;0;0;0;-0,199464146282579;0;0;0;0;0;0;0;0;0;0;0;0;0;0;0;0;0;0;0;0;0;0;0;0;0;0,194962791652916;0;0;0;0;0;0;0,209341919926648;0;0;0;0;0;0;0;0;0;0;0;0,222920162526935;0;0,224644079201789;0;0,197234104737703;0;-0,197565917618758;0;0;0;0;0,208652979717263;0;0;0;-0,194378786973166;0;0;0;0;0;0;0,761822813889012;0,187052592674973;0;0;0;0;0;0;0;0;0;0;0;0
"138";0;0;0;-0,210392676121213;0;0;0;0;0;0;-0,202073241077246;0;0;0;0;0;0;0;0;0;0;0;0;0;0;0;0;0;-0,205080177141622;0;0,216464810246494;0;0;0;0;0;0,22118723143361;0;0;0;0;0,217959372539076;0;-0,217136556907119;0;0;0;0;0;0;0;0;0;-0,190601615649525;0;0;0,203609772947993;0;0;0;0;0;0;0;0;0;0;0;0;0,20377851851531;0;-0,204305206730452;0;-0,199408580632406;0;0;0;0;0;0;0;0;0;0;0;0;0;0;0;0;0;0;0;0;0;0;0;-0,197833412382203;0;0;0;0;0;0;0;0;0;0;0;0,19602028229412;0;0;0;0;0;0;0;0;0;0;0;0;0;-0,201128585016034;0;-0,213166104701105;0;0;0;0;0;0;0,202869291028132;0;0,224511603432198;0;0;0;0;0;0;0;0;0;0;0;0;0;0;0
"139";0;0;0;0;0;0;0;0;0;0;0;0;0,181303939312545;0;0;0;0;0;0;0;0;0;0;0;0;0;0;0;0;-0,177366304912862;0;0;0;-0,16819601191253;0;-0,183665849531193;0;0;0;0;0,18458237271148;0;0;-0,195908633048563;0;0;0;0;0;0;0;0;0;0;0;0;0;0;0;0;0;0;0;0;0;0;0;0;0;0;0;0;0;0;0;0;0,176165391293644;0;0;0;0;0;0;0;0;0;0;0;0;0;0;0,176030034041152;0,177689681739841;0;-0,188960690848155;0;0;0;0;0;0;0;0;0;0,168980579615615;0;0;0;0;0;0;0;0;0;0;0;0;0;0;0;0;0;0;0;0;0;0;0;0;0;0;0;0;0;0;0;0,186431123541903;0;0;0;0;0;0;0;0;0,205402787350636;0;0;0;0
"140";0;0;-0,162605223813954;0;0;0;0;0;0;0;0;0;0;0;0;0;0;0;0;0;0,167019654014336;0;0;0;0;0;0;-0,169097311904416;0;0;0;0;0;0;0;0;0;0;0;0;0;0,192090032754576;0;0;0;0;0;0;0;0;0,185134267632867;0;0;0;0;0;0;0;0;0;0;0;0;-0,183453479800853;0;0;-0,169264993859943;0;0;0;0;0;0;0;0;0;0;0;0;0;0;0;0;0;0;0;0;0;0,162647379094116;0;0;0;0;0;0;0;0;0;0;0;0;0;0;0;0;0;0;0;0;0;0;0;0;0;0,200711469525421;0;0;0;0;0;0;0;0;0;0;0;0;0;0;0,175013563312107;0;0;0;0;0;0;0;0;0;0,464876519748941;0;0;0;0;0;0;0;0;0;0
"141";0;0;0;0;0;0,184796064532009;0,173541770587297;0;0;-0,182360878423602;0;0;0;0;0;0;0;0;0;0;0;0;0;0;0;0;-0,16729432132635;0;0;0;0;0;0;0;0;0;0;0;0;0;0;0;0;0;0;0;0,192562017894546;0;0;0;0;0;0;0;0;0;0;0;0;0;0;-0,185709090837101;0;0;0;0;0;0;0;0;0;0;0;0;0;0;0;0;0;0;0;0;0;0;0;0;0;0;0;0;0;0;0;0;0,18747540240704;0;0;0;0,20108815840591;0;0;0;0;0;0;0;0;0,201920966173516;0;0;0;0;0;-0,189482772974153;0;0;0;0;0,180371960146849;0;0;0;0;0;0;0;0;0;0;0;0;0;0;0;0;0;0;0;0;0;0;0;0;0;0;0;0;0;0;0
"142";0;0;0;0;0;0;0;0;-0,178536646502498;0,191645435482934;0;0;0,189037023820493;0;0;0;-0,18432580862448;0;0,177149823659406;0;0;0;0;0;0,195614179087957;0;-0,175811793305448;0;0;0,184931439073511;0;0;0;0;0;0;0;0;0;0;0;0;0;0;0;0;0;0;0;0;0;0;0;0;0;0;0;0;0;0;-0,18939968555227;0;0;0;0;0;0;0;0;0;0;0;0;0;0;0;0;0;0;0;0;0;0;0;0;0;0;0;0;0;0;0;0;0;0;0;0;0;0;0;0;0;0;0;0;0;0;0;0;0;0;0;0;0;0;0;0;0;0;0;0;0,184781874157376;0;0;-0,209015135417598;0;0;-0,186370038196762;0;0;0;0;0;0;0,211202497587118;0;0;0;0;0;0;0;0;0;0;0;0;0;0;0
"143";-0,165246911507057;0;0;0;-0,17638011008381;0,180822098173642;0;0;0;0;0;0,173500702168807;0;0;0;0;0;0;0;0;0;0;0;0;0;0;0;0;0;0;-0,189600529085246;0;0,172197952427646;0;0;0;0;0;0;0;0;0;0;0;0;0;0;0;0;0;0;0;0;0;0;0;0;0;0;0;0;0;0;0;0;0;0;0;0;0;0;0,178949988438555;0;0;0;0;0;0;0;0;0;0;0;0;0;0;0;0;0;0;0;0;0,172501875822415;0;0;0;0;0;0;0;0;0;0;0;0;0;0;0;0;0;0;0;0;0;0;0;0;0;0;0,169112729121662;0;0;0;0;0;0;0;0;0;0;0;0;0;0;0;0;0;0;0;0;0;0;0;0,230688764539028;0;0;0;0;0;0
"144";0;0;0;0;0;0;0;0;0;0;0;0;0;0;0;0;0;0;0;0;0;0;0;0;0;0;0;0;0;0;0;0;0;0;0;0;0;0;0;0;0;0;0;0;0;0;0;0;0;0;0,181999716273528;0;0;0;0;0;0;0;0;0;0;0;0;0;0;0;0;0;0,17116057110939;0;0;0;0;0;0;0;0;0;0;0;0;0;0;0;0;-0,180402067421612;0;0;0;0;0;0;0;0;0;0,172567287630677;0;0;0;0;0;0;0;0;0;0;0,172078213686349;0;0;0;0;0;0;0,183395830675157;0;0;0;0;0;0;0;0;0;0;0;0;0;0;0;0;-0,16063788851657;0;0;0;0;0;0;0;0;0,161188409271182;0;0;0;0,0360900713130832;0;0;0;0;0;0
"145";0;0;0;0;0;0;0;0;0;0,188697905266242;0;0;0;0;0,187818893607374;0;0;0;0;0;0;0;0;0;0;0;0;0;0;0;0;0;0;0;0;0,188554387239629;0;0,202256939213813;0;0;0;0;0;0;0,174880519924805;0;0;0;0;0;0;-0,196061338973199;0;0;0;0;0;0;0;-0,196440628767085;0;0;0;0;0;0;0,177896222192554;0;0;0;0;0;0;0;0;0;0;0;0;0;0;0;0;0;0;0;0;0;0;0;0;0;0;0;0;0;0;0;0;0;0;0;0;0;0;0;0;0;0;-0,18156405249548;0;0;0;0;0;0;-0,212577547351115;0;0;0;-0,186953862112888;0;0,210535385627933;0;0;0;0;0;0;0;0;0;0;0;0;0;0;0;0;0;0;0;0;0;0;0;0,204770670840112;0;0;0
"146";0;0;0;0,20267011166947;0;0;0;0;-0,182821052148003;0;0;0;0;0;0;0;0;0,210119890334867;0;0;0;0;0;0;0;0;0;0;0;0;0;0;0;0;0;0;0;0;0;0,185287401672533;0;0;0;0;0;0;0;0;0,188276782673217;0;0;0;0;0;0;0;0,196136178222245;0,200766086941337;0;0;0;0,199847536534385;0;0;0;0;0;0;0;0,196298729902286;0;0;0;0;0;0;-0,188087119125971;0;0;0;0;0;0,176883676212491;0;0;0;0;0;0;0;0;0;0;0,203256086277554;0,201748321328566;0;0;0;0;0;0;0;0;0;0;0;0;0;0;0;0;0;0;0;0;0;0;0;0,194104078226548;0;0;0;0;0,193746063487674;0;0;0;0;0;0;0;0;0;0;0;0;0;-0,20335293111205;0;0;0;0;0;0,176182844238015;0;0,0870002710726112;0;0;0;-0,191783150368482
"147";0;0,169818949260284;0;0;0;0;0;0;0;0;0;0;0,173523148426396;0;0;0;0;0;0;0;0;0;0;0;0;-0,168142522017827;0;0;0;0;0;0;0;0;0;0;0;0;0;0;0;0,188211586216348;0;0;0;0;0;0;0,168775143213487;0;0,181396263379801;0;0;0;0;0;0;0;0;0;0;0;0;0;0;0;0;0;0;0;0;-0,176420984255235;0;0;0;0;0;0;0;0;0;0;0;0;0;0;0;0;0;0;0;0;0;0;0;0;0;0;0;0;0;0;0;0;0;0;0;0;0;0;0;0;0;0;0;0;0;0;0;0;0;0;0;0;0;0;0;0,171075036766126;0;0;0;0;-0,175181046881318;0;0;0;0;0,182289709777376;0;0;0;0;0;0;0;0;0;0;0;0
"148";0;0;0;-0,189240722563666;0;0;0;0;0;0;0;0;0;0;0;0;0;0;0;0;0;0;0;0;0;0;0;0;0;0,176821255941203;0;0;0;0;0;0;0,198950040800079;0;0;0;0;0;0;0;0;0;0;0;0;0;0;0;0;0,171439368196151;0;0;0;0;0;0;0;0;0;0;0;0,200379266889826;0;0;0;0;0,17989809041928;0;0;0;0;0;0;0;0;0;0;0;0;0;0;0;0;0;0;0;0;0;0;0;0;0;0;0;0;0;-0,171918078640215;0;0;0;0;0;0;0;0;0;0;0;0;0;-0,204845717458903;0,169975951368062;0;0;0,181242294256255;0;0;0;0;0;0;0;0;0;0;0;0;0;0;0,167104910386274;0;0;0;0;0;0;0;-0,178622262332223;0;0;0;0;0;-0,112084463704377;0;-0,197832350951929
"149";0;0;0;0;0;0;0;0;0;0;0;-0,189936150194726;0;0;0;0;0;0;0;0;0;0;0;0;0;0;0;0,183978069040928;0;0;0;0;0;0,178753148851359;0,200277817442844;0;0;-0,209379041619792;0;0;0;-0,208994175662426;0;0;0;-0,189857297174073;0;0;0;0;0;0,202965274825528;0;0;0,192377727945065;0,181453385695042;0;0;0,200025464765308;0;0;0,198929112156672;0;0;0;0;0;0;0,189430183937045;0;0;0;0;0;0;0;0;0,194287202230634;0;0;0;0;0;0;0;0;0;0;0;0;0;0;0;0;0;0;0;0;0;0;0;0;-0,20507295767682;0;0;0;0;0,216295057746791;0;0;0;0;0;0;0;0;0;0;0;0;0;0;0;0;0;0;0;0;0;0;0;0;0;0;0,215276897429815;0;0;0;0;0;0;0;0;0;0;0;0;0;0,989309502765536;0
"150";0;0;0;0;0;0;0;0;0;0;0;0;0;0;-0,197510936664646;0;0;0;0;0,212843261133636;0;0;0;0,18997815036296;0;0;0;0;0;0;0,21084729464851;0;0;0;0;0;0;0;0;0;0;0;0;0;0;0;0;0;0;0;0;0;0;0;0;0;0;0;0;-0,206577580357206;0;0;0;0;0;-0,216994902317675;0;0;0;0;0;0;0;0;0;0;0;0;0;0;0;0;0;0,189106320841384;0;0,202819196619438;0;0;0;0;0;0;0;0;0;0;0;0;0;0;0;0,186963541061433;0,208319770715355;0;0,182430267982049;0;0;-0,219719544434937;0;0;0;0;0;0;0;0;-0,223547214472268;0;0;0;0,196601266836234;0;0;0;0;0;0;0,192973006911613;0;0;0;0;0;0;0;0;0;0;0;0;0;0;0;0;0,190458751402781;0;0;0;0;-0,165890176547691
